224.970500	0.041351
224.970600	0.041351
224.970700	0.053253
224.970800	0.054779
224.970900	0.054169
224.971000	0.050354
224.971100	0.049591
224.971200	0.048218
224.971300	0.046692
224.971400	0.043793
224.971500	0.037079
224.971600	0.026398
224.971700	0.013885
224.971800	0.009918
224.971900	0.003662
224.972000	0.006256
224.972100	-0.000610
224.972200	-0.002136
224.972300	-0.008240
224.972400	-0.006409
224.972500	-0.001984
224.972600	0.000153
224.972700	0.003052
224.972800	0.008087
224.972900	0.003204
224.973000	0.003815
224.973100	0.001526
224.973200	0.002899
224.973300	0.001221
224.973400	-0.001984
224.973500	0.002441
224.973600	0.002136
224.973700	-0.000610
224.973800	-0.001373
224.973900	-0.000153
224.974000	-0.004883
224.974100	-0.009918
224.974200	-0.005341
224.974300	-0.009766
224.974400	-0.002441
224.974500	-0.003815
224.974600	-0.003815
224.974700	-0.004425
224.974800	-0.000610
224.974900	0.005341
224.975000	0.010681
224.975100	0.011444
224.975200	0.007019
224.975300	0.014038
224.975400	0.011139
224.975500	0.004883
224.975600	0.006866
224.975700	0.005798
224.975800	0.000610
224.975900	-0.001221
224.976000	-0.002136
224.976100	0.015259
224.976200	0.046692
224.976300	0.125732
224.976400	0.246429
224.976500	0.427094
224.976600	0.550690
224.976700	0.620880
224.976800	0.778656
224.976900	1.111145
224.977000	1.557312
224.977100	1.865845
224.977200	1.953278
224.977300	1.839600
224.977400	1.401062
224.977500	0.478516
224.977600	-0.635071
224.977700	-1.794891
224.977800	-2.418518
224.977900	-2.518005
224.978000	-2.344971
224.978100	-1.983643
224.978200	-1.403046
224.978300	-0.824280
224.978400	-0.388336
224.978500	-0.146027
224.978600	-0.048828
224.978700	-0.010071
224.978800	-0.001526
224.978900	0.004883
224.979000	0.010223
224.979100	0.017090
224.979200	0.022125
224.979300	0.030212
224.979400	0.033112
224.979500	0.028381
224.979600	0.035248
224.979700	0.030212
224.979800	0.021515
224.979900	0.014648
224.980000	0.004883
224.980100	0.005493
224.980200	-0.005035
224.980300	-0.008240
224.980400	-0.016937
224.980500	-0.014954
224.980600	-0.012970
224.980700	-0.017242
224.980800	-0.018311
224.980900	-0.012360
224.981000	-0.000610
224.981100	0.008698
224.981200	0.021362
224.981300	0.030212
224.981400	0.033569
224.981500	0.021210
224.981600	0.008240
224.981700	-0.017090
224.981800	-0.034180
224.981900	-0.051727
224.982000	-0.048065
224.982100	-0.038605
224.982200	-0.017395
224.982300	0.018005
224.982400	0.069427
224.982500	0.123749
224.982600	0.166473
224.982700	0.221558
224.982800	0.249786
224.982900	0.231018
224.983000	0.199432
224.983100	0.192413
224.983200	0.188293
224.983300	0.126038
224.983400	0.025330
224.983500	-0.084991
224.983600	-0.191345
224.983700	-0.256195
224.983800	-0.261383
224.983900	-0.243530
224.984000	-0.238495
224.984100	-0.245056
224.984200	-0.210571
224.984300	-0.117493
224.984400	0.020752
224.984500	0.155640
224.984600	0.264282
224.984700	0.318756
224.984800	0.295563
224.984900	0.222473
224.985000	0.126495
224.985100	0.005035
224.985200	-0.107117
224.985300	-0.181885
224.985400	-0.225983
224.985500	-0.221863
224.985600	-0.197754
224.985700	-0.160980
224.985800	-0.110626
224.985900	-0.078125
224.986000	-0.054169
224.986100	-0.042725
224.986200	-0.027924
224.986300	-0.020142
224.986400	-0.014954
224.986500	-0.017700
224.986600	-0.010223
224.986700	-0.017395
224.986800	-0.013275
224.986900	-0.014343
224.987000	-0.011139
224.987100	-0.011749
224.987200	-0.018158
224.987300	-0.018463
224.987400	-0.012054
224.987500	-0.010223
224.987600	-0.012054
224.987700	-0.014496
224.987800	-0.012360
224.987900	-0.015259
224.988000	-0.012817
224.988100	-0.013885
224.988200	-0.008545
224.988300	-0.010071
224.988400	-0.011902
224.988500	-0.014801
224.988600	-0.018158
224.988700	-0.025482
224.988800	-0.022736
224.988900	-0.030212
224.989000	-0.031128
224.989100	-0.031128
224.989200	-0.027924
224.989300	-0.027466
224.989400	-0.025177
224.989500	-0.024567
224.989600	-0.020752
224.989700	-0.020142
224.989800	-0.028687
224.989900	-0.033112
224.990000	-0.029144
224.990100	-0.033569
224.990200	-0.032959
224.990300	-0.029297
224.990400	-0.030060
224.990500	-0.030670
224.990600	-0.032959
224.990700	-0.030365
224.990800	-0.023804
224.990900	-0.021820
224.991000	-0.028229
224.991100	-0.024567
224.991200	-0.024109
224.991300	-0.018158
224.991400	-0.017242
224.991500	-0.009155
224.991600	-0.003204
224.991700	0.001373
224.991800	-0.003052
224.991900	-0.003662
224.992000	-0.005035
224.992100	-0.009155
224.992200	-0.009918
224.992300	-0.021362
224.992400	-0.027466
224.992500	-0.029602
224.992600	-0.030212
224.992700	-0.034943
224.992800	-0.036774
224.992900	-0.027771
224.993000	-0.024872
224.993100	-0.007324
224.993200	0.000763
224.993300	0.000305
224.993400	-0.002747
224.993500	-0.004883
224.993600	-0.020752
224.993700	-0.034180
224.993800	-0.046082
224.993900	-0.050659
224.994000	-0.052948
224.994100	-0.053711
224.994200	-0.048065
224.994300	-0.042572
224.994400	-0.035858
224.994500	-0.030975
224.994600	-0.026245
224.994700	-0.021057
224.994800	-0.020599
224.994900	-0.021210
224.995000	-0.009308
224.995100	-0.003052
224.995200	-0.000458
224.995300	-0.004120
224.995400	-0.008698
224.995500	-0.009003
224.995600	-0.023651
224.995700	-0.017548
224.995800	-0.018463
224.995900	-0.019379
224.996000	-0.021973
224.996100	-0.023651
224.996200	-0.019073
224.996300	-0.017090
224.996400	-0.011597
224.996500	-0.013428
224.996600	-0.020905
224.996700	-0.020599
224.996800	-0.024872
224.996900	-0.028229
224.997000	-0.029755
224.997100	-0.032196
224.997200	-0.027618
224.997300	-0.023346
224.997400	-0.016785
224.997500	-0.006714
224.997600	-0.008545
224.997700	-0.009613
224.997800	-0.008545
224.997900	-0.008240
224.998000	-0.014038
224.998100	-0.012207
224.998200	-0.024109
224.998300	-0.029907
224.998400	-0.036011
224.998500	-0.038605
224.998600	-0.039673
224.998700	-0.041199
224.998800	-0.047302
224.998900	-0.050507
224.999000	-0.045776
224.999100	-0.051117
224.999200	-0.049896
224.999300	-0.030823
224.999400	-0.026703
224.999500	-0.022888
224.999600	-0.014343
224.999700	-0.002289
224.999800	0.012360
224.999900	0.044861
225.000000	0.062103
225.000100	0.065155
225.000200	0.055695
225.000300	0.031128
225.000400	0.010071
225.000500	-0.022583
225.000600	-0.047760
225.000700	-0.076752
225.000800	-0.085449
225.000900	-0.094147
225.001000	-0.074921
225.001100	-0.061188
225.001200	-0.047455
225.001300	-0.042419
225.001400	-0.036621
225.001500	-0.031738
225.001600	-0.032959
225.001700	-0.031738
225.001800	-0.029602
225.001900	-0.028076
225.002000	-0.026550
225.002100	-0.029144
225.002200	-0.030060
225.002300	-0.028839
225.002400	-0.024719
225.002500	-0.013123
225.002600	-0.014191
225.002700	-0.019379
225.002800	-0.019073
225.002900	-0.016327
225.003000	-0.005341
225.003100	0.021973
225.003200	0.057526
225.003300	0.092621
225.003400	0.107574
225.003500	0.101929
225.003600	0.065002
225.003700	0.000763
225.003800	-0.075531
225.003900	-0.147705
225.004000	-0.195160
225.004100	-0.209656
225.004200	-0.191040
225.004300	-0.150909
225.004400	-0.106354
225.004500	-0.050812
225.004600	0.017548
225.004700	0.106659
225.004800	0.219421
225.004900	0.313416
225.005000	0.353851
225.005100	0.343628
225.005200	0.296326
225.005300	0.172119
225.005400	0.025024
225.005500	-0.136108
225.005600	-0.280914
225.005700	-0.385132
225.005800	-0.430298
225.005900	-0.413818
225.006000	-0.368500
225.006100	-0.290375
225.006200	-0.190277
225.006300	-0.110168
225.006400	-0.057831
225.006500	-0.034180
225.006600	-0.032806
225.006700	-0.023499
225.006800	-0.023804
225.006900	-0.022736
225.007000	-0.029297
225.007100	-0.026398
225.007200	-0.034332
225.007300	-0.027618
225.007400	-0.025024
225.007500	-0.023193
225.007600	-0.029755
225.007700	-0.024261
225.007800	-0.022888
225.007900	-0.021820
225.008000	-0.020752
225.008100	-0.021210
225.008200	-0.023804
225.008300	-0.021820
225.008400	-0.018616
225.008500	-0.018921
225.008600	-0.015717
225.008700	-0.010071
225.008800	-0.010834
225.008900	-0.010223
225.009000	-0.012970
225.009100	-0.012360
225.009200	-0.017853
225.009300	-0.021210
225.009400	-0.022736
225.009500	-0.026550
225.009600	-0.025482
225.009700	-0.026398
225.009800	-0.025482
225.009900	-0.025635
225.010000	-0.023193
225.010100	-0.024719
225.010200	-0.025787
225.010300	-0.026855
225.010400	-0.028534
225.010500	-0.028992
225.010600	-0.025177
225.010700	-0.019531
225.010800	-0.017853
225.010900	-0.014343
225.011000	-0.015564
225.011100	-0.008698
225.011200	-0.012207
225.011300	-0.020294
225.011400	-0.024109
225.011500	-0.031433
225.011600	-0.039215
225.011700	-0.041199
225.011800	-0.045013
225.011900	-0.041962
225.012000	-0.040588
225.012100	-0.035706
225.012200	-0.028839
225.012300	-0.026550
225.012400	-0.021973
225.012500	-0.025330
225.012600	-0.020752
225.012700	-0.012665
225.012800	0.008240
225.012900	0.062256
225.013000	0.195465
225.013100	0.450439
225.013200	0.806274
225.013300	1.118622
225.013400	1.243439
225.013500	1.179657
225.013600	0.970917
225.013700	0.654602
225.013800	0.283966
225.013900	-0.089874
225.014000	-0.427704
225.014100	-0.733643
225.014200	-0.963287
225.014300	-1.092224
225.014400	-1.109772
225.014500	-0.980835
225.014600	-0.729523
225.014700	-0.467224
225.014800	-0.262299
225.014900	-0.131836
225.015000	-0.071869
225.015100	-0.041656
225.015200	-0.031433
225.015300	-0.023804
225.015400	-0.020905
225.015500	-0.015869
225.015600	-0.008545
225.015700	-0.011902
225.015800	-0.009003
225.015900	-0.014954
225.016000	-0.020752
225.016100	-0.029297
225.016200	-0.031891
225.016300	-0.035858
225.016400	-0.030975
225.016500	-0.037384
225.016600	-0.031433
225.016700	-0.029602
225.016800	-0.023346
225.016900	-0.020599
225.017000	-0.020142
225.017100	-0.017090
225.017200	-0.026245
225.017300	-0.029449
225.017400	-0.020447
225.017500	0.010529
225.017600	0.098572
225.017700	0.259857
225.017800	0.507202
225.017900	0.732269
225.018000	0.861664
225.018100	0.881042
225.018200	0.744934
225.018300	0.419617
225.018400	0.004730
225.018500	-0.404510
225.018600	-0.746155
225.018700	-0.936890
225.018800	-0.981903
225.018900	-0.906372
225.019000	-0.705414
225.019100	-0.456390
225.019200	-0.259247
225.019300	-0.120544
225.019400	-0.053558
225.019500	-0.024414
225.019600	-0.016937
225.019700	-0.017242
225.019800	-0.019073
225.019900	-0.016479
225.020000	-0.016327
225.020100	-0.010223
225.020200	-0.011597
225.020300	-0.005951
225.020400	-0.009308
225.020500	-0.016174
225.020600	-0.021362
225.020700	-0.031128
225.020800	-0.024872
225.020900	-0.022888
225.021000	-0.023499
225.021100	-0.025482
225.021200	-0.025177
225.021300	-0.025482
225.021400	-0.017090
225.021500	-0.018158
225.021600	-0.007019
225.021700	-0.003510
225.021800	0.007782
225.021900	0.012665
225.022000	0.021515
225.022100	0.021515
225.022200	0.011902
225.022300	-0.003052
225.022400	-0.019379
225.022500	-0.034943
225.022600	-0.045319
225.022700	-0.052185
225.022800	-0.061035
225.022900	-0.058746
225.023000	-0.054626
225.023100	-0.045319
225.023200	-0.039978
225.023300	-0.034027
225.023400	-0.030212
225.023500	-0.029297
225.023600	-0.023956
225.023700	-0.024109
225.023800	-0.021973
225.023900	-0.024719
225.024000	-0.023956
