227.581700	0.074005
227.581800	0.075836
227.581900	0.073395
227.582000	0.070801
227.582100	0.067139
227.582200	0.068512
227.582300	0.066986
227.582400	0.073700
227.582500	0.107880
227.582600	0.180206
227.582700	0.281525
227.582800	0.416260
227.582900	0.549774
227.583000	0.629578
227.583100	0.643616
227.583200	0.582581
227.583300	0.471191
227.583400	0.330811
227.583500	0.178070
227.583600	0.016174
227.583700	-0.150146
227.583800	-0.292358
227.583900	-0.412292
227.584000	-0.495911
227.584100	-0.530090
227.584200	-0.524139
227.584300	-0.462036
227.584400	-0.349121
227.584500	-0.226593
227.584600	-0.099182
227.584700	-0.018768
227.584800	0.033264
227.584900	0.066681
227.585000	0.096741
227.585100	0.112457
227.585200	0.118103
227.585300	0.111847
227.585400	0.108795
227.585500	0.106659
227.585600	0.095367
227.585700	0.080109
227.585800	0.068512
227.585900	0.062408
227.586000	0.099792
227.586100	0.207367
227.586200	0.378418
227.586300	0.627136
227.586400	0.780945
227.586500	0.780945
227.586600	0.707092
227.586700	0.587921
227.586800	0.403595
227.586900	0.139923
227.587000	-0.157776
227.587100	-0.419922
227.587200	-0.595245
227.587300	-0.714111
227.587400	-0.807495
227.587500	-0.825653
227.587600	-0.632782
227.587700	-0.357666
227.587800	-0.124054
227.587900	0.033569
227.588000	0.115509
227.588100	0.180206
227.588200	0.279388
227.588300	0.466614
227.588400	0.803528
227.588500	1.231995
227.588600	1.439667
227.588700	1.503143
227.588800	1.591797
227.588900	1.552582
227.589000	1.089325
227.589100	0.336456
227.589200	-0.495148
227.589300	-1.157227
227.589400	-1.598663
227.589500	-1.627655
227.589600	-1.578369
227.589700	-1.545105
227.589800	-1.308289
227.589900	-0.853119
227.590000	-0.421753
227.590100	-0.134125
227.590200	0.016785
227.590300	0.078583
227.590400	0.099487
227.590500	0.106201
227.590600	0.108643
227.590700	0.101013
227.590800	0.105286
227.590900	0.102844
227.591000	0.102844
227.591100	0.111694
227.591200	0.105438
227.591300	0.108795
227.591400	0.096893
227.591500	0.092163
227.591600	0.076904
227.591700	0.068512
227.591800	0.059357
227.591900	0.049591
227.592000	0.056915
227.592100	0.063629
227.592200	0.062866
227.592300	0.070343
227.592400	0.072327
227.592500	0.085297
227.592600	0.090332
227.592700	0.095367
227.592800	0.103760
227.592900	0.101318
227.593000	0.106964
227.593100	0.105743
227.593200	0.097351
227.593300	0.092163
227.593400	0.092773
227.593500	0.084534
227.593600	0.079346
227.593700	0.076447
227.593800	0.069580
227.593900	0.068359
227.594000	0.068207
227.594100	0.064087
227.594200	0.064392
227.594300	0.065918
227.594400	0.060425
227.594500	0.059357
227.594600	0.062561
227.594700	0.071259
227.594800	0.078125
227.594900	0.084839
227.595000	0.098267
227.595100	0.112762
227.595200	0.115814
227.595300	0.113678
227.595400	0.102386
227.595500	0.089874
227.595600	0.079498
227.595700	0.069885
227.595800	0.052185
227.595900	0.039062
227.596000	0.039062
227.596100	0.031586
227.596200	0.035858
227.596300	0.034943
227.596400	0.048828
227.596500	0.052490
227.596600	0.058899
227.596700	0.059662
227.596800	0.049286
227.596900	0.050659
227.597000	0.052032
227.597100	0.058136
227.597200	0.054321
227.597300	0.055389
227.597400	0.057983
227.597500	0.062561
227.597600	0.055389
227.597700	0.055542
227.597800	0.049438
227.597900	0.051270
227.598000	0.052338
227.598100	0.057068
227.598200	0.059814
227.598300	0.061493
227.598400	0.063934
227.598500	0.069275
227.598600	0.081024
227.598700	0.089417
227.598800	0.093994
227.598900	0.093384
227.599000	0.093536
227.599100	0.101013
227.599200	0.097961
227.599300	0.084534
227.599400	0.070190
227.599500	0.048676
227.599600	0.039215
227.599700	0.036011
227.599800	0.035248
227.599900	0.031281
227.600000	0.022888
227.600100	0.018005
227.600200	0.030060
227.600300	0.040131
227.600400	0.045166
227.600500	0.040588
227.600600	0.046234
227.600700	0.048981
227.600800	0.049896
227.600900	0.051880
227.601000	0.052948
227.601100	0.059052
227.601200	0.053711
227.601300	0.045166
227.601400	0.054321
227.601500	0.072784
227.601600	0.110168
227.601700	0.169525
227.601800	0.263214
227.601900	0.376587
227.602000	0.459137
227.602100	0.484772
227.602200	0.438538
227.602300	0.346222
227.602400	0.226440
227.602500	0.085907
227.602600	-0.048065
227.602700	-0.173492
227.602800	-0.280304
227.602900	-0.358887
227.603000	-0.407715
227.603100	-0.399475
227.603200	-0.316162
227.603300	-0.199890
227.603400	-0.089874
227.603500	-0.007782
227.603600	0.039215
227.603700	0.049286
227.603800	0.050964
227.603900	0.050354
227.604000	0.043640
227.604100	0.039978
227.604200	0.030365
227.604300	0.027771
227.604400	0.030670
227.604500	0.036926
227.604600	0.035858
227.604700	0.037994
227.604800	0.048370
227.604900	0.085602
227.605000	0.120392
227.605100	0.143127
227.605200	0.146332
227.605300	0.140228
227.605400	0.116425
227.605500	0.091095
227.605600	0.059967
227.605700	0.031433
227.605800	0.006256
227.605900	-0.020599
227.606000	-0.034637
227.606100	-0.038910
227.606200	-0.040741
227.606300	-0.008392
227.606400	0.021973
227.606500	0.055695
227.606600	0.079956
227.606700	0.107422
227.606800	0.122223
227.606900	0.135498
227.607000	0.131531
227.607100	0.115509
227.607200	0.087891
227.607300	0.053406
227.607400	0.023499
227.607500	-0.005798
227.607600	-0.024872
227.607700	-0.025024
227.607800	-0.018768
227.607900	-0.002441
227.608000	0.017242
227.608100	0.038605
227.608200	0.050049
227.608300	0.055389
227.608400	0.059662
227.608500	0.063171
227.608600	0.066071
227.608700	0.068207
227.608800	0.061493
227.608900	0.064697
227.609000	0.064087
227.609100	0.065918
227.609200	0.061340
227.609300	0.051727
227.609400	0.060120
227.609500	0.057678
227.609600	0.060425
227.609700	0.059662
227.609800	0.066833
227.609900	0.065613
227.610000	0.056610
227.610100	0.063477
227.610200	0.068359
227.610300	0.070343
227.610400	0.062103
227.610500	0.061340
227.610600	0.050812
227.610700	0.047607
227.610800	0.044861
227.610900	0.039062
227.611000	0.035095
227.611100	0.033569
227.611200	0.035400
227.611300	0.040436
227.611400	0.050659
227.611500	0.056915
227.611600	0.057373
227.611700	0.059662
227.611800	0.058594
227.611900	0.057068
227.612000	0.056458
227.612100	0.059967
227.612200	0.053101
227.612300	0.052643
227.612400	0.056152
227.612500	0.071869
227.612600	0.102081
227.612700	0.150299
227.612800	0.222015
227.612900	0.258026
227.613000	0.272064
227.613100	0.262909
227.613200	0.195770
227.613300	0.105286
227.613400	0.003967
227.613500	-0.099640
227.613600	-0.157166
227.613700	-0.174866
227.613800	-0.169678
227.613900	-0.130005
227.614000	-0.064392
227.614100	-0.010986
227.614200	0.033722
227.614300	0.062866
227.614400	0.087891
227.614500	0.110168
227.614600	0.124359
227.614700	0.128632
227.614800	0.118561
227.614900	0.105133
227.615000	0.084686
227.615100	0.061951
227.615200	0.037384
227.615300	0.007629
227.615400	-0.015717
227.615500	-0.019684
227.615600	-0.026550
227.615700	-0.012970
227.615800	-0.001526
227.615900	0.018158
227.616000	0.028534
227.616100	0.041656
227.616200	0.056305
227.616300	0.054474
227.616400	0.050354
227.616500	0.076904
227.616600	0.155640
227.616700	0.327301
227.616800	0.612640
227.616900	1.047211
227.617000	1.488495
227.617100	1.657715
227.617200	1.652222
227.617300	1.607056
227.617400	1.446075
227.617500	0.984955
227.617600	0.363007
227.617700	-0.269012
227.617800	-0.860291
227.617900	-1.373901
227.618000	-1.591797
227.618100	-1.569824
227.618200	-1.467743
227.618300	-1.286926
227.618400	-0.901031
227.618500	-0.286865
227.618600	0.225677
227.618700	0.568237
227.618800	0.768738
227.618900	0.847931
227.619000	0.769196
227.619100	0.502167
227.619200	0.102844
227.619300	-0.295105
227.619400	-0.559692
227.619500	-0.683594
227.619600	-0.718842
227.619700	-0.720520
227.619800	-0.647125
227.619900	-0.461578
227.620000	-0.238953
227.620100	-0.076141
227.620200	0.005493
227.620300	0.038910
227.620400	0.046387
227.620500	0.042419
227.620600	0.048370
227.620700	0.051727
227.620800	0.049896
227.620900	0.049438
227.621000	0.046997
227.621100	0.053406
227.621200	0.052643
227.621300	0.052490
227.621400	0.065308
227.621500	0.056610
227.621600	0.054932
227.621700	0.059509
227.621800	0.057526
227.621900	0.061340
227.622000	0.057373
227.622100	0.067291
227.622200	0.061798
227.622300	0.059967
227.622400	0.060730
227.622500	0.053406
227.622600	0.061035
227.622700	0.057220
227.622800	0.061188
227.622900	0.059967
227.623000	0.052032
227.623100	0.046234
227.623200	0.046234
227.623300	0.045471
227.623400	0.045319
227.623500	0.045471
227.623600	0.049744
227.623700	0.049133
227.623800	0.051575
227.623900	0.048523
227.624000	0.054321
227.624100	0.057068
227.624200	0.066528
227.624300	0.066681
227.624400	0.058746
227.624500	0.062256
227.624600	0.065308
227.624700	0.061951
227.624800	0.058899
227.624900	0.053711
227.625000	0.045319
227.625100	0.051270
227.625200	0.050201
227.625300	0.039215
227.625400	0.042114
227.625500	0.040741
227.625600	0.043335
227.625700	0.048676
227.625800	0.057068
227.625900	0.072174
227.626000	0.077515
227.626100	0.086670
227.626200	0.093231
227.626300	0.110168
227.626400	0.158234
227.626500	0.247345
227.626600	0.394897
227.626700	0.567474
227.626800	0.699005
227.626900	0.758972
227.627000	0.758057
227.627100	0.674744
227.627200	0.468292
227.627300	0.145416
227.627400	-0.213776
227.627500	-0.536499
227.627600	-0.729523
227.627700	-0.798645
227.627800	-0.777740
227.627900	-0.684814
227.628000	-0.542297
227.628100	-0.377197
227.628200	-0.219269
227.628300	-0.089722
227.628400	-0.013123
227.628500	0.022430
227.628600	0.042267
227.628700	0.046539
227.628800	0.054016
227.628900	0.063019
227.629000	0.054626
227.629100	0.053406
227.629200	0.057831
227.629300	0.059357
227.629400	0.059204
227.629500	0.076294
227.629600	0.104980
227.629700	0.147095
227.629800	0.188293
227.629900	0.211945
227.630000	0.229645
227.630100	0.221558
227.630200	0.185242
227.630300	0.129089
227.630400	0.051422
227.630500	-0.016174
227.630600	-0.078278
227.630700	-0.111084
227.630800	-0.125885
227.630900	-0.115662
227.631000	-0.077972
227.631100	-0.024261
227.631200	0.009918
227.631300	0.035400
227.631400	0.039978
227.631500	0.030670
227.631600	0.025330
227.631700	0.024261
227.631800	0.033569
227.631900	0.031128
227.632000	0.024567
227.632100	0.020752
227.632200	0.029297
227.632300	0.040131
227.632400	0.045624
227.632500	0.055542
227.632600	0.063019
227.632700	0.064697
227.632800	0.069122
227.632900	0.077515
227.633000	0.077667
227.633100	0.076904
227.633200	0.079041
227.633300	0.062103
227.633400	0.067902
227.633500	0.055084
227.633600	0.054474
227.633700	0.054321
227.633800	0.051727
227.633900	0.045929
227.634000	0.058899
227.634100	0.072021
227.634200	0.097809
227.634300	0.141907
227.634400	0.181732
227.634500	0.198975
227.634600	0.210876
227.634700	0.193024
227.634800	0.126801
227.634900	0.050659
227.635000	-0.019684
227.635100	-0.071411
227.635200	-0.102997
