244.016900	0.066223
244.017000	0.030212
244.017100	-0.008240
244.017200	-0.052795
244.017300	-0.087738
244.017400	-0.109558
244.017500	-0.131226
244.017600	-0.136261
244.017700	-0.115662
244.017800	-0.085144
244.017900	-0.057526
244.018000	-0.034027
244.018100	-0.023651
244.018200	-0.016632
244.018300	-0.006866
244.018400	-0.000610
244.018500	-0.008392
244.018600	-0.002594
244.018700	-0.008850
244.018800	-0.010834
244.018900	0.000763
244.019000	0.001373
244.019100	-0.003967
244.019200	0.000000
244.019300	-0.003052
244.019400	-0.006714
244.019500	-0.012970
244.019600	-0.010681
244.019700	0.003357
244.019800	0.029449
244.019900	0.078888
244.020000	0.130615
244.020100	0.153503
244.020200	0.165558
244.020300	0.138702
244.020400	0.067444
244.020500	-0.039368
244.020600	-0.142975
244.020700	-0.196381
244.020800	-0.208740
244.020900	-0.204315
244.021000	-0.173645
244.021100	-0.114136
244.021200	-0.065613
244.021300	-0.024872
244.021400	-0.008392
244.021500	-0.010223
244.021600	-0.009766
244.021700	-0.007935
244.021800	-0.006714
244.021900	0.000153
244.022000	0.000458
244.022100	-0.003662
244.022200	-0.004272
244.022300	-0.004578
244.022400	-0.007172
244.022500	-0.012512
244.022600	-0.013733
244.022700	-0.018005
244.022800	-0.021210
244.022900	-0.024567
244.023000	-0.025177
244.023100	-0.026245
244.023200	-0.021057
244.023300	-0.021973
244.023400	-0.015564
244.023500	-0.017548
244.023600	-0.022278
244.023700	-0.019684
244.023800	-0.021515
244.023900	-0.026398
244.024000	-0.002441
244.024100	0.066833
244.024200	0.231323
244.024300	0.515747
244.024400	0.864410
244.024500	1.049957
244.024600	1.083984
244.024700	1.035156
244.024800	0.792847
244.024900	0.333099
244.025000	-0.172882
244.025100	-0.630951
244.025200	-1.021881
244.025300	-1.164703
244.025400	-1.145325
244.025500	-1.047516
244.025600	-0.805664
244.025700	-0.479736
244.025800	-0.232697
244.025900	-0.070190
244.026000	-0.001068
244.026100	0.015869
244.026200	0.000000
244.026300	-0.014954
244.026400	-0.040436
244.026500	-0.056458
244.026600	-0.054932
244.026700	-0.057373
244.026800	-0.053558
244.026900	-0.050659
244.027000	-0.030365
244.027100	-0.014038
244.027200	-0.007477
244.027300	-0.008545
244.027400	-0.006866
244.027500	-0.007172
244.027600	-0.010986
244.027700	-0.012970
244.027800	-0.012360
244.027900	-0.011597
244.028000	-0.011749
244.028100	-0.008392
244.028200	0.009155
244.028300	0.062256
244.028400	0.188599
244.028500	0.418091
244.028600	0.691376
244.028700	0.870209
244.028800	0.924530
244.028900	0.841675
244.029000	0.593872
244.029100	0.216980
244.029200	-0.186768
244.029300	-0.549011
244.029400	-0.812836
244.029500	-0.917206
244.029600	-0.885315
244.029700	-0.737915
244.029800	-0.517273
244.029900	-0.290527
244.030000	-0.120239
244.030100	-0.024719
244.030200	-0.006714
244.030300	-0.007782
244.030400	-0.023804
244.030500	-0.039520
244.030600	-0.041504
244.030700	-0.040741
244.030800	-0.027161
244.030900	-0.010681
244.031000	0.021820
244.031100	0.144958
244.031200	0.460358
244.031300	1.054230
244.031400	1.988983
244.031500	2.793121
244.031600	3.049622
244.031700	3.058319
244.031800	2.726440
244.031900	1.646423
244.032000	0.152130
244.032100	-1.113892
244.032200	-2.734680
244.032300	-3.332062
244.032400	-3.362122
244.032500	-3.219147
244.032600	-2.713470
244.032700	-1.788788
244.032800	-1.126709
244.032900	-0.401459
244.033000	-0.117035
244.033100	-0.010529
244.033200	0.057373
244.033300	0.141907
244.033400	0.283203
244.033500	0.473785
244.033600	0.606232
244.033700	0.636292
244.033800	0.563965
244.033900	0.381165
244.034000	0.098724
244.034100	-0.189209
244.034200	-0.411835
244.034300	-0.537262
244.034400	-0.589447
244.034500	-0.548401
244.034600	-0.412292
244.034700	-0.232239
244.034800	-0.086060
244.034900	-0.005798
244.035000	0.025330
244.035100	0.031891
244.035200	0.038910
244.035300	0.038605
244.035400	0.042877
244.035500	0.038300
244.035600	0.031586
244.035700	0.026245
244.035800	0.025024
244.035900	0.029144
244.036000	0.052185
244.036100	0.149841
244.036200	0.377502
244.036300	0.792999
244.036400	1.332245
244.036500	1.715393
244.036600	1.744385
244.036700	1.502991
244.036800	1.057434
244.036900	0.471954
244.037000	-0.174561
244.037100	-0.744019
244.037200	-1.174774
244.037300	-1.707611
244.037400	-1.938782
244.037500	-1.903076
244.037600	-1.473694
244.037700	-0.917664
244.037800	-0.412903
244.037900	-0.127716
244.038000	0.005646
244.038100	0.061188
244.038200	0.092163
244.038300	0.118866
244.038400	0.123291
244.038500	0.132141
244.038600	0.128174
244.038700	0.114441
244.038800	0.071564
244.038900	0.019531
244.039000	-0.017853
244.039100	-0.032349
244.039200	-0.034790
244.039300	-0.031738
244.039400	-0.024261
244.039500	-0.001526
244.039600	0.009613
244.039700	0.025177
244.039800	0.023956
244.039900	0.026093
244.040000	0.029144
244.040100	0.027618
244.040200	0.031586
244.040300	0.027161
244.040400	0.028534
244.040500	0.035095
244.040600	0.033875
244.040700	0.034180
244.040800	0.037079
244.040900	0.035553
244.041000	0.030365
244.041100	0.036316
244.041200	0.035706
244.041300	0.044098
244.041400	0.054626
244.041500	0.062561
244.041600	0.076904
244.041700	0.077057
244.041800	0.073547
244.041900	0.075684
244.042000	0.070648
244.042100	0.066833
244.042200	0.074158
244.042300	0.073547
244.042400	0.069427
244.042500	0.077972
244.042600	0.125580
244.042700	0.227814
244.042800	0.408478
244.042900	0.637207
244.043000	0.713959
244.043100	0.637512
244.043200	0.529175
244.043300	0.366058
244.043400	0.158234
244.043500	-0.093842
244.043600	-0.322723
244.043700	-0.489044
244.043800	-0.602264
244.043900	-0.696564
244.044000	-0.776062
244.044100	-0.689392
244.044200	-0.479431
244.044300	-0.278168
244.044400	-0.118713
244.044500	-0.021210
244.044600	0.007019
244.044700	0.009613
244.044800	0.002594
244.044900	-0.010529
244.045000	-0.027618
244.045100	-0.034943
244.045200	-0.035706
244.045300	-0.036469
244.045400	-0.023956
244.045500	-0.011902
244.045600	0.000916
244.045700	0.034027
244.045800	0.101776
244.045900	0.231476
244.046000	0.397186
244.046100	0.531311
244.046200	0.560303
244.046300	0.489044
244.046400	0.348663
244.046500	0.154724
244.046600	-0.061493
244.046700	-0.258179
244.046800	-0.398407
244.046900	-0.478516
244.047000	-0.508423
244.047100	-0.455627
244.047200	-0.334930
244.047300	-0.186157
244.047400	-0.080261
244.047500	-0.017853
244.047600	0.007172
244.047700	0.012817
244.047800	0.014954
244.047900	0.014801
244.048000	0.010986
244.048100	0.016022
244.048200	0.014191
244.048300	0.011749
244.048400	0.016479
244.048500	0.028992
244.048600	0.047913
244.048700	0.057373
244.048800	0.058136
244.048900	0.057678
244.049000	0.038910
244.049100	0.018158
244.049200	0.002289
244.049300	-0.011749
244.049400	-0.022430
244.049500	-0.022888
244.049600	-0.031738
244.049700	-0.029755
244.049800	-0.024719
244.049900	-0.017090
244.050000	-0.018158
244.050100	-0.023041
244.050200	-0.021362
244.050300	-0.013733
244.050400	-0.010834
244.050500	-0.009003
244.050600	-0.002594
244.050700	-0.002136
244.050800	0.003662
244.050900	0.002594
244.051000	0.003815
244.051100	0.003662
244.051200	0.003967
244.051300	0.006866
244.051400	0.006561
244.051500	0.001068
244.051600	0.000610
244.051700	-0.002441
244.051800	0.001373
244.051900	-0.002899
244.052000	-0.001526
244.052100	0.003967
244.052200	0.004272
244.052300	0.006561
244.052400	-0.000763
244.052500	0.002441
244.052600	0.004272
244.052700	0.003052
244.052800	-0.001068
244.052900	0.004730
244.053000	0.006409
244.053100	0.009460
244.053200	0.011444
244.053300	0.003815
244.053400	0.006409
244.053500	-0.000763
244.053600	-0.005493
244.053700	-0.005951
244.053800	-0.011444
244.053900	-0.014648
244.054000	-0.012512
244.054100	-0.010376
244.054200	-0.010071
244.054300	-0.009155
244.054400	-0.008392
244.054500	0.000305
244.054600	-0.007172
244.054700	-0.004425
244.054800	0.000916
244.054900	0.008240
244.055000	0.001984
244.055100	0.001221
244.055200	0.004120
244.055300	0.017242
244.055400	0.078125
244.055500	0.224762
244.055600	0.499878
244.055700	0.887909
244.055800	1.129456
244.055900	1.168671
244.056000	1.142731
244.056100	0.970764
244.056200	0.510101
244.056300	-0.036621
244.056400	-0.552979
244.056500	-1.009521
244.056600	-1.177521
244.056700	-1.211090
244.056800	-1.187286
244.056900	-0.971069
244.057000	-0.626984
244.057100	-0.352936
244.057200	-0.151367
244.057300	-0.048065
244.057400	-0.010834
244.057500	0.002289
244.057600	0.004120
244.057700	0.009918
244.057800	0.004883
244.057900	-0.000610
244.058000	0.003052
244.058100	0.003204
244.058200	0.004425
244.058300	0.011292
244.058400	0.018921
244.058500	0.024872
244.058600	0.044861
244.058700	0.045471
244.058800	0.050049
244.058900	0.060577
244.059000	0.064545
244.059100	0.048828
244.059200	0.038910
244.059300	0.032196
244.059400	0.028534
244.059500	0.022888
244.059600	0.014954
244.059700	0.017548
244.059800	0.009155
244.059900	-0.002136
244.060000	-0.013428
244.060100	-0.032043
244.060200	-0.050812
244.060300	-0.067596
244.060400	-0.072937
244.060500	-0.075684
244.060600	-0.068817
244.060700	-0.070190
244.060800	-0.067139
244.060900	-0.057373
244.061000	-0.035400
244.061100	-0.025482
244.061200	-0.000916
244.061300	0.024872
244.061400	0.067291
244.061500	0.109253
244.061600	0.130920
244.061700	0.127106
244.061800	0.122375
244.061900	0.111847
244.062000	0.072632
244.062100	0.029755
244.062200	-0.021667
244.062300	-0.069580
244.062400	-0.127258
244.062500	-0.172272
244.062600	-0.178223
244.062700	-0.175171
244.062800	-0.167542
244.062900	-0.152435
244.063000	-0.118561
244.063100	-0.072174
244.063200	-0.040588
244.063300	-0.018768
244.063400	-0.016937
244.063500	-0.009308
244.063600	-0.006104
244.063700	-0.013580
244.063800	-0.018616
244.063900	-0.009613
244.064000	-0.006409
244.064100	-0.008087
244.064200	-0.009460
244.064300	-0.005188
244.064400	-0.010681
244.064500	-0.001831
244.064600	-0.002747
244.064700	-0.007782
244.064800	-0.010071
244.064900	-0.007324
244.065000	-0.005341
244.065100	-0.003052
244.065200	-0.000153
244.065300	-0.002899
244.065400	0.001373
244.065500	0.001221
244.065600	0.001678
244.065700	0.001678
244.065800	-0.001221
244.065900	-0.002441
244.066000	0.003357
244.066100	-0.006256
244.066200	-0.016632
244.066300	-0.026093
244.066400	-0.028839
244.066500	-0.032654
244.066600	-0.025787
244.066700	-0.025330
244.066800	-0.026398
244.066900	-0.019226
244.067000	-0.011597
244.067100	-0.011902
244.067200	-0.007477
244.067300	-0.008698
244.067400	-0.008698
244.067500	-0.004120
244.067600	0.003815
244.067700	0.020447
244.067800	0.039062
244.067900	0.050201
244.068000	0.042877
244.068100	0.025024
244.068200	0.005341
244.068300	-0.030060
244.068400	-0.060730
244.068500	-0.074921
244.068600	-0.084686
244.068700	-0.085449
244.068800	-0.068665
244.068900	-0.045471
244.069000	-0.031281
244.069100	-0.022125
244.069200	-0.019073
244.069300	-0.013428
244.069400	-0.010529
244.069500	-0.012512
244.069600	-0.011139
244.069700	-0.006256
244.069800	0.001068
244.069900	0.002289
244.070000	0.002289
244.070100	0.003815
244.070200	-0.005951
244.070300	-0.005493
244.070400	-0.009613
