279.959300	-0.032501
279.959400	-0.033417
279.959500	-0.032043
279.959600	-0.019989
279.959700	-0.014648
279.959800	-0.001831
279.959900	0.003815
279.960000	0.005493
279.960100	0.008087
279.960200	0.001068
279.960300	0.002899
279.960400	0.002899
279.960500	-0.004272
279.960600	-0.004425
279.960700	-0.013580
279.960800	-0.007172
279.960900	-0.012512
279.961000	-0.011902
279.961100	-0.001984
279.961200	0.012207
279.961300	0.032349
279.961400	0.039825
279.961500	0.035248
279.961600	0.021210
279.961700	0.003052
279.961800	-0.017548
279.961900	-0.041351
279.962000	-0.044556
279.962100	-0.032806
279.962200	-0.009766
279.962300	0.015564
279.962400	0.032349
279.962500	0.044708
279.962600	0.024109
279.962700	-0.001526
279.962800	-0.036621
279.962900	-0.054474
279.963000	-0.064545
279.963100	-0.067139
279.963200	-0.057373
279.963300	-0.047607
279.963400	-0.038452
279.963500	-0.028076
279.963600	-0.018158
279.963700	-0.011292
279.963800	-0.013275
279.963900	-0.018005
279.964000	-0.015259
279.964100	-0.011444
279.964200	-0.013885
279.964300	-0.007935
279.964400	-0.009155
279.964500	-0.009308
279.964600	-0.003815
279.964700	-0.007477
279.964800	-0.014038
279.964900	-0.011139
279.965000	-0.019379
279.965100	-0.020599
279.965200	-0.024414
279.965300	-0.020752
279.965400	-0.015869
279.965500	-0.018158
279.965600	-0.016479
279.965700	-0.023956
279.965800	-0.025177
279.965900	-0.030975
279.966000	-0.027008
279.966100	-0.021973
279.966200	-0.002441
279.966300	0.043945
279.966400	0.141296
279.966500	0.242767
279.966600	0.351410
279.966700	0.477142
279.966800	0.650482
279.966900	0.860596
279.967000	0.904541
279.967100	0.950012
279.967200	1.113281
279.967300	1.081543
279.967400	0.769196
279.967500	0.333099
279.967600	-0.187836
279.967700	-0.789490
279.967800	-1.359100
279.967900	-1.783905
279.968000	-1.835480
279.968100	-1.570282
279.968200	-1.203613
279.968300	-0.613403
279.968400	-0.282135
279.968500	-0.132446
279.968600	-0.102081
279.968700	-0.114441
279.968800	-0.122375
279.968900	-0.125275
279.969000	-0.122223
279.969100	-0.097961
279.969200	-0.052948
279.969300	-0.025635
279.969400	-0.006104
279.969500	0.003815
279.969600	0.005798
279.969700	0.013885
279.969800	0.019379
279.969900	0.018463
279.970000	0.024719
279.970100	0.022430
279.970200	0.024414
279.970300	0.020447
279.970400	0.020447
279.970500	0.010529
279.970600	0.001526
279.970700	-0.008698
279.970800	-0.006714
279.970900	-0.006561
279.971000	-0.010376
279.971100	-0.008087
279.971200	-0.011902
279.971300	-0.011749
279.971400	-0.017853
279.971500	-0.020752
279.971600	-0.010071
279.971700	0.006256
279.971800	0.024414
279.971900	0.035553
279.972000	0.056152
279.972100	0.066223
279.972200	0.060272
279.972300	0.029602
279.972400	-0.006409
279.972500	-0.040588
279.972600	-0.061951
279.972700	-0.076752
279.972800	-0.079498
279.972900	-0.069733
279.973000	-0.039978
279.973100	-0.018311
279.973200	-0.013123
279.973300	-0.011292
279.973400	-0.025024
279.973500	-0.035400
279.973600	-0.035706
279.973700	-0.023193
279.973800	-0.023499
279.973900	-0.018005
279.974000	-0.017242
279.974100	-0.017700
279.974200	-0.022888
279.974300	-0.028992
279.974400	-0.025482
279.974500	-0.026550
279.974600	-0.012207
279.974700	0.009155
279.974800	0.017395
279.974900	0.019073
279.975000	0.017853
279.975100	0.016022
279.975200	0.023499
279.975300	0.037842
279.975400	0.052338
279.975500	0.058136
279.975600	0.050354
279.975700	0.024414
279.975800	-0.024261
279.975900	-0.066376
279.976000	-0.095673
279.976100	-0.099792
279.976200	-0.088806
279.976300	-0.066376
279.976400	-0.035095
279.976500	-0.019073
279.976600	-0.017395
279.976700	-0.016327
279.976800	-0.019226
279.976900	-0.013275
279.977000	-0.003204
279.977100	-0.002441
279.977200	0.003204
279.977300	0.009308
279.977400	0.008698
279.977500	-0.002747
279.977600	-0.000916
279.977700	-0.003815
279.977800	0.008392
279.977900	0.016174
279.978000	0.023041
279.978100	0.015564
279.978200	0.007935
279.978300	-0.006256
279.978400	-0.018311
279.978500	-0.035858
279.978600	-0.048676
279.978700	-0.058594
279.978800	-0.054474
279.978900	-0.048065
279.979000	-0.036621
279.979100	-0.026855
279.979200	-0.017700
279.979300	-0.016785
279.979400	-0.016937
279.979500	-0.016479
279.979600	-0.010223
279.979700	-0.012817
279.979800	-0.012817
279.979900	-0.017242
279.980000	-0.018921
279.980100	-0.023193
279.980200	-0.017853
279.980300	-0.022430
279.980400	-0.016174
279.980500	-0.016479
279.980600	-0.012054
279.980700	-0.007019
279.980800	0.013123
279.980900	0.085297
279.981000	0.219269
279.981100	0.450134
279.981200	0.696106
279.981300	0.716400
279.981400	0.624542
279.981500	0.500793
279.981600	0.308075
279.981700	0.051117
279.981800	-0.220490
279.981900	-0.432587
279.982000	-0.580292
279.982100	-0.693359
279.982200	-0.791626
279.982300	-0.750885
279.982400	-0.504150
279.982500	-0.291901
279.982600	-0.137939
279.982700	-0.055695
279.982800	-0.031433
279.982900	-0.024414
279.983000	-0.022278
279.983100	-0.027008
279.983200	-0.019684
279.983300	-0.023499
279.983400	-0.014038
279.983500	-0.015869
279.983600	-0.016327
279.983700	-0.013885
279.983800	-0.017242
279.983900	-0.015717
279.984000	-0.011597
279.984100	-0.007172
279.984200	0.000458
279.984300	0.005341
279.984400	0.004730
279.984500	0.008240
279.984600	0.017853
279.984700	0.071716
279.984800	0.197449
279.984900	0.421753
279.985000	0.640869
279.985100	0.738831
279.985200	0.684967
279.985300	0.450592
279.985400	0.066071
279.985500	-0.306091
279.985600	-0.563812
279.985700	-0.687256
279.985800	-0.683289
279.985900	-0.575867
279.986000	-0.403442
279.986100	-0.218964
279.986200	-0.045166
279.986300	0.149231
279.986400	0.444031
279.986500	0.800629
279.986600	0.966797
279.986700	1.038513
279.986800	1.096954
279.986900	0.887451
279.987000	0.308685
279.987100	-0.212097
279.987200	-0.310516
279.987300	0.279999
279.987400	1.006622
279.987500	1.294708
279.987600	1.720734
279.987700	2.208405
279.987800	1.819153
279.987900	0.574341
279.988000	-0.846558
279.988100	-2.015686
279.988200	-2.297363
279.988300	-2.333221
279.988400	-2.348022
279.988500	-1.875458
279.988600	-1.198578
279.988700	-0.513306
279.988800	-0.376434
279.988900	-0.476074
279.989000	-0.682068
279.989100	-0.841522
279.989200	-0.879364
279.989300	-0.785675
279.989400	-0.564270
279.989500	-0.289917
279.989600	0.007477
279.989700	0.356750
279.989800	0.822296
279.989900	1.354523
279.990000	1.838379
279.990100	2.073975
279.990200	1.933289
279.990300	1.426544
279.990400	0.696716
279.990500	-0.080109
279.990600	-0.804138
279.990700	-1.466522
279.990800	-1.846008
279.990900	-1.966400
279.991000	-1.846771
279.991100	-1.479645
279.991200	-1.091614
279.991300	-0.486603
279.991400	-0.192871
279.991500	-0.043030
279.991600	0.013275
279.991700	0.036011
279.991800	0.042877
279.991900	0.054474
279.992000	0.047302
279.992100	0.049133
279.992200	0.046844
279.992300	0.033417
279.992400	0.020294
279.992500	0.002747
279.992600	-0.012054
279.992700	-0.005798
279.992800	-0.004730
279.992900	-0.005493
279.993000	-0.001831
279.993100	0.002289
279.993200	0.006256
279.993300	0.000916
279.993400	0.003510
279.993500	0.003510
279.993600	0.009766
279.993700	0.025787
279.993800	0.041351
279.993900	0.068970
279.994000	0.085602
279.994100	0.089111
279.994200	0.070953
279.994300	0.037842
279.994400	-0.004272
279.994500	-0.029907
279.994600	-0.049438
279.994700	-0.057373
279.994800	-0.056458
279.994900	-0.040283
279.995000	-0.011749
279.995100	0.034485
279.995200	0.119324
279.995300	0.223389
279.995400	0.307770
279.995500	0.323181
279.995600	0.267944
279.995700	0.181122
279.995800	0.079041
279.995900	-0.029297
279.996000	-0.128937
279.996100	-0.218353
279.996200	-0.273590
279.996300	-0.302429
279.996400	-0.287476
279.996500	-0.217285
279.996600	-0.119934
279.996700	-0.039062
279.996800	0.004578
279.996900	0.023193
279.997000	0.027618
279.997100	0.027618
279.997200	0.013428
279.997300	0.006104
279.997400	0.003052
279.997500	-0.000305
279.997600	-0.002136
279.997700	0.001221
279.997800	0.001984
279.997900	-0.000305
279.998000	0.005188
279.998100	0.003815
279.998200	0.003815
279.998300	0.007324
279.998400	0.003357
279.998500	0.003510
279.998600	0.005341
279.998700	0.009308
279.998800	0.005798
279.998900	0.003662
279.999000	0.013275
279.999100	0.018616
279.999200	0.033722
279.999300	0.044556
279.999400	0.045776
279.999500	0.043488
279.999600	0.026245
279.999700	0.001831
279.999800	-0.014648
279.999900	-0.023346
280.000000	-0.033569
280.000100	-0.031128
280.000200	-0.002747
280.000300	0.092316
280.000400	0.330200
280.000500	0.717468
280.000600	1.320496
280.000700	1.771545
280.000800	1.708069
280.000900	1.439819
280.001000	1.095581
280.001100	0.638733
280.001200	0.086823
280.001300	-0.467987
280.001400	-0.956116
280.001500	-1.367950
280.001600	-1.702728
280.001700	-1.981964
280.001800	-1.950226
280.001900	-1.392365
280.002000	-0.822601
280.002100	-0.380707
280.002200	-0.133972
280.002300	-0.023956
280.002400	0.000610
280.002500	0.014038
280.002600	0.015411
280.002700	0.014954
280.002800	0.017090
280.002900	0.012207
280.003000	0.016174
280.003100	0.013123
280.003200	0.010529
280.003300	0.008850
280.003400	0.004883
280.003500	0.009766
280.003600	0.012817
280.003700	0.010071
280.003800	0.006561
280.003900	0.009155
280.004000	0.007324
280.004100	0.003815
280.004200	0.006256
280.004300	0.005493
280.004400	0.000305
280.004500	0.002441
280.004600	0.004272
280.004700	-0.000916
280.004800	-0.003662
280.004900	-0.009155
280.005000	-0.011139
280.005100	-0.008392
280.005200	-0.009613
280.005300	-0.003510
280.005400	0.039520
280.005500	0.132751
280.005600	0.292969
280.005700	0.540619
280.005800	0.709076
280.005900	0.682678
280.006000	0.565948
280.006100	0.418091
280.006200	0.246735
280.006300	0.108643
280.006400	0.061340
280.006500	0.180511
280.006600	0.393829
280.006700	0.503540
280.006800	0.441895
280.006900	0.313873
280.007000	0.131226
280.007100	-0.169678
280.007200	-0.540314
280.007300	-0.939178
280.007400	-1.180115
280.007500	-1.241150
280.007600	-1.193237
280.007700	-0.856781
280.007800	-0.505066
280.007900	-0.248260
280.008000	-0.088959
280.008100	-0.021667
280.008200	0.004120
280.008300	0.013580
280.008400	0.024567
280.008500	0.025330
280.008600	0.024567
280.008700	0.022430
280.008800	0.011749
280.008900	0.003357
280.009000	0.001373
280.009100	-0.008392
280.009200	-0.003967
280.009300	0.007782
280.009400	0.029602
280.009500	0.089874
280.009600	0.198059
280.009700	0.328369
280.009800	0.404663
280.009900	0.391846
280.010000	0.317688
280.010100	0.214386
280.010200	0.086975
280.010300	-0.051880
280.010400	-0.179749
280.010500	-0.279999
280.010600	-0.361023
280.010700	-0.402985
280.010800	-0.385437
280.010900	-0.303497
280.011000	-0.185699
280.011100	-0.065613
280.011200	0.040283
280.011300	0.149689
280.011400	0.249634
280.011500	0.331116
280.011600	0.358734
280.011700	0.304718
280.011800	0.172882
280.011900	0.000763
280.012000	-0.174713
280.012100	-0.290070
280.012200	-0.333099
280.012300	-0.304260
280.012400	-0.231781
280.012500	-0.146942
280.012600	-0.078430
280.012700	-0.007324
280.012800	0.095215
