307.146500	-0.025177
307.146600	-0.022736
307.146700	-0.020294
307.146800	-0.021973
307.146900	-0.022278
307.147000	-0.019226
307.147100	-0.023193
307.147200	-0.021820
307.147300	-0.020447
307.147400	-0.025482
307.147500	-0.021362
307.147600	-0.023193
307.147700	-0.024872
307.147800	-0.022125
307.147900	-0.022278
307.148000	-0.023041
307.148100	-0.026550
307.148200	-0.024719
307.148300	-0.027466
307.148400	-0.026855
307.148500	-0.030518
307.148600	-0.021667
307.148700	-0.020905
307.148800	-0.023193
307.148900	-0.024872
307.149000	-0.025024
307.149100	-0.026550
307.149200	-0.025635
307.149300	-0.029755
307.149400	-0.023956
307.149500	-0.030212
307.149600	-0.028839
307.149700	-0.023804
307.149800	-0.027161
307.149900	-0.026703
307.150000	-0.025330
307.150100	-0.021973
307.150200	-0.021210
307.150300	-0.025330
307.150400	-0.024872
307.150500	-0.031433
307.150600	-0.021667
307.150700	-0.026550
307.150800	-0.025177
307.150900	-0.021973
307.151000	-0.020599
307.151100	-0.023651
307.151200	-0.025330
307.151300	-0.027618
307.151400	-0.023193
307.151500	-0.024567
307.151600	-0.026093
307.151700	-0.024872
307.151800	-0.022736
307.151900	-0.019684
307.152000	-0.019226
307.152100	-0.027466
307.152200	-0.024719
307.152300	-0.023804
307.152400	-0.028076
307.152500	-0.028839
307.152600	-0.024414
307.152700	-0.026550
307.152800	-0.026245
307.152900	-0.026398
307.153000	-0.023499
307.153100	-0.024109
307.153200	-0.020142
307.153300	-0.024872
307.153400	-0.024719
307.153500	-0.024414
307.153600	-0.018768
307.153700	-0.023499
307.153800	-0.020142
307.153900	-0.020142
307.154000	-0.020905
307.154100	-0.020905
307.154200	-0.022736
307.154300	-0.025330
307.154400	-0.020447
307.154500	-0.024872
307.154600	-0.022430
307.154700	-0.025024
307.154800	-0.023193
307.154900	-0.027618
307.155000	-0.027618
307.155100	-0.024261
307.155200	-0.020294
307.155300	-0.018921
307.155400	-0.027466
307.155500	-0.021210
307.155600	-0.026703
307.155700	-0.021973
307.155800	-0.027466
307.155900	-0.024414
307.156000	-0.023651
307.156100	-0.021973
307.156200	-0.023651
307.156300	-0.025635
307.156400	-0.014954
307.156500	-0.019531
307.156600	-0.021820
307.156700	-0.020142
307.156800	-0.014496
307.156900	-0.021820
307.157000	-0.015411
307.157100	-0.016174
307.157200	-0.016174
307.157300	-0.015411
307.157400	-0.019836
307.157500	-0.017090
307.157600	-0.015869
307.157700	-0.013885
307.157800	-0.014648
307.157900	-0.017395
307.158000	-0.019531
307.158100	-0.018158
307.158200	-0.014496
307.158300	-0.017700
307.158400	-0.019989
307.158500	-0.019379
307.158600	-0.013580
307.158700	-0.017090
307.158800	-0.021057
307.158900	-0.017242
307.159000	-0.017090
307.159100	-0.021973
307.159200	-0.020447
307.159300	-0.015259
307.159400	-0.011292
307.159500	-0.014496
307.159600	-0.015259
307.159700	-0.013733
307.159800	-0.011597
307.159900	-0.009003
307.160000	-0.011444
307.160100	-0.012665
307.160200	-0.009766
307.160300	-0.018921
307.160400	-0.010223
307.160500	-0.016022
307.160600	-0.014954
307.160700	-0.013580
307.160800	-0.013428
307.160900	-0.012665
307.161000	-0.014343
307.161100	-0.013885
307.161200	-0.015564
307.161300	-0.019379
307.161400	-0.020752
307.161500	-0.016785
307.161600	-0.011292
307.161700	-0.015869
307.161800	-0.012360
307.161900	-0.012817
307.162000	-0.013733
307.162100	-0.013428
307.162200	-0.014191
307.162300	-0.009003
307.162400	-0.012054
307.162500	-0.016479
307.162600	-0.014954
307.162700	-0.014648
307.162800	-0.013123
307.162900	-0.014191
307.163000	-0.012817
307.163100	-0.017242
307.163200	-0.017700
307.163300	-0.016632
307.163400	-0.016327
307.163500	-0.019531
307.163600	-0.017090
307.163700	-0.018005
307.163800	-0.019531
307.163900	-0.017548
307.164000	-0.020905
307.164100	-0.017090
307.164200	-0.018463
307.164300	-0.018768
307.164400	-0.015717
307.164500	-0.019989
307.164600	-0.013733
307.164700	-0.017700
307.164800	-0.019531
307.164900	-0.019073
307.165000	-0.019684
307.165100	-0.018158
307.165200	-0.012970
307.165300	-0.018921
307.165400	-0.018005
307.165500	-0.017700
307.165600	-0.019531
307.165700	-0.018005
307.165800	-0.019226
307.165900	-0.021973
307.166000	-0.018158
307.166100	-0.019073
307.166200	-0.021515
307.166300	-0.024872
307.166400	-0.024719
307.166500	-0.016785
307.166600	-0.018158
307.166700	-0.025330
307.166800	-0.025635
307.166900	-0.024109
307.167000	-0.023193
307.167100	-0.023956
307.167200	-0.023804
307.167300	-0.022888
307.167400	-0.021362
307.167500	-0.022583
307.167600	-0.021057
307.167700	-0.023041
307.167800	-0.025330
307.167900	-0.024872
307.168000	-0.026398
307.168100	-0.028076
307.168200	-0.025482
307.168300	-0.027008
307.168400	-0.024719
307.168500	-0.019989
307.168600	-0.021362
307.168700	-0.025330
307.168800	-0.018921
307.168900	-0.018311
307.169000	-0.022430
307.169100	-0.020294
307.169200	-0.020599
307.169300	-0.025177
307.169400	-0.018921
307.169500	-0.020447
307.169600	-0.021210
307.169700	-0.016327
307.169800	-0.017395
307.169900	-0.025024
307.170000	-0.018768
307.170100	-0.021667
307.170200	-0.025177
307.170300	-0.018005
307.170400	-0.024414
307.170500	-0.028687
307.170600	-0.022583
307.170700	-0.021057
307.170800	-0.024567
307.170900	-0.023651
307.171000	-0.021667
307.171100	-0.020447
307.171200	-0.022278
307.171300	-0.015259
307.171400	-0.018463
307.171500	-0.013885
307.171600	-0.016174
307.171700	-0.017700
307.171800	-0.018463
307.171900	-0.016785
307.172000	-0.012817
307.172100	-0.018158
307.172200	-0.016174
307.172300	-0.021362
307.172400	-0.020142
307.172500	-0.017090
307.172600	-0.016174
307.172700	-0.019989
307.172800	-0.014038
307.172900	-0.021210
307.173000	-0.021973
307.173100	-0.023956
307.173200	-0.020447
307.173300	-0.017548
307.173400	-0.014648
307.173500	-0.019989
307.173600	-0.020752
307.173700	-0.017090
307.173800	-0.017548
307.173900	-0.015869
307.174000	-0.014801
307.174100	-0.012207
307.174200	-0.018158
307.174300	-0.018463
307.174400	-0.019836
307.174500	-0.012665
307.174600	-0.014801
307.174700	-0.019073
307.174800	-0.017548
307.174900	-0.016937
307.175000	-0.016022
307.175100	-0.020599
307.175200	-0.020142
307.175300	-0.020447
307.175400	-0.019989
307.175500	-0.012665
307.175600	-0.021057
307.175700	-0.019531
307.175800	-0.016785
307.175900	-0.018463
307.176000	-0.020599
307.176100	-0.023804
307.176200	-0.019226
307.176300	-0.014191
307.176400	-0.021667
307.176500	-0.018158
307.176600	-0.017700
307.176700	-0.023804
307.176800	-0.021362
307.176900	-0.018616
307.177000	-0.019073
307.177100	-0.013885
307.177200	-0.019073
307.177300	-0.018158
307.177400	-0.016937
307.177500	-0.016174
307.177600	-0.012970
307.177700	-0.020142
307.177800	-0.011749
307.177900	-0.013275
307.178000	-0.015717
307.178100	-0.011292
307.178200	-0.014496
307.178300	-0.014038
307.178400	-0.021515
307.178500	-0.015411
307.178600	-0.015411
307.178700	-0.016022
307.178800	-0.019531
307.178900	-0.018616
307.179000	-0.021362
307.179100	-0.020752
307.179200	-0.015106
307.179300	-0.012207
307.179400	-0.014038
307.179500	-0.011902
307.179600	-0.010986
307.179700	-0.014496
307.179800	-0.016632
307.179900	-0.020599
307.180000	-0.015411
307.180100	-0.015259
307.180200	-0.015106
307.180300	-0.014038
307.180400	-0.017853
307.180500	-0.012360
307.180600	-0.016479
307.180700	-0.016937
307.180800	-0.018311
307.180900	-0.012054
307.181000	-0.015259
307.181100	-0.016022
307.181200	-0.020142
307.181300	-0.017090
307.181400	-0.015411
307.181500	-0.017090
307.181600	-0.018158
307.181700	-0.014954
307.181800	-0.015411
307.181900	-0.014038
307.182000	-0.016022
307.182100	-0.014343
307.182200	-0.018768
307.182300	-0.016174
307.182400	-0.017548
307.182500	-0.015869
307.182600	-0.019836
307.182700	-0.021667
307.182800	-0.015259
307.182900	-0.014343
307.183000	-0.014343
307.183100	-0.015717
307.183200	-0.018311
307.183300	-0.018921
307.183400	-0.017700
307.183500	-0.021210
307.183600	-0.020294
307.183700	-0.019531
307.183800	-0.019226
307.183900	-0.021210
307.184000	-0.021210
307.184100	-0.017090
307.184200	-0.017090
307.184300	-0.014038
307.184400	-0.016785
307.184500	-0.018158
307.184600	-0.019531
307.184700	-0.017548
307.184800	-0.021515
307.184900	-0.018005
307.185000	-0.021515
307.185100	-0.023651
307.185200	-0.022278
307.185300	-0.018616
307.185400	-0.018463
307.185500	-0.024261
307.185600	-0.021362
307.185700	-0.024414
307.185800	-0.024719
307.185900	-0.020905
307.186000	-0.019379
307.186100	-0.018921
307.186200	-0.019226
307.186300	-0.021057
307.186400	-0.013885
307.186500	-0.016479
307.186600	-0.017853
307.186700	-0.019836
307.186800	-0.022736
307.186900	-0.019989
307.187000	-0.021515
307.187100	-0.014496
307.187200	-0.016937
307.187300	-0.020599
307.187400	-0.019836
307.187500	-0.022736
307.187600	-0.019989
307.187700	-0.025635
307.187800	-0.025482
307.187900	-0.025635
307.188000	-0.021210
307.188100	-0.022125
307.188200	-0.019684
307.188300	-0.025330
307.188400	-0.028534
307.188500	-0.021057
307.188600	-0.027466
307.188700	-0.024567
307.188800	-0.021210
307.188900	-0.024109
307.189000	-0.024109
307.189100	-0.018921
307.189200	-0.017548
307.189300	-0.019073
307.189400	-0.017395
307.189500	-0.018768
307.189600	-0.018921
307.189700	-0.018158
307.189800	-0.020752
307.189900	-0.020447
307.190000	-0.016174
307.190100	-0.015106
307.190200	-0.021210
307.190300	-0.029449
307.190400	-0.021667
307.190500	-0.019226
307.190600	-0.020905
307.190700	-0.017242
307.190800	-0.018921
307.190900	-0.024109
307.191000	-0.024109
307.191100	-0.025330
307.191200	-0.016174
307.191300	-0.018768
307.191400	-0.021210
307.191500	-0.023193
307.191600	-0.023956
307.191700	-0.023346
307.191800	-0.021973
307.191900	-0.025787
307.192000	-0.023041
307.192100	-0.016937
307.192200	-0.023041
307.192300	-0.018768
307.192400	-0.018768
307.192500	-0.017548
307.192600	-0.020142
307.192700	-0.015106
307.192800	-0.022125
307.192900	-0.021667
307.193000	-0.018005
307.193100	-0.015564
307.193200	-0.019836
307.193300	-0.022583
307.193400	-0.020447
307.193500	-0.022583
307.193600	-0.018768
307.193700	-0.019531
307.193800	-0.020905
307.193900	-0.014038
307.194000	-0.018158
307.194100	-0.019684
307.194200	-0.020447
307.194300	-0.020447
307.194400	-0.019531
307.194500	-0.022583
307.194600	-0.023346
307.194700	-0.016785
307.194800	-0.017090
307.194900	-0.017700
307.195000	-0.011902
307.195100	-0.020752
307.195200	-0.019836
307.195300	-0.018311
307.195400	-0.020905
307.195500	-0.021820
307.195600	-0.022125
307.195700	-0.017853
307.195800	-0.018768
307.195900	-0.017548
307.196000	-0.015869
307.196100	-0.016327
307.196200	-0.017090
307.196300	-0.014496
307.196400	-0.019531
307.196500	-0.013733
307.196600	-0.015564
307.196700	-0.017090
307.196800	-0.016937
307.196900	-0.017548
307.197000	-0.014801
307.197100	-0.018158
307.197200	-0.018005
307.197300	-0.017548
307.197400	-0.014954
307.197500	-0.016937
307.197600	-0.021515
307.197700	-0.022125
307.197800	-0.020599
307.197900	-0.020752
307.198000	-0.020599
307.198100	-0.016327
307.198200	-0.016022
307.198300	-0.017700
307.198400	-0.016174
307.198500	-0.015411
307.198600	-0.015564
307.198700	-0.015259
307.198800	-0.016327
307.198900	-0.016785
307.199000	-0.015564
307.199100	-0.014496
307.199200	-0.017395
307.199300	-0.015106
307.199400	-0.017090
307.199500	-0.022278
307.199600	-0.020599
307.199700	-0.016479
307.199800	-0.019684
307.199900	-0.017090
307.200000	-0.024719
