357.527300	0.118561
357.527400	0.117645
357.527500	0.115967
357.527600	0.113983
357.527700	0.112152
357.527800	0.109863
357.527900	0.104828
357.528000	0.106354
357.528100	0.100250
357.528200	0.101624
357.528300	0.096283
357.528400	0.097198
357.528500	0.088654
357.528600	0.091400
357.528700	0.091858
357.528800	0.090485
357.528900	0.085754
357.529000	0.084534
357.529100	0.084534
357.529200	0.080872
357.529300	0.080261
357.529400	0.076599
357.529500	0.072327
357.529600	0.076752
357.529700	0.073090
357.529800	0.068665
357.529900	0.067749
357.530000	0.062103
357.530100	0.059204
357.530200	0.060425
357.530300	0.062103
357.530400	0.054169
357.530500	0.058746
357.530600	0.052490
357.530700	0.049896
357.530800	0.053558
357.530900	0.047913
357.531000	0.047913
357.531100	0.046844
357.531200	0.041199
357.531300	0.042419
357.531400	0.039825
357.531500	0.039062
357.531600	0.034332
357.531700	0.031128
357.531800	0.036011
357.531900	0.037384
357.532000	0.035706
357.532100	0.029907
357.532200	0.029602
357.532300	0.028992
357.532400	0.029449
357.532500	0.026245
357.532600	0.028076
357.532700	0.019226
357.532800	0.011902
357.532900	0.013733
357.533000	0.010986
357.533100	0.010071
357.533200	0.013885
357.533300	0.012360
357.533400	0.012665
357.533500	0.007477
357.533600	0.009003
357.533700	0.004883
357.533800	0.005341
357.533900	0.005951
357.534000	0.000610
357.534100	0.005341
357.534200	0.004883
357.534300	0.012054
357.534400	0.003052
357.534500	0.003815
357.534600	0.002441
357.534700	-0.000763
357.534800	-0.005188
357.534900	-0.004272
357.535000	-0.004120
357.535100	-0.004883
357.535200	-0.010834
357.535300	-0.007172
357.535400	-0.007935
357.535500	-0.014801
357.535600	-0.014343
357.535700	-0.010681
357.535800	-0.014648
357.535900	-0.013123
357.536000	-0.017242
357.536100	-0.019073
357.536200	-0.017395
357.536300	-0.017853
357.536400	-0.019379
357.536500	-0.021362
357.536600	-0.025024
357.536700	-0.028687
357.536800	-0.021515
357.536900	-0.023499
357.537000	-0.023193
357.537100	-0.020294
357.537200	-0.022125
357.537300	-0.019531
357.537400	-0.021210
357.537500	-0.022888
357.537600	-0.030975
357.537700	-0.029297
357.537800	-0.028992
357.537900	-0.025024
357.538000	-0.028839
357.538100	-0.030212
357.538200	-0.032806
357.538300	-0.032196
357.538400	-0.032501
357.538500	-0.032959
357.538600	-0.031281
357.538700	-0.034790
357.538800	-0.036926
357.538900	-0.037384
357.539000	-0.032349
357.539100	-0.037994
357.539200	-0.036926
357.539300	-0.037537
357.539400	-0.038452
357.539500	-0.037842
357.539600	-0.047302
357.539700	-0.039215
357.539800	-0.047302
357.539900	-0.039673
357.540000	-0.042114
357.540100	-0.042572
357.540200	-0.044098
357.540300	-0.045471
357.540400	-0.042877
357.540500	-0.046082
357.540600	-0.049133
357.540700	-0.047913
357.540800	-0.048676
357.540900	-0.046692
357.541000	-0.045929
357.541100	-0.050049
357.541200	-0.051575
357.541300	-0.044098
357.541400	-0.052948
357.541500	-0.051117
357.541600	-0.057831
357.541700	-0.055542
357.541800	-0.054932
357.541900	-0.056458
357.542000	-0.059662
357.542100	-0.055847
357.542200	-0.055695
357.542300	-0.055542
357.542400	-0.058136
357.542500	-0.066223
357.542600	-0.062561
357.542700	-0.062561
357.542800	-0.062408
357.542900	-0.064697
357.543000	-0.069580
357.543100	-0.065460
357.543200	-0.062866
357.543300	-0.067139
357.543400	-0.062866
357.543500	-0.066681
357.543600	-0.067444
357.543700	-0.068207
357.543800	-0.063629
357.543900	-0.066986
357.544000	-0.071106
357.544100	-0.067291
357.544200	-0.065613
357.544300	-0.064545
357.544400	-0.073242
357.544500	-0.068817
357.544600	-0.066986
357.544700	-0.073090
357.544800	-0.072479
357.544900	-0.070343
357.545000	-0.072784
357.545100	-0.074463
357.545200	-0.076294
357.545300	-0.070953
357.545400	-0.072479
357.545500	-0.072632
357.545600	-0.075989
357.545700	-0.075073
357.545800	-0.076447
357.545900	-0.077209
357.546000	-0.079803
357.546100	-0.075226
357.546200	-0.076447
357.546300	-0.075989
357.546400	-0.080414
357.546500	-0.079956
357.546600	-0.082397
357.546700	-0.083008
357.546800	-0.080414
357.546900	-0.081482
357.547000	-0.082855
357.547100	-0.081787
357.547200	-0.080872
357.547300	-0.083771
357.547400	-0.079956
357.547500	-0.085602
357.547600	-0.076904
357.547700	-0.078888
357.547800	-0.083923
357.547900	-0.083771
357.548000	-0.079956
357.548100	-0.087433
357.548200	-0.083923
357.548300	-0.081787
357.548400	-0.083618
357.548500	-0.086212
357.548600	-0.086060
357.548700	-0.086670
357.548800	-0.086060
357.548900	-0.084076
357.549000	-0.082550
357.549100	-0.085754
357.549200	-0.086975
357.549300	-0.079956
357.549400	-0.083008
357.549500	-0.082397
357.549600	-0.083008
357.549700	-0.077972
357.549800	-0.080566
357.549900	-0.080872
357.550000	-0.083160
357.550100	-0.080566
357.550200	-0.079651
357.550300	-0.082245
357.550400	-0.079346
357.550500	-0.075226
357.550600	-0.079193
357.550700	-0.078583
357.550800	-0.079956
357.550900	-0.078125
357.551000	-0.075836
357.551100	-0.078583
357.551200	-0.077209
357.551300	-0.081940
357.551400	-0.079803
357.551500	-0.078125
357.551600	-0.078583
357.551700	-0.080109
357.551800	-0.084534
357.551900	-0.077667
357.552000	-0.073547
357.552100	-0.075684
357.552200	-0.070190
357.552300	-0.070038
357.552400	-0.077362
357.552500	-0.071106
357.552600	-0.068970
357.552700	-0.071411
357.552800	-0.069733
357.552900	-0.075226
357.553000	-0.075989
357.553100	-0.070648
357.553200	-0.063324
357.553300	-0.071716
357.553400	-0.070038
357.553500	-0.068512
357.553600	-0.067139
357.553700	-0.071869
357.553800	-0.069427
357.553900	-0.065460
357.554000	-0.067291
357.554100	-0.070190
357.554200	-0.061951
357.554300	-0.067291
357.554400	-0.065918
357.554500	-0.064545
357.554600	-0.065613
357.554700	-0.071259
357.554800	-0.066833
357.554900	-0.063782
357.555000	-0.061188
357.555100	-0.060120
357.555200	-0.057220
357.555300	-0.057220
357.555400	-0.057220
357.555500	-0.059509
357.555600	-0.055695
357.555700	-0.053711
357.555800	-0.053711
357.555900	-0.055847
357.556000	-0.057068
357.556100	-0.055847
357.556200	-0.052948
357.556300	-0.054169
357.556400	-0.055084
357.556500	-0.053558
357.556600	-0.052643
357.556700	-0.054321
357.556800	-0.048828
357.556900	-0.054626
357.557000	-0.058289
357.557100	-0.048828
357.557200	-0.047150
357.557300	-0.052948
357.557400	-0.048828
357.557500	-0.052032
357.557600	-0.056610
357.557700	-0.045013
357.557800	-0.048523
357.557900	-0.046539
357.558000	-0.051575
357.558100	-0.045776
357.558200	-0.046997
357.558300	-0.046082
357.558400	-0.046387
357.558500	-0.042572
357.558600	-0.045013
357.558700	-0.054779
357.558800	-0.043945
357.558900	-0.047150
357.559000	-0.043945
357.559100	-0.047913
357.559200	-0.046844
357.559300	-0.044250
357.559400	-0.039825
357.559500	-0.042725
357.559600	-0.042725
357.559700	-0.038300
357.559800	-0.039825
357.559900	-0.036163
357.560000	-0.035706
357.560100	-0.041656
357.560200	-0.037689
357.560300	-0.034943
357.560400	-0.039978
357.560500	-0.038605
357.560600	-0.037689
357.560700	-0.035095
357.560800	-0.038757
357.560900	-0.037231
357.561000	-0.036316
357.561100	-0.040894
357.561200	-0.031891
357.561300	-0.034027
357.561400	-0.031281
357.561500	-0.024414
357.561600	-0.026855
357.561700	-0.028381
357.561800	-0.030212
357.561900	-0.022888
357.562000	-0.026703
357.562100	-0.021057
357.562200	-0.026855
357.562300	-0.023651
357.562400	-0.025940
357.562500	-0.023041
357.562600	-0.024567
357.562700	-0.022736
357.562800	-0.026855
357.562900	-0.027618
357.563000	-0.025024
357.563100	-0.028229
357.563200	-0.022583
357.563300	-0.023804
357.563400	-0.027161
357.563500	-0.023956
357.563600	-0.019226
357.563700	-0.023956
357.563800	-0.018005
357.563900	-0.015259
357.564000	-0.015717
357.564100	-0.017548
357.564200	-0.019226
357.564300	-0.018616
357.564400	-0.016174
357.564500	-0.013123
357.564600	-0.015259
357.564700	-0.015717
357.564800	-0.016632
357.564900	-0.012207
357.565000	-0.008698
357.565100	-0.016479
357.565200	-0.014343
357.565300	-0.015259
357.565400	-0.014648
357.565500	-0.012665
357.565600	-0.013733
357.565700	-0.015717
357.565800	-0.018311
357.565900	-0.009460
357.566000	-0.011902
357.566100	-0.013123
357.566200	-0.009766
357.566300	-0.012207
357.566400	-0.016327
357.566500	-0.017242
357.566600	-0.017853
357.566700	-0.016937
357.566800	-0.012207
357.566900	-0.009613
357.567000	-0.012665
357.567100	-0.010986
357.567200	-0.007935
357.567300	-0.010223
357.567400	-0.012054
357.567500	-0.012360
357.567600	-0.016327
357.567700	-0.013580
357.567800	-0.010681
357.567900	-0.010529
357.568000	-0.014954
357.568100	-0.008545
357.568200	-0.010834
357.568300	-0.015564
357.568400	-0.012970
357.568500	-0.010986
357.568600	-0.010071
357.568700	-0.012665
357.568800	-0.011444
357.568900	-0.007629
357.569000	-0.013123
357.569100	-0.014038
357.569200	-0.011902
357.569300	-0.010681
357.569400	-0.005646
357.569500	-0.009460
357.569600	-0.011902
357.569700	-0.006561
357.569800	-0.005188
357.569900	-0.002747
357.570000	-0.001068
357.570100	-0.001831
357.570200	-0.001526
357.570300	-0.001831
357.570400	-0.002136
357.570500	-0.000763
357.570600	0.001831
357.570700	-0.002594
357.570800	-0.006256
357.570900	-0.004578
357.571000	-0.002594
357.571100	-0.003510
357.571200	-0.009308
357.571300	-0.004883
357.571400	-0.001373
357.571500	-0.003967
357.571600	-0.003357
357.571700	-0.001526
357.571800	-0.001373
357.571900	0.002594
357.572000	-0.004120
357.572100	0.000610
357.572200	-0.003357
357.572300	-0.006866
357.572400	-0.004425
357.572500	-0.005798
357.572600	-0.005951
357.572700	-0.007172
357.572800	-0.003967
357.572900	-0.007782
357.573000	-0.007935
357.573100	0.000305
357.573200	-0.005798
357.573300	-0.004730
357.573400	-0.004425
357.573500	-0.008240
357.573600	0.001373
357.573700	0.000916
357.573800	-0.004272
357.573900	-0.005493
357.574000	-0.004883
357.574100	-0.002899
357.574200	0.000000
357.574300	0.000000
357.574400	-0.005188
357.574500	0.001373
357.574600	-0.007935
357.574700	-0.000763
357.574800	-0.001831
357.574900	-0.003357
357.575000	-0.000458
357.575100	-0.005951
357.575200	-0.007172
357.575300	-0.004120
357.575400	-0.001068
357.575500	-0.001068
357.575600	-0.000305
357.575700	0.000000
357.575800	-0.002899
357.575900	-0.003662
357.576000	-0.007019
357.576100	-0.006714
357.576200	-0.004730
357.576300	-0.007324
357.576400	-0.003052
357.576500	0.000458
357.576600	-0.000763
357.576700	-0.003967
357.576800	-0.003662
357.576900	0.002594
357.577000	0.004578
357.577100	0.001068
357.577200	-0.002747
357.577300	-0.001221
357.577400	-0.002747
357.577500	-0.001221
357.577600	-0.001526
357.577700	-0.005188
357.577800	-0.000153
357.577900	-0.005341
357.578000	-0.002747
357.578100	-0.007477
357.578200	0.000000
357.578300	-0.000610
357.578400	-0.004883
357.578500	-0.004425
357.578600	-0.002136
357.578700	-0.001984
357.578800	-0.000153
357.578900	0.004272
357.579000	0.001831
357.579100	0.001678
357.579200	0.000763
357.579300	0.001221
357.579400	0.005188
357.579500	0.004120
357.579600	0.002747
357.579700	-0.000458
357.579800	-0.000458
357.579900	-0.001373
357.580000	0.000000
357.580100	0.001373
357.580200	-0.002289
357.580300	-0.000916
357.580400	-0.000610
357.580500	-0.000153
357.580600	-0.000763
357.580700	-0.001831
357.580800	-0.004578
