365.668100	-0.717163
365.668200	-0.693970
365.668300	-0.680542
365.668400	-0.657043
365.668500	-0.633392
365.668600	-0.617523
365.668700	-0.596771
365.668800	-0.570831
365.668900	-0.549774
365.669000	-0.524750
365.669100	-0.497131
365.669200	-0.467377
365.669300	-0.448761
365.669400	-0.426331
365.669500	-0.402679
365.669600	-0.376282
365.669700	-0.345764
365.669800	-0.314941
365.669900	-0.286255
365.670000	-0.247650
365.670100	-0.216522
365.670200	-0.183258
365.670300	-0.148315
365.670400	-0.107880
365.670500	-0.072174
365.670600	-0.037842
365.670700	-0.000305
365.670800	0.032196
365.670900	0.070801
365.671000	0.102997
365.671100	0.142365
365.671200	0.167542
365.671300	0.195007
365.671400	0.224609
365.671500	0.251465
365.671600	0.278320
365.671700	0.297394
365.671800	0.323639
365.671900	0.347595
365.672000	0.363464
365.672100	0.387421
365.672200	0.395660
365.672300	0.417023
365.672400	0.432434
365.672500	0.442810
365.672600	0.453644
365.672700	0.463104
365.672800	0.472565
365.672900	0.481720
365.673000	0.484619
365.673100	0.493774
365.673200	0.490112
365.673300	0.499878
365.673400	0.500488
365.673500	0.506439
365.673600	0.505219
365.673700	0.507355
365.673800	0.508728
365.673900	0.509033
365.674000	0.510101
365.674100	0.499420
365.674200	0.500488
365.674300	0.493317
365.674400	0.491028
365.674500	0.487213
365.674600	0.483093
365.674700	0.478058
365.674800	0.466461
365.674900	0.465698
365.675000	0.458221
365.675100	0.449829
365.675200	0.438538
365.675300	0.435181
365.675400	0.429077
365.675500	0.429993
365.675600	0.415802
365.675700	0.418701
365.675800	0.408478
365.675900	0.399323
365.676000	0.395203
365.676100	0.394287
365.676200	0.382233
365.676300	0.374908
365.676400	0.369568
365.676500	0.359497
365.676600	0.361328
365.676700	0.358429
365.676800	0.351562
365.676900	0.346222
365.677000	0.340576
365.677100	0.337067
365.677200	0.331726
365.677300	0.324707
365.677400	0.321350
365.677500	0.312500
365.677600	0.308075
365.677700	0.307159
365.677800	0.298462
365.677900	0.289764
365.678000	0.281982
365.678100	0.279083
365.678200	0.277710
365.678300	0.277252
365.678400	0.267792
365.678500	0.261383
365.678600	0.260925
365.678700	0.256348
365.678800	0.252075
365.678900	0.240479
365.679000	0.238190
365.679100	0.234528
365.679200	0.236206
365.679300	0.230255
365.679400	0.234680
365.679500	0.231018
365.679600	0.230713
365.679700	0.223999
365.679800	0.221558
365.679900	0.218201
365.680000	0.214386
365.680100	0.208588
365.680200	0.209351
365.680300	0.202789
365.680400	0.199585
365.680500	0.198059
365.680600	0.191345
365.680700	0.192871
365.680800	0.184479
365.680900	0.179901
365.681000	0.182037
365.681100	0.176849
365.681200	0.171051
365.681300	0.166931
365.681400	0.162659
365.681500	0.160522
365.681600	0.160370
365.681700	0.154572
365.681800	0.151062
365.681900	0.155182
365.682000	0.145874
365.682100	0.144958
365.682200	0.139923
365.682300	0.134430
365.682400	0.137024
365.682500	0.132446
365.682600	0.131378
365.682700	0.132904
365.682800	0.130615
365.682900	0.120392
365.683000	0.119171
365.683100	0.120392
365.683200	0.116577
365.683300	0.115509
365.683400	0.116119
365.683500	0.118256
365.683600	0.122528
365.683700	0.118256
365.683800	0.109253
365.683900	0.103455
365.684000	0.104065
365.684100	0.105133
365.684200	0.104065
365.684300	0.094604
365.684400	0.093384
365.684500	0.095367
365.684600	0.094452
365.684700	0.093536
365.684800	0.088043
365.684900	0.087891
365.685000	0.085297
365.685100	0.089417
365.685200	0.087585
365.685300	0.093842
365.685400	0.090790
365.685500	0.081787
365.685600	0.083008
365.685700	0.080566
365.685800	0.077972
365.685900	0.080872
365.686000	0.071411
365.686100	0.076294
365.686200	0.071411
365.686300	0.070801
365.686400	0.063629
365.686500	0.064392
365.686600	0.063019
365.686700	0.061035
365.686800	0.056610
365.686900	0.055542
365.687000	0.055084
365.687100	0.053101
365.687200	0.053406
365.687300	0.051880
365.687400	0.050964
365.687500	0.052032
365.687600	0.050964
365.687700	0.048676
365.687800	0.048828
365.687900	0.048981
365.688000	0.042572
365.688100	0.042572
365.688200	0.041656
365.688300	0.039978
365.688400	0.042419
365.688500	0.044861
365.688600	0.037079
365.688700	0.036469
365.688800	0.034485
365.688900	0.035858
365.689000	0.033417
365.689100	0.036163
365.689200	0.037689
365.689300	0.032196
365.689400	0.033264
365.689500	0.033875
365.689600	0.030975
365.689700	0.030518
365.689800	0.030518
365.689900	0.028229
365.690000	0.024261
365.690100	0.022278
365.690200	0.020905
365.690300	0.025940
365.690400	0.020905
365.690500	0.021057
365.690600	0.012512
365.690700	0.016174
365.690800	0.020142
365.690900	0.020752
365.691000	0.023193
365.691100	0.021667
365.691200	0.018158
365.691300	0.015717
365.691400	0.011292
365.691500	0.018005
365.691600	0.018616
365.691700	0.017853
365.691800	0.011749
365.691900	0.012512
365.692000	0.010529
365.692100	0.013580
365.692200	0.014648
365.692300	0.010376
365.692400	0.014038
365.692500	0.007324
365.692600	0.009155
365.692700	0.012360
365.692800	0.012207
365.692900	0.009613
365.693000	0.008698
365.693100	0.002289
365.693200	0.002594
365.693300	0.010681
365.693400	0.002136
365.693500	-0.000610
365.693600	0.003204
365.693700	0.007477
365.693800	0.005951
365.693900	0.005188
365.694000	0.002441
365.694100	0.005341
365.694200	0.002136
365.694300	-0.000610
365.694400	0.000305
365.694500	-0.002441
365.694600	-0.002899
365.694700	-0.000305
365.694800	-0.002899
365.694900	-0.002594
365.695000	-0.004883
365.695100	-0.002594
365.695200	-0.002136
365.695300	0.001984
365.695400	-0.000610
365.695500	-0.003815
365.695600	-0.005493
365.695700	-0.004730
365.695800	-0.009613
365.695900	-0.008545
365.696000	-0.008087
365.696100	-0.007629
365.696200	-0.003052
365.696300	-0.006104
365.696400	-0.006866
365.696500	-0.009766
365.696600	-0.007629
365.696700	-0.006561
365.696800	-0.007324
365.696900	-0.003357
365.697000	-0.004120
365.697100	-0.002899
365.697200	0.003662
365.697300	0.005798
365.697400	0.003967
365.697500	0.006256
365.697600	0.003662
365.697700	0.000153
365.697800	0.006104
365.697900	0.006866
365.698000	0.007935
365.698100	0.005188
365.698200	0.005188
365.698300	0.003815
365.698400	0.007324
365.698500	0.003357
365.698600	0.005188
365.698700	0.001831
365.698800	0.003204
365.698900	0.006561
365.699000	0.010529
365.699100	0.004272
365.699200	0.004272
365.699300	0.005493
365.699400	0.002594
365.699500	-0.000916
365.699600	0.002899
365.699700	0.003967
365.699800	0.004730
365.699900	0.010529
365.700000	0.013123
365.700100	0.011444
365.700200	0.010834
365.700300	0.005341
365.700400	0.010986
365.700500	0.002899
365.700600	0.006714
365.700700	0.012207
365.700800	0.014954
365.700900	0.006104
365.701000	0.005493
365.701100	0.003815
365.701200	0.007172
365.701300	0.005646
365.701400	0.005341
365.701500	0.005493
365.701600	-0.000763
365.701700	-0.000916
365.701800	-0.000610
365.701900	-0.000305
365.702000	-0.001221
365.702100	-0.003662
365.702200	-0.008545
365.702300	-0.009155
365.702400	-0.009613
365.702500	-0.009460
365.702600	-0.011902
365.702700	-0.012054
365.702800	-0.011597
365.702900	-0.015717
365.703000	-0.015106
365.703100	-0.012207
365.703200	-0.014648
365.703300	-0.017242
365.703400	-0.016174
365.703500	-0.012817
365.703600	-0.018463
365.703700	-0.020599
365.703800	-0.014191
365.703900	-0.013275
365.704000	-0.016632
365.704100	-0.012512
365.704200	-0.011139
365.704300	-0.012207
365.704400	-0.007935
365.704500	-0.004578
365.704600	-0.000610
365.704700	-0.001068
365.704800	0.000305
365.704900	0.003052
365.705000	0.008392
365.705100	0.011902
365.705200	0.016632
365.705300	0.019226
365.705400	0.026855
365.705500	0.032043
365.705600	0.037384
365.705700	0.047760
365.705800	0.049286
365.705900	0.057983
365.706000	0.059357
365.706100	0.069885
365.706200	0.074768
365.706300	0.080872
365.706400	0.092468
365.706500	0.095825
365.706600	0.105438
365.706700	0.111389
365.706800	0.115509
365.706900	0.123138
365.707000	0.130920
365.707100	0.138855
365.707200	0.137939
365.707300	0.149078
365.707400	0.144806
365.707500	0.147552
365.707600	0.148315
365.707700	0.149536
365.707800	0.151978
365.707900	0.150299
365.708000	0.149384
365.708100	0.143890
365.708200	0.144348
365.708300	0.142822
365.708400	0.133820
365.708500	0.135193
365.708600	0.139313
365.708700	0.135498
365.708800	0.134430
365.708900	0.128479
365.709000	0.125885
365.709100	0.128326
365.709200	0.127716
365.709300	0.126801
365.709400	0.122681
365.709500	0.121918
365.709600	0.109711
365.709700	0.109863
365.709800	0.108337
365.709900	0.105591
365.710000	0.093079
365.710100	0.091553
365.710200	0.088043
365.710300	0.077209
365.710400	0.068359
365.710500	0.062561
365.710600	0.057831
365.710700	0.044861
365.710800	0.031281
365.710900	0.028229
365.711000	0.017700
365.711100	0.007019
365.711200	-0.006104
365.711300	-0.020294
365.711400	-0.034485
365.711500	-0.040741
365.711600	-0.063019
365.711700	-0.067902
365.711800	-0.085297
365.711900	-0.099945
365.712000	-0.109253
365.712100	-0.117187
365.712200	-0.136261
365.712300	-0.144348
365.712400	-0.160980
365.712500	-0.172272
365.712600	-0.181122
365.712700	-0.191956
365.712800	-0.206299
365.712900	-0.219574
365.713000	-0.234375
365.713100	-0.245972
365.713200	-0.261230
365.713300	-0.269165
365.713400	-0.278015
365.713500	-0.285797
365.713600	-0.299225
365.713700	-0.306854
365.713800	-0.315704
365.713900	-0.328674
365.714000	-0.334167
365.714100	-0.340881
365.714200	-0.344543
365.714300	-0.348969
365.714400	-0.351410
365.714500	-0.351715
365.714600	-0.355530
365.714700	-0.353394
365.714800	-0.353394
365.714900	-0.352325
365.715000	-0.348663
365.715100	-0.343018
365.715200	-0.338440
365.715300	-0.335693
365.715400	-0.332947
365.715500	-0.332031
365.715600	-0.324860
365.715700	-0.314636
365.715800	-0.311584
365.715900	-0.303345
365.716000	-0.298157
365.716100	-0.283661
365.716200	-0.279999
365.716300	-0.277100
365.716400	-0.267944
365.716500	-0.263519
365.716600	-0.261688
365.716700	-0.248260
365.716800	-0.244751
365.716900	-0.239410
365.717000	-0.231476
365.717100	-0.223846
365.717200	-0.216064
365.717300	-0.205231
365.717400	-0.200500
365.717500	-0.192719
365.717600	-0.188751
365.717700	-0.179443
365.717800	-0.169525
365.717900	-0.160828
365.718000	-0.161285
365.718100	-0.156403
365.718200	-0.148468
365.718300	-0.135651
365.718400	-0.128632
365.718500	-0.115967
365.718600	-0.108337
365.718700	-0.099640
365.718800	-0.086060
365.718900	-0.077667
365.719000	-0.074768
365.719100	-0.065002
365.719200	-0.063171
365.719300	-0.051422
365.719400	-0.042267
365.719500	-0.027618
365.719600	-0.018768
365.719700	-0.011292
365.719800	-0.007324
365.719900	-0.002899
365.720000	0.006104
365.720100	0.007172
365.720200	0.018311
365.720300	0.019989
365.720400	0.027008
365.720500	0.036316
365.720600	0.037537
365.720700	0.043335
365.720800	0.040436
365.720900	0.043335
365.721000	0.054321
365.721100	0.057220
365.721200	0.056763
365.721300	0.064392
365.721400	0.066986
365.721500	0.066071
365.721600	0.071411
