349.540100	0.060425
349.540200	0.063477
349.540300	0.061188
349.540400	0.060120
349.540500	0.061493
349.540600	0.061035
349.540700	0.059662
349.540800	0.063171
349.540900	0.061798
349.541000	0.066223
349.541100	0.066376
349.541200	0.069427
349.541300	0.068054
349.541400	0.071716
349.541500	0.070953
349.541600	0.070343
349.541700	0.074615
349.541800	0.074615
349.541900	0.075531
349.542000	0.071869
349.542100	0.078583
349.542200	0.077515
349.542300	0.076141
349.542400	0.076904
349.542500	0.072327
349.542600	0.076752
349.542700	0.074005
349.542800	0.073853
349.542900	0.070953
349.543000	0.075226
349.543100	0.070801
349.543200	0.069427
349.543300	0.069885
349.543400	0.071564
349.543500	0.074768
349.543600	0.077362
349.543700	0.073547
349.543800	0.068359
349.543900	0.074158
349.544000	0.069885
349.544100	0.070648
349.544200	0.068970
349.544300	0.066833
349.544400	0.067596
349.544500	0.067596
349.544600	0.065155
349.544700	0.063629
349.544800	0.061798
349.544900	0.060730
349.545000	0.062103
349.545100	0.056915
349.545200	0.058136
349.545300	0.059814
349.545400	0.052948
349.545500	0.050201
349.545600	0.050201
349.545700	0.049438
349.545800	0.047913
349.545900	0.049286
349.546000	0.046844
349.546100	0.043793
349.546200	0.046539
349.546300	0.037994
349.546400	0.040741
349.546500	0.037994
349.546600	0.039978
349.546700	0.033112
349.546800	0.035706
349.546900	0.034943
349.547000	0.033264
349.547100	0.034332
349.547200	0.032959
349.547300	0.028229
349.547400	0.027161
349.547500	0.022888
349.547600	0.023499
349.547700	0.025635
349.547800	0.027313
349.547900	0.029449
349.548000	0.022736
349.548100	0.026245
349.548200	0.025635
349.548300	0.023651
349.548400	0.019684
349.548500	0.021820
349.548600	0.017090
349.548700	0.021820
349.548800	0.023346
349.548900	0.018768
349.549000	0.021973
349.549100	0.020599
349.549200	0.021515
349.549300	0.023499
349.549400	0.020752
349.549500	0.021667
349.549600	0.022583
349.549700	0.021057
349.549800	0.020294
349.549900	0.023041
349.550000	0.024261
349.550100	0.016937
349.550200	0.022583
349.550300	0.025330
349.550400	0.020905
349.550500	0.023193
349.550600	0.021210
349.550700	0.021667
349.550800	0.021515
349.550900	0.021515
349.551000	0.020294
349.551100	0.020752
349.551200	0.023956
349.551300	0.022888
349.551400	0.019226
349.551500	0.023956
349.551600	0.023804
349.551700	0.019989
349.551800	0.021057
349.551900	0.022583
349.552000	0.020905
349.552100	0.021973
349.552200	0.018311
349.552300	0.020905
349.552400	0.024719
349.552500	0.024414
349.552600	0.026703
349.552700	0.024414
349.552800	0.023499
349.552900	0.025940
349.553000	0.026093
349.553100	0.026855
349.553200	0.027161
349.553300	0.025330
349.553400	0.023193
349.553500	0.030060
349.553600	0.030060
349.553700	0.033722
349.553800	0.030212
349.553900	0.027618
349.554000	0.027771
349.554100	0.027618
349.554200	0.026703
349.554300	0.030975
349.554400	0.031433
349.554500	0.027618
349.554600	0.024109
349.554700	0.020905
349.554800	0.025635
349.554900	0.022430
349.555000	0.026398
349.555100	0.025635
349.555200	0.025177
349.555300	0.025024
349.555400	0.027618
349.555500	0.027771
349.555600	0.029297
349.555700	0.032043
349.555800	0.033264
349.555900	0.034485
349.556000	0.033417
349.556100	0.032959
349.556200	0.030823
349.556300	0.032959
349.556400	0.030518
349.556500	0.031586
349.556600	0.035095
349.556700	0.036316
349.556800	0.035400
349.556900	0.036926
349.557000	0.030670
349.557100	0.035553
349.557200	0.038452
349.557300	0.033264
349.557400	0.028992
349.557500	0.034332
349.557600	0.033722
349.557700	0.034485
349.557800	0.039368
349.557900	0.033875
349.558000	0.036774
349.558100	0.036621
349.558200	0.031281
349.558300	0.036621
349.558400	0.036621
349.558500	0.039215
349.558600	0.042267
349.558700	0.040436
349.558800	0.037994
349.558900	0.041656
349.559000	0.036011
349.559100	0.036774
349.559200	0.031891
349.559300	0.037842
349.559400	0.036926
349.559500	0.032654
349.559600	0.039215
349.559700	0.035706
349.559800	0.035095
349.559900	0.037994
349.560000	0.033569
349.560100	0.032043
349.560200	0.037994
349.560300	0.038147
349.560400	0.037079
349.560500	0.036774
349.560600	0.034637
349.560700	0.040283
349.560800	0.038910
349.560900	0.035706
349.561000	0.038757
349.561100	0.036621
349.561200	0.042572
349.561300	0.040894
349.561400	0.041504
349.561500	0.041504
349.561600	0.035858
349.561700	0.034485
349.561800	0.035858
349.561900	0.038757
349.562000	0.038147
349.562100	0.036011
349.562200	0.040741
349.562300	0.037537
349.562400	0.036469
349.562500	0.035858
349.562600	0.034637
349.562700	0.037994
349.562800	0.034180
349.562900	0.040588
349.563000	0.040741
349.563100	0.038452
349.563200	0.033417
349.563300	0.032959
349.563400	0.033264
349.563500	0.031433
349.563600	0.033569
349.563700	0.030823
349.563800	0.024567
349.563900	0.031281
349.564000	0.036163
349.564100	0.030212
349.564200	0.036011
349.564300	0.032196
349.564400	0.032654
349.564500	0.030060
349.564600	0.028381
349.564700	0.022583
349.564800	0.021362
349.564900	0.023346
349.565000	0.021515
349.565100	0.017853
349.565200	0.018768
349.565300	0.016327
349.565400	0.006409
349.565500	0.000763
349.565600	-0.000916
349.565700	-0.003357
349.565800	-0.008545
349.565900	-0.013733
349.566000	-0.020905
349.566100	-0.027008
349.566200	-0.033722
349.566300	-0.039368
349.566400	-0.048828
349.566500	-0.057068
349.566600	-0.058594
349.566700	-0.068207
349.566800	-0.080261
349.566900	-0.090942
349.567000	-0.100555
349.567100	-0.105591
349.567200	-0.119019
349.567300	-0.129547
349.567400	-0.137787
349.567500	-0.149536
349.567600	-0.161438
349.567700	-0.172119
349.567800	-0.182343
349.567900	-0.191498
349.568000	-0.201874
349.568100	-0.212402
349.568200	-0.221252
349.568300	-0.224609
349.568400	-0.227966
349.568500	-0.230103
349.568600	-0.236359
349.568700	-0.238342
349.568800	-0.230408
349.568900	-0.230865
349.569000	-0.226898
349.569100	-0.226746
349.569200	-0.221558
349.569300	-0.212402
349.569400	-0.198669
349.569500	-0.196686
349.569600	-0.188599
349.569700	-0.179443
349.569800	-0.177002
349.569900	-0.166168
349.570000	-0.160217
349.570100	-0.148926
349.570200	-0.140686
349.570300	-0.127106
349.570400	-0.123444
349.570500	-0.107269
349.570600	-0.097809
349.570700	-0.086517
349.570800	-0.081177
349.570900	-0.068817
349.571000	-0.061951
349.571100	-0.047760
349.571200	-0.034943
349.571300	-0.029144
349.571400	-0.020599
349.571500	-0.011902
349.571600	0.001831
349.571700	0.010529
349.571800	0.021973
349.571900	0.033112
349.572000	0.039062
349.572100	0.049591
349.572200	0.056915
349.572300	0.070190
349.572400	0.083771
349.572500	0.089722
349.572600	0.100555
349.572700	0.118408
349.572800	0.124512
349.572900	0.133667
349.573000	0.146637
349.573100	0.155640
349.573200	0.167236
349.573300	0.178223
349.573400	0.186310
349.573500	0.202942
349.573600	0.209961
349.573700	0.222473
349.573800	0.226135
349.573900	0.235596
349.574000	0.249939
349.574100	0.250397
349.574200	0.258636
349.574300	0.270233
349.574400	0.279694
349.574500	0.286560
349.574600	0.293274
349.574700	0.293427
349.574800	0.302277
349.574900	0.314941
349.575000	0.316315
349.575100	0.325928
349.575200	0.331421
349.575300	0.333862
349.575400	0.339050
349.575500	0.341034
349.575600	0.345154
349.575700	0.349274
349.575800	0.354767
349.575900	0.354309
349.576000	0.360107
349.576100	0.361176
349.576200	0.366821
349.576300	0.364532
349.576400	0.364838
349.576500	0.370331
349.576600	0.371704
349.576700	0.376434
349.576800	0.375519
349.576900	0.373535
349.577000	0.372467
349.577100	0.379639
349.577200	0.373688
349.577300	0.371094
349.577400	0.373535
349.577500	0.368652
349.577600	0.367737
349.577700	0.359497
349.577800	0.355377
349.577900	0.344391
349.578000	0.336761
349.578100	0.323029
349.578200	0.313721
349.578300	0.293579
349.578400	0.280609
349.578500	0.270386
349.578600	0.255737
349.578700	0.238037
349.578800	0.220184
349.578900	0.202332
349.579000	0.188599
349.579100	0.171967
349.579200	0.155182
349.579300	0.137634
349.579400	0.124207
349.579500	0.112305
349.579600	0.095825
349.579700	0.084534
349.579800	0.069885
349.579900	0.062714
349.580000	0.052490
349.580100	0.043030
349.580200	0.030823
349.580300	0.023651
349.580400	0.014343
349.580500	0.003662
349.580600	-0.001831
349.580700	-0.012665
349.580800	-0.018311
349.580900	-0.022278
349.581000	-0.024872
349.581100	-0.027008
349.581200	-0.028992
349.581300	-0.036621
349.581400	-0.037079
349.581500	-0.038452
349.581600	-0.041504
349.581700	-0.043793
349.581800	-0.043793
349.581900	-0.041656
349.582000	-0.045166
349.582100	-0.044098
349.582200	-0.043182
349.582300	-0.045929
349.582400	-0.043182
349.582500	-0.040283
349.582600	-0.037537
349.582700	-0.038300
349.582800	-0.039368
349.582900	-0.036926
349.583000	-0.034943
349.583100	-0.041962
349.583200	-0.039978
349.583300	-0.036469
349.583400	-0.038452
349.583500	-0.041046
349.583600	-0.037994
349.583700	-0.034027
349.583800	-0.033722
349.583900	-0.033112
349.584000	-0.037537
349.584100	-0.030365
349.584200	-0.028076
349.584300	-0.027161
349.584400	-0.024872
349.584500	-0.025024
349.584600	-0.023804
349.584700	-0.019836
349.584800	-0.014343
349.584900	-0.016327
349.585000	-0.019836
349.585100	-0.014496
349.585200	-0.018616
349.585300	-0.016937
349.585400	-0.010223
349.585500	-0.010223
349.585600	-0.007477
349.585700	-0.005798
349.585800	-0.005646
349.585900	-0.004425
349.586000	-0.004120
349.586100	-0.002441
349.586200	-0.000305
349.586300	-0.000305
349.586400	-0.003052
349.586500	-0.003357
349.586600	0.001068
349.586700	0.004578
349.586800	0.002899
349.586900	0.006714
349.587000	0.005341
349.587100	0.005798
349.587200	0.005798
349.587300	0.008240
349.587400	0.008545
349.587500	0.007324
349.587600	0.009460
349.587700	0.006104
349.587800	0.008392
349.587900	0.009918
349.588000	0.011597
349.588100	0.008392
349.588200	0.010529
349.588300	0.012512
349.588400	0.011139
349.588500	0.006104
349.588600	0.009613
349.588700	0.008850
349.588800	0.013580
349.588900	0.014343
349.589000	0.020447
349.589100	0.019684
349.589200	0.016937
349.589300	0.020599
349.589400	0.015106
349.589500	0.016479
349.589600	0.016632
349.589700	0.015564
349.589800	0.018005
349.589900	0.016632
349.590000	0.020294
349.590100	0.018616
349.590200	0.019226
349.590300	0.018463
349.590400	0.016022
349.590500	0.020294
349.590600	0.019379
349.590700	0.018921
349.590800	0.020752
349.590900	0.016785
349.591000	0.016327
349.591100	0.015869
349.591200	0.019684
349.591300	0.019989
349.591400	0.022430
349.591500	0.023804
349.591600	0.020752
349.591700	0.020752
349.591800	0.017700
349.591900	0.015564
349.592000	0.010986
349.592100	0.017700
349.592200	0.016479
349.592300	0.018921
349.592400	0.012512
349.592500	0.021057
349.592600	0.007935
349.592700	0.007782
349.592800	0.005188
349.592900	0.007477
349.593000	0.007782
349.593100	-0.001678
349.593200	-0.003052
349.593300	-0.005341
349.593400	-0.014191
349.593500	-0.016174
349.593600	-0.022583
