245.552900	0.070343
245.553000	0.069122
245.553100	0.067902
245.553200	0.067749
245.553300	0.074921
245.553400	0.077362
245.553500	0.082092
245.553600	0.085144
245.553700	0.081329
245.553800	0.079803
245.553900	0.073547
245.554000	0.080719
245.554100	0.092316
245.554200	0.101166
245.554300	0.099487
245.554400	0.102692
245.554500	0.098877
245.554600	0.095215
245.554700	0.101776
245.554800	0.113373
245.554900	0.120850
245.555000	0.121002
245.555100	0.121613
245.555200	0.121460
245.555300	0.106201
245.555400	0.070343
245.555500	0.034332
245.555600	0.011902
245.555700	0.001831
245.555800	-0.005493
245.555900	0.000153
245.556000	0.023651
245.556100	0.037384
245.556200	0.055389
245.556300	0.065308
245.556400	0.081482
245.556500	0.095520
245.556600	0.104370
245.556700	0.123596
245.556800	0.127258
245.556900	0.126038
245.557000	0.113068
245.557100	0.098724
245.557200	0.091553
245.557300	0.088959
245.557400	0.079498
245.557500	0.075684
245.557600	0.072327
245.557700	0.061340
245.557800	0.046692
245.557900	0.031586
245.558000	0.018311
245.558100	0.012817
245.558200	0.014496
245.558300	0.018005
245.558400	0.024261
245.558500	0.040741
245.558600	0.054932
245.558700	0.075073
245.558800	0.080261
245.558900	0.079651
245.559000	0.075836
245.559100	0.063477
245.559200	0.052643
245.559300	0.045471
245.559400	0.043182
245.559500	0.051117
245.559600	0.065308
245.559700	0.070496
245.559800	0.069427
245.559900	0.063629
245.560000	0.066833
245.560100	0.071259
245.560200	0.066071
245.560300	0.064545
245.560400	0.065460
245.560500	0.061951
245.560600	0.055847
245.560700	0.058746
245.560800	0.058289
245.560900	0.061340
245.561000	0.066528
245.561100	0.067749
245.561200	0.073853
245.561300	0.074921
245.561400	0.075378
245.561500	0.072021
245.561600	0.075073
245.561700	0.068970
245.561800	0.063171
245.561900	0.065308
245.562000	0.070190
245.562100	0.097046
245.562200	0.146179
245.562300	0.242004
245.562400	0.345459
245.562500	0.432587
245.562600	0.437622
245.562700	0.396118
245.562800	0.321045
245.562900	0.218353
245.563000	0.118408
245.563100	0.010529
245.563200	-0.095825
245.563300	-0.191040
245.563400	-0.270081
245.563500	-0.329742
245.563600	-0.349121
245.563700	-0.312500
245.563800	-0.227509
245.563900	-0.119019
245.564000	-0.038605
245.564100	0.011292
245.564200	0.035858
245.564300	0.048370
245.564400	0.056763
245.564500	0.055847
245.564600	0.052338
245.564700	0.047913
245.564800	0.058594
245.564900	0.060730
245.565000	0.064850
245.565100	0.065155
245.565200	0.069733
245.565300	0.068817
245.565400	0.064850
245.565500	0.058746
245.565600	0.054779
245.565700	0.060730
245.565800	0.052338
245.565900	0.051422
245.566000	0.048218
245.566100	0.049744
245.566200	0.047150
245.566300	0.043945
245.566400	0.050964
245.566500	0.049591
245.566600	0.055237
245.566700	0.068665
245.566800	0.115204
245.566900	0.213776
245.567000	0.406494
245.567100	0.679169
245.567200	0.954895
245.567300	1.158905
245.567400	1.310577
245.567500	1.427612
245.567600	1.537323
245.567700	1.514435
245.567800	1.290588
245.567900	0.970001
245.568000	0.510254
245.568100	-0.249176
245.568200	-1.050873
245.568300	-1.781464
245.568400	-2.113647
245.568500	-2.016144
245.568600	-1.768494
245.568700	-1.484222
245.568800	-1.201172
245.568900	-0.555420
245.569000	-0.189667
245.569100	-0.001678
245.569200	0.076599
245.569300	0.103607
245.569400	0.118408
245.569500	0.127869
245.569600	0.140991
245.569700	0.139771
245.569800	0.137634
245.569900	0.132751
245.570000	0.117493
245.570100	0.079651
245.570200	0.052185
245.570300	0.026550
245.570400	0.020447
245.570500	0.027618
245.570600	0.028076
245.570700	0.034332
245.570800	0.046692
245.570900	0.057220
245.571000	0.073242
245.571100	0.075836
245.571200	0.080872
245.571300	0.080261
245.571400	0.087738
245.571500	0.090485
245.571600	0.089722
245.571700	0.081635
245.571800	0.081482
245.571900	0.081329
245.572000	0.083618
245.572100	0.074310
245.572200	0.065002
245.572300	0.067444
245.572400	0.063629
245.572500	0.065460
245.572600	0.067596
245.572700	0.075836
245.572800	0.066223
245.572900	0.069275
245.573000	0.077057
245.573100	0.072479
245.573200	0.071564
245.573300	0.074768
245.573400	0.077820
245.573500	0.079498
245.573600	0.073853
245.573700	0.073395
245.573800	0.068817
245.573900	0.072784
245.574000	0.068512
245.574100	0.069427
245.574200	0.067139
245.574300	0.063324
245.574400	0.064697
245.574500	0.062866
245.574600	0.069580
245.574700	0.071869
245.574800	0.072021
245.574900	0.075989
245.575000	0.076599
245.575100	0.074310
245.575200	0.073547
245.575300	0.076752
245.575400	0.064545
245.575500	0.069580
245.575600	0.069427
245.575700	0.064697
245.575800	0.066833
245.575900	0.063324
245.576000	0.068817
245.576100	0.071106
245.576200	0.069427
245.576300	0.068970
245.576400	0.067596
245.576500	0.070190
245.576600	0.074005
245.576700	0.074158
245.576800	0.075073
245.576900	0.074158
245.577000	0.078278
245.577100	0.074463
245.577200	0.070801
245.577300	0.070190
245.577400	0.064850
245.577500	0.068817
245.577600	0.069275
245.577700	0.070038
245.577800	0.082855
245.577900	0.109863
245.578000	0.177765
245.578100	0.296936
245.578200	0.429535
245.578300	0.495605
245.578400	0.512390
245.578500	0.474396
245.578600	0.383606
245.578700	0.251923
245.578800	0.112762
245.578900	0.020142
245.579000	-0.015411
245.579100	-0.033875
245.579200	-0.065460
245.579300	-0.058899
245.579400	-0.052490
245.579500	-0.080566
245.579600	-0.138092
245.579700	-0.211945
245.579800	-0.270081
245.579900	-0.322723
245.580000	-0.342407
245.580100	-0.316772
245.580200	-0.238037
245.580300	-0.127258
245.580400	-0.037537
245.580500	0.021057
245.580600	0.053406
245.580700	0.071411
245.580800	0.076599
245.580900	0.081177
245.581000	0.078583
245.581100	0.084686
245.581200	0.074768
245.581300	0.079193
245.581400	0.083923
245.581500	0.098724
245.581600	0.136108
245.581700	0.229645
245.581800	0.398560
245.581900	0.598145
245.582000	0.699158
245.582100	0.663452
245.582200	0.559540
245.582300	0.434875
245.582400	0.307770
245.582500	0.214691
245.582600	0.164185
245.582700	0.112152
245.582800	0.016479
245.582900	-0.124969
245.583000	-0.237122
245.583100	-0.255127
245.583200	-0.240631
245.583300	-0.272522
245.583400	-0.348053
245.583500	-0.407410
245.583600	-0.462036
245.583700	-0.474854
245.583800	-0.418396
245.583900	-0.226440
245.584000	0.083466
245.584100	0.489197
245.584200	0.923157
245.584300	1.141815
245.584400	1.223755
245.584500	1.315918
245.584600	1.258545
245.584700	0.812378
245.584800	0.152588
245.584900	-0.535431
245.585000	-0.928345
245.585100	-0.885925
245.585200	-0.603027
245.585300	-0.366974
245.585400	-0.159454
245.585500	0.169373
245.585600	0.383301
245.585700	0.348816
245.585800	0.139618
245.585900	-0.163269
245.586000	-0.500336
245.586100	-0.764008
245.586200	-0.910797
245.586300	-0.919037
245.586400	-0.808868
245.586500	-0.600281
245.586600	-0.335236
245.586700	-0.069580
245.586800	0.103607
245.586900	0.183411
245.587000	0.198822
245.587100	0.167999
245.587200	0.112610
245.587300	0.045166
245.587400	-0.011292
245.587500	-0.052490
245.587600	-0.072021
245.587700	-0.078888
245.587800	-0.053864
245.587900	-0.002747
245.588000	0.044250
245.588100	0.075073
245.588200	0.082855
245.588300	0.093231
245.588400	0.089111
245.588500	0.088501
245.588600	0.083313
245.588700	0.079498
245.588800	0.082245
245.588900	0.079498
245.589000	0.080719
245.589100	0.074768
245.589200	0.076904
245.589300	0.078430
245.589400	0.084839
245.589500	0.091858
245.589600	0.093689
245.589700	0.100098
245.589800	0.108490
245.589900	0.101624
245.590000	0.100098
245.590100	0.091705
245.590200	0.080261
245.590300	0.070343
245.590400	0.064697
245.590500	0.069580
245.590600	0.067139
245.590700	0.071411
245.590800	0.074463
245.590900	0.077972
245.591000	0.075836
245.591100	0.074158
245.591200	0.078278
245.591300	0.077667
245.591400	0.079651
245.591500	0.076294
245.591600	0.079041
245.591700	0.073700
245.591800	0.076752
245.591900	0.084381
245.592000	0.090942
245.592100	0.093689
245.592200	0.095978
245.592300	0.104828
245.592400	0.099487
245.592500	0.100708
245.592600	0.098114
245.592700	0.078430
245.592800	0.060577
245.592900	0.057220
245.593000	0.049591
245.593100	0.045929
245.593200	0.044098
245.593300	0.045166
245.593400	0.048981
245.593500	0.052643
245.593600	0.057831
245.593700	0.058441
245.593800	0.057373
245.593900	0.061798
245.594000	0.064697
245.594100	0.064240
245.594200	0.066986
245.594300	0.072937
245.594400	0.072784
245.594500	0.074310
245.594600	0.069427
245.594700	0.078888
245.594800	0.075073
245.594900	0.073700
245.595000	0.074005
245.595100	0.078125
245.595200	0.078735
245.595300	0.083771
245.595400	0.124512
245.595500	0.240784
245.595600	0.460815
245.595700	0.759888
245.595800	1.015778
245.595900	1.127167
245.596000	1.072998
245.596100	0.799255
245.596200	0.342560
245.596300	-0.193481
245.596400	-0.687561
245.596500	-0.996094
245.596600	-1.101532
245.596700	-1.041870
245.596800	-0.828094
245.596900	-0.492554
245.597000	-0.201874
245.597100	-0.036011
245.597200	0.037537
245.597300	0.057983
245.597400	0.068054
245.597500	0.077362
245.597600	0.080872
245.597700	0.088806
245.597800	0.096283
245.597900	0.092773
245.598000	0.102234
245.598100	0.094604
245.598200	0.094452
245.598300	0.105896
245.598400	0.118256
245.598500	0.150757
245.598600	0.224609
245.598700	0.317230
245.598800	0.419617
245.598900	0.601196
245.599000	0.860901
245.599100	1.119232
245.599200	1.272430
245.599300	1.286926
245.599400	1.149902
245.599500	0.879517
245.599600	0.511932
245.599700	0.094604
245.599800	-0.339203
245.599900	-0.714264
245.600000	-0.976410
245.600100	-1.112366
245.600200	-1.122284
245.600300	-0.973206
245.600400	-0.715332
245.600500	-0.413055
245.600600	-0.120087
245.600700	0.079956
245.600800	0.184937
245.600900	0.181122
245.601000	0.097046
245.601100	-0.018921
245.601200	-0.150757
245.601300	-0.260925
245.601400	-0.329437
245.601500	-0.355988
245.601600	-0.316467
245.601700	-0.211182
245.601800	-0.094299
245.601900	0.000610
245.602000	0.051880
245.602100	0.075531
245.602200	0.080719
245.602300	0.086060
245.602400	0.089569
245.602500	0.084839
245.602600	0.093994
245.602700	0.104675
245.602800	0.109558
245.602900	0.103607
245.603000	0.102844
245.603100	0.098724
245.603200	0.089569
245.603300	0.075378
245.603400	0.072937
245.603500	0.071869
245.603600	0.074310
245.603700	0.075226
245.603800	0.081482
245.603900	0.093384
245.604000	0.101929
245.604100	0.113068
245.604200	0.126953
245.604300	0.131378
245.604400	0.130463
245.604500	0.116577
245.604600	0.103607
245.604700	0.094604
245.604800	0.084991
245.604900	0.072479
245.605000	0.055847
245.605100	0.053406
245.605200	0.052948
245.605300	0.058136
245.605400	0.051575
245.605500	0.054016
245.605600	0.056763
245.605700	0.063019
245.605800	0.068817
245.605900	0.063171
245.606000	0.064545
245.606100	0.067444
245.606200	0.070038
245.606300	0.071259
245.606400	0.070343
