233.111300	0.075531
233.111400	0.066986
233.111500	0.065308
233.111600	0.050964
233.111700	0.043640
233.111800	0.036621
233.111900	0.031433
233.112000	0.028076
233.112100	0.026550
233.112200	0.038757
233.112300	0.040894
233.112400	0.056915
233.112500	0.072632
233.112600	0.080872
233.112700	0.086670
233.112800	0.083008
233.112900	0.083160
233.113000	0.083923
233.113100	0.063934
233.113200	0.050201
233.113300	0.029602
233.113400	0.017090
233.113500	-0.000305
233.113600	-0.003204
233.113700	-0.006561
233.113800	-0.014648
233.113900	-0.003357
233.114000	0.031433
233.114100	0.065308
233.114200	0.112457
233.114300	0.133209
233.114400	0.136261
233.114500	0.140228
233.114600	0.159302
233.114700	0.152588
233.114800	0.125275
233.114900	0.086365
233.115000	0.046387
233.115100	0.025330
233.115200	0.024567
233.115300	0.011139
233.115400	-0.030670
233.115500	-0.075378
233.115600	-0.091400
233.115700	-0.076904
233.115800	-0.068359
233.115900	-0.055542
233.116000	-0.042725
233.116100	-0.018005
233.116200	0.013428
233.116300	0.024414
233.116400	0.036163
233.116500	0.034790
233.116600	0.036316
233.116700	0.029449
233.116800	0.035858
233.116900	0.045471
233.117000	0.044250
233.117100	0.051727
233.117200	0.050964
233.117300	0.050507
233.117400	0.049591
233.117500	0.044556
233.117600	0.039978
233.117700	0.030670
233.117800	0.030518
233.117900	0.029144
233.118000	0.028687
233.118100	0.030823
233.118200	0.037842
233.118300	0.037994
233.118400	0.043793
233.118500	0.045624
233.118600	0.047760
233.118700	0.046539
233.118800	0.042572
233.118900	0.036011
233.119000	0.034332
233.119100	0.039368
233.119200	0.036774
233.119300	0.066071
233.119400	0.121155
233.119500	0.219269
233.119600	0.307007
233.119700	0.350952
233.119800	0.343628
233.119900	0.293427
233.120000	0.218658
233.120100	0.124054
233.120200	0.022125
233.120300	-0.087738
233.120400	-0.190277
233.120500	-0.257721
233.120600	-0.299988
233.120700	-0.313416
233.120800	-0.271454
233.120900	-0.185852
233.121000	-0.069885
233.121100	0.076599
233.121200	0.236511
233.121300	0.412140
233.121400	0.591888
233.121500	0.640869
233.121600	0.588226
233.121700	0.519257
233.121800	0.448608
233.121900	0.396118
233.122000	0.323639
233.122100	0.221863
233.122200	0.099487
233.122300	-0.042725
233.122400	-0.202637
233.122500	-0.379639
233.122600	-0.572662
233.122700	-0.749664
233.122800	-0.785217
233.122900	-0.679474
233.123000	-0.526733
233.123100	-0.398407
233.123200	-0.283966
233.123300	-0.186310
233.123400	-0.097351
233.123500	-0.028992
233.123600	0.013733
233.123700	0.037689
233.123800	0.052185
233.123900	0.069275
233.124000	0.093384
233.124100	0.149231
233.124200	0.212097
233.124300	0.263214
233.124400	0.289459
233.124500	0.312653
233.124600	0.312958
233.124700	0.259247
233.124800	0.173340
233.124900	0.085602
233.125000	0.023346
233.125100	0.036926
233.125200	0.175018
233.125300	0.387268
233.125400	0.588226
233.125500	0.712433
233.125600	0.764008
233.125700	0.714111
233.125800	0.524292
233.125900	0.236816
233.126000	-0.081940
233.126100	-0.422974
233.126200	-0.740662
233.126300	-0.944824
233.126400	-0.998993
233.126500	-0.948792
233.126600	-0.801697
233.126700	-0.559998
233.126800	-0.330658
233.126900	-0.152740
233.127000	-0.045776
233.127100	0.005798
233.127200	0.045624
233.127300	0.100250
233.127400	0.196838
233.127500	0.329590
233.127600	0.471039
233.127700	0.574646
233.127800	0.662384
233.127900	0.740356
233.128000	0.796967
233.128100	0.747375
233.128200	0.551910
233.128300	0.281677
233.128400	-0.010529
233.128500	-0.297852
233.128600	-0.555725
233.128700	-0.748596
233.128800	-0.831909
233.128900	-0.836182
233.129000	-0.808868
233.129100	-0.732117
233.129200	-0.550995
233.129300	-0.321350
233.129400	-0.112457
233.129500	0.016632
233.129600	0.069580
233.129700	0.072479
233.129800	0.051575
233.129900	0.031281
233.130000	0.013275
233.130100	0.014038
233.130200	0.021057
233.130300	0.035706
233.130400	0.051880
233.130500	0.062103
233.130600	0.066071
233.130700	0.061646
233.130800	0.067596
233.130900	0.061951
233.131000	0.063019
233.131100	0.068207
233.131200	0.063934
233.131300	0.064392
233.131400	0.065613
233.131500	0.071411
233.131600	0.076599
233.131700	0.082397
233.131800	0.079346
233.131900	0.083160
233.132000	0.096130
233.132100	0.096283
233.132200	0.097198
233.132300	0.097351
233.132400	0.104370
233.132500	0.106659
233.132600	0.112762
233.132700	0.112305
233.132800	0.109863
233.132900	0.104218
233.133000	0.102386
233.133100	0.085907
233.133200	0.068817
233.133300	0.060120
233.133400	0.031891
233.133500	0.015717
233.133600	0.007629
233.133700	-0.010376
233.133800	-0.016785
233.133900	-0.015411
233.134000	-0.009003
233.134100	-0.006104
233.134200	0.005188
233.134300	0.015717
233.134400	0.033569
233.134500	0.041809
233.134600	0.047150
233.134700	0.057068
233.134800	0.056152
233.134900	0.053711
233.135000	0.045319
233.135100	0.041046
233.135200	0.046692
233.135300	0.041962
233.135400	0.038910
233.135500	0.043488
233.135600	0.047150
233.135700	0.055389
233.135800	0.060272
233.135900	0.079651
233.136000	0.097198
233.136100	0.102081
233.136200	0.104370
233.136300	0.099182
233.136400	0.087891
233.136500	0.062866
233.136600	0.032654
233.136700	0.000610
233.136800	-0.017853
233.136900	-0.023804
233.137000	-0.024872
233.137100	-0.023651
233.137200	-0.017242
233.137300	0.001526
233.137400	0.014038
233.137500	0.019531
233.137600	0.028687
233.137700	0.032043
233.137800	0.031281
233.137900	0.039673
233.138000	0.033264
233.138100	0.033875
233.138200	0.061340
233.138300	0.162964
233.138400	0.481110
233.138500	1.129913
233.138600	2.144012
233.138700	3.222656
233.138800	3.885193
233.138900	3.939209
233.139000	3.537750
233.139100	2.783966
233.139200	1.710358
233.139300	0.433350
233.139400	-0.843353
233.139500	-2.173767
233.139600	-3.119659
233.139700	-3.727112
233.139800	-3.951874
233.139900	-3.677673
233.140000	-2.913818
233.140100	-1.957855
233.140200	-1.227570
233.140300	-0.627289
233.140400	-0.340729
233.140500	-0.252686
233.140600	-0.236511
233.140700	-0.239868
233.140800	-0.216064
233.140900	-0.141449
233.141000	-0.064850
233.141100	0.000153
233.141200	0.039215
233.141300	0.079956
233.141400	0.103149
233.141500	0.131836
233.141600	0.179749
233.141700	0.293427
233.141800	0.495911
233.141900	0.771637
233.142000	0.992889
233.142100	1.057892
233.142200	1.054993
233.142300	0.993195
233.142400	0.789337
233.142500	0.434723
233.142600	0.044098
233.142700	-0.349579
233.142800	-0.737305
233.142900	-1.001587
233.143000	-1.082458
233.143100	-1.028748
233.143200	-0.930176
233.143300	-0.776367
233.143400	-0.515900
233.143500	-0.285645
233.143600	-0.116730
233.143700	-0.022888
233.143800	0.018921
233.143900	0.042572
233.144000	0.049896
233.144100	0.059357
233.144200	0.074158
233.144300	0.076294
233.144400	0.083008
233.144500	0.089722
233.144600	0.109863
233.144700	0.197754
233.144800	0.399323
233.144900	0.748291
233.145000	1.184540
233.145100	1.445312
233.145200	1.523285
233.145300	1.529846
233.145400	1.356354
233.145500	0.877075
233.145600	0.329437
233.145700	-0.149689
233.145800	-0.588379
233.145900	-0.827026
233.146000	-0.823517
233.146100	-0.771637
233.146200	-0.790863
233.146300	-0.755310
233.146400	-0.679169
233.146500	-0.661163
233.146600	-0.694275
233.146700	-0.721130
233.146800	-0.723877
233.146900	-0.642548
233.147000	-0.487823
233.147100	-0.289001
233.147200	-0.106201
233.147300	0.016022
233.147400	0.063324
233.147500	0.060425
233.147600	0.024109
233.147700	-0.000763
233.147800	-0.009003
233.147900	-0.015106
233.148000	0.001526
233.148100	0.021057
233.148200	0.043488
233.148300	0.070648
233.148400	0.080414
233.148500	0.084229
233.148600	0.081635
233.148700	0.080719
233.148800	0.079956
233.148900	0.079041
233.149000	0.072174
233.149100	0.062714
233.149200	0.059052
233.149300	0.056305
233.149400	0.054169
233.149500	0.054321
233.149600	0.053101
233.149700	0.058899
233.149800	0.059357
233.149900	0.059662
233.150000	0.059814
233.150100	0.064850
233.150200	0.069427
233.150300	0.067291
233.150400	0.065918
233.150500	0.060425
233.150600	0.059509
233.150700	0.063477
233.150800	0.067291
233.150900	0.066528
233.151000	0.070801
233.151100	0.074310
233.151200	0.074921
233.151300	0.084686
233.151400	0.092773
233.151500	0.099335
233.151600	0.097809
233.151700	0.092468
233.151800	0.079803
233.151900	0.070801
233.152000	0.054169
233.152100	0.044708
233.152200	0.033264
233.152300	0.023499
233.152400	0.023956
233.152500	0.018921
233.152600	0.017395
233.152700	0.022583
233.152800	0.026855
233.152900	0.022736
233.153000	0.022278
233.153100	0.037079
233.153200	0.044861
233.153300	0.043945
233.153400	0.046692
233.153500	0.054016
233.153600	0.062866
233.153700	0.107574
233.153800	0.211029
233.153900	0.399475
233.154000	0.598297
233.154100	0.714111
233.154200	0.758362
233.154300	0.719910
233.154400	0.516968
233.154500	0.141602
233.154600	-0.275116
233.154700	-0.565033
233.154800	-0.693207
233.154900	-0.727386
233.155000	-0.664978
233.155100	-0.493774
233.155200	-0.273590
233.155300	-0.113831
233.155400	-0.027618
233.155500	0.012207
233.155600	0.018616
233.155700	0.025482
233.155800	0.027313
233.155900	0.037384
233.156000	0.040283
233.156100	0.044861
233.156200	0.051422
233.156300	0.048523
233.156400	0.053711
233.156500	0.060272
233.156600	0.054932
233.156700	0.054321
233.156800	0.055237
233.156900	0.044708
233.157000	0.043640
233.157100	0.042267
233.157200	0.043030
233.157300	0.042877
233.157400	0.045166
233.157500	0.041809
233.157600	0.048370
233.157700	0.043182
233.157800	0.048370
233.157900	0.050964
233.158000	0.049286
233.158100	0.053864
233.158200	0.047455
233.158300	0.047455
233.158400	0.048828
233.158500	0.050659
233.158600	0.050354
233.158700	0.049896
233.158800	0.052185
233.158900	0.055084
233.159000	0.056152
233.159100	0.048218
233.159200	0.046844
233.159300	0.042419
233.159400	0.045319
233.159500	0.047302
233.159600	0.046692
233.159700	0.052032
233.159800	0.052490
233.159900	0.054626
233.160000	0.055084
233.160100	0.051422
233.160200	0.050507
233.160300	0.046234
233.160400	0.042725
233.160500	0.037231
233.160600	0.032349
233.160700	0.031738
233.160800	0.029907
233.160900	0.030212
233.161000	0.033417
233.161100	0.031433
233.161200	0.035706
233.161300	0.035248
233.161400	0.036926
233.161500	0.040436
233.161600	0.041046
233.161700	0.033264
233.161800	0.039215
233.161900	0.032806
233.162000	0.033112
233.162100	0.032196
233.162200	0.030975
233.162300	0.032654
233.162400	0.026703
233.162500	0.028229
233.162600	0.031433
233.162700	0.028687
233.162800	0.036163
233.162900	0.037231
233.163000	0.041504
233.163100	0.050964
233.163200	0.051270
233.163300	0.055695
233.163400	0.058594
233.163500	0.062103
233.163600	0.055847
233.163700	0.051575
233.163800	0.049438
233.163900	0.034790
233.164000	0.025330
233.164100	0.011292
233.164200	0.003357
233.164300	-0.003510
233.164400	-0.005493
233.164500	-0.000916
233.164600	0.005341
233.164700	0.019684
233.164800	0.021820
