275.044100	0.861511
275.044200	0.856934
275.044300	0.774231
275.044400	0.475769
275.044500	-0.053711
275.044600	-0.545959
275.044700	-0.809937
275.044800	-0.907898
275.044900	-0.921631
275.045000	-0.816193
275.045100	-0.535431
275.045200	-0.271454
275.045300	-0.104675
275.045400	-0.025635
275.045500	0.004883
275.045600	0.017395
275.045700	0.027161
275.045800	0.017242
275.045900	0.013428
275.046000	0.000153
275.046100	-0.003662
275.046200	-0.013275
275.046300	-0.027771
275.046400	-0.034027
275.046500	-0.036774
275.046600	-0.038757
275.046700	-0.033417
275.046800	-0.029907
275.046900	-0.030975
275.047000	-0.030060
275.047100	-0.032959
275.047200	-0.028687
275.047300	-0.030365
275.047400	-0.014191
275.047500	-0.017090
275.047600	-0.011292
275.047700	-0.010376
275.047800	-0.007629
275.047900	-0.007629
275.048000	-0.007019
275.048100	0.003357
275.048200	0.036011
275.048300	0.106506
275.048400	0.213928
275.048500	0.346069
275.048600	0.455780
275.048700	0.506134
275.048800	0.476837
275.048900	0.390320
275.049000	0.250092
275.049100	0.081635
275.049200	-0.091400
275.049300	-0.262604
275.049400	-0.396881
275.049500	-0.496216
275.049600	-0.550690
275.049700	-0.538635
275.049800	-0.464630
275.049900	-0.356293
275.050000	-0.229797
275.050100	-0.127716
275.050200	-0.066071
275.050300	-0.030975
275.050400	-0.015869
275.050500	-0.010681
275.050600	-0.010834
275.050700	-0.014801
275.050800	-0.008850
275.050900	-0.010986
275.051000	-0.015869
275.051100	-0.020905
275.051200	-0.022278
275.051300	-0.021210
275.051400	-0.008545
275.051500	0.005188
275.051600	0.001831
275.051700	0.005798
275.051800	0.010376
275.051900	0.000916
275.052000	-0.014648
275.052100	-0.029297
275.052200	-0.037231
275.052300	-0.041962
275.052400	-0.037537
275.052500	-0.038147
275.052600	-0.035248
275.052700	-0.027313
275.052800	-0.024872
275.052900	-0.013885
275.053000	0.012817
275.053100	0.096283
275.053200	0.293121
275.053300	0.613708
275.053400	0.969696
275.053500	1.176147
275.053600	1.205750
275.053700	1.042938
275.053800	0.693207
275.053900	0.275421
275.054000	-0.069733
275.054100	-0.348511
275.054200	-0.540466
275.054300	-0.608368
275.054400	-0.641174
275.054500	-0.718536
275.054600	-0.765533
275.054700	-0.790863
275.054800	-0.757294
275.054900	-0.680542
275.055000	-0.578156
275.055100	-0.420837
275.055200	-0.229797
275.055300	-0.103149
275.055400	-0.037537
275.055500	-0.011902
275.055600	0.001373
275.055700	-0.000153
275.055800	0.001221
275.055900	0.004883
275.056000	0.011597
275.056100	0.010529
275.056200	-0.003052
275.056300	-0.015411
275.056400	-0.027771
275.056500	-0.032806
275.056600	-0.032959
275.056700	-0.045013
275.056800	-0.050812
275.056900	-0.046539
275.057000	-0.036621
275.057100	-0.029907
275.057200	-0.033875
275.057300	-0.032196
275.057400	-0.021973
275.057500	-0.016022
275.057600	-0.006104
275.057700	-0.005188
275.057800	-0.001068
275.057900	-0.007935
275.058000	-0.004730
275.058100	-0.013885
275.058200	-0.026398
275.058300	-0.035400
275.058400	-0.039062
275.058500	-0.026855
275.058600	-0.028534
275.058700	-0.021973
275.058800	-0.016479
275.058900	-0.014954
275.059000	-0.017853
275.059100	-0.023499
275.059200	-0.028076
275.059300	-0.041504
275.059400	-0.037842
275.059500	-0.047455
275.059600	-0.038910
275.059700	-0.043793
275.059800	-0.042572
275.059900	-0.043793
275.060000	-0.040283
275.060100	-0.044556
275.060200	-0.043030
275.060300	-0.048676
275.060400	-0.047302
275.060500	-0.052338
275.060600	-0.049438
275.060700	-0.047302
275.060800	-0.043488
275.060900	-0.038452
275.061000	-0.035553
275.061100	-0.032196
275.061200	-0.033264
275.061300	-0.033875
275.061400	-0.028076
275.061500	-0.026550
275.061600	-0.021667
275.061700	-0.026093
275.061800	-0.026855
275.061900	-0.023193
275.062000	-0.022736
275.062100	-0.029297
275.062200	-0.035400
275.062300	-0.033417
275.062400	-0.032196
275.062500	-0.026245
275.062600	-0.028992
275.062700	-0.032043
275.062800	-0.032043
275.062900	-0.036621
275.063000	-0.042114
275.063100	-0.036163
275.063200	-0.043335
275.063300	-0.037842
275.063400	-0.031738
275.063500	-0.032654
275.063600	-0.034637
275.063700	-0.023499
275.063800	-0.019379
275.063900	-0.023041
275.064000	-0.031738
275.064100	-0.032349
275.064200	-0.032959
275.064300	-0.032806
275.064400	-0.026703
275.064500	-0.030518
275.064600	-0.024261
275.064700	-0.020294
275.064800	-0.020599
275.064900	-0.023956
275.065000	-0.023956
275.065100	-0.022583
275.065200	-0.021667
275.065300	-0.022278
275.065400	-0.025635
275.065500	-0.033112
275.065600	-0.039215
275.065700	-0.042267
275.065800	-0.043945
275.065900	-0.041046
275.066000	-0.046082
275.066100	-0.050964
275.066200	-0.042725
275.066300	-0.032959
275.066400	-0.019684
275.066500	-0.005035
275.066600	-0.002289
275.066700	-0.007629
275.066800	-0.004883
275.066900	-0.009918
275.067000	-0.017700
275.067100	-0.020142
275.067200	-0.028687
275.067300	-0.036774
275.067400	-0.036621
275.067500	-0.039825
275.067600	-0.040131
275.067700	-0.043793
275.067800	-0.039368
275.067900	-0.035248
275.068000	-0.027008
275.068100	-0.024719
275.068200	-0.022278
275.068300	-0.025787
275.068400	-0.043182
275.068500	-0.052643
275.068600	-0.057220
275.068700	-0.056458
275.068800	-0.046234
275.068900	0.008392
275.069000	0.181122
275.069100	0.588531
275.069200	1.307983
275.069300	2.171936
275.069400	2.785797
275.069500	2.972565
275.069600	2.690125
275.069700	1.864166
275.069800	0.657654
275.069900	-0.588989
275.070000	-1.908722
275.070100	-2.818909
275.070200	-3.199463
275.070300	-3.127289
275.070400	-2.647705
275.070500	-1.857300
275.070600	-1.206665
275.070700	-0.476685
275.070800	-0.182800
275.070900	-0.064392
275.071000	-0.020752
275.071100	-0.009613
275.071200	-0.005951
275.071300	-0.002136
275.071400	-0.004730
275.071500	-0.007935
275.071600	-0.012360
275.071700	-0.009003
275.071800	-0.005951
275.071900	0.001984
275.072000	0.007172
275.072100	0.013428
275.072200	0.014343
275.072300	0.012512
275.072400	0.010986
275.072500	0.007477
275.072600	0.005341
275.072700	0.003204
275.072800	0.008698
275.072900	0.007324
275.073000	0.007172
275.073100	0.006104
275.073200	0.001526
275.073300	-0.009155
275.073400	-0.021820
275.073500	-0.031433
275.073600	-0.043640
275.073700	-0.044250
275.073800	-0.041351
275.073900	-0.035706
275.074000	-0.030670
275.074100	-0.029144
275.074200	-0.029602
275.074300	-0.020447
275.074400	-0.012665
275.074500	-0.014648
275.074600	-0.014038
275.074700	-0.018921
275.074800	-0.025330
275.074900	-0.027924
275.075000	-0.029755
275.075100	-0.029144
275.075200	-0.029755
275.075300	-0.028992
275.075400	-0.025940
275.075500	-0.021973
275.075600	-0.000916
275.075700	0.062103
275.075800	0.237427
275.075900	0.566864
275.076000	0.945587
275.076100	1.130066
275.076200	1.148376
275.076300	0.966492
275.076400	0.510406
275.076500	-0.032501
275.076600	-0.568848
275.076700	-1.005249
275.076800	-1.180878
275.076900	-1.189880
275.077000	-1.006470
275.077100	-0.688019
275.077200	-0.380554
275.077300	-0.185242
275.077400	-0.089874
275.077500	-0.050354
275.077600	-0.039520
275.077700	-0.025482
275.077800	-0.008240
275.077900	0.012970
275.078000	0.054932
275.078100	0.130768
275.078200	0.235291
275.078300	0.327759
275.078400	0.366669
275.078500	0.334167
275.078600	0.256042
275.078700	0.145721
275.078800	0.034332
275.078900	-0.072937
275.079000	-0.158997
275.079100	-0.224304
275.079200	-0.252380
275.079300	-0.285034
275.079400	-0.296631
275.079500	-0.247040
275.079600	-0.170288
275.079700	-0.095673
275.079800	-0.057983
275.079900	-0.056763
275.080000	-0.070648
275.080100	-0.082092
275.080200	-0.111237
275.080300	-0.127411
275.080400	-0.161591
275.080500	-0.174561
275.080600	-0.144501
275.080700	-0.101318
275.080800	-0.068054
275.080900	-0.043945
275.081000	-0.030670
275.081100	-0.023499
275.081200	-0.017700
275.081300	-0.018311
275.081400	-0.017395
275.081500	-0.012817
275.081600	-0.009918
275.081700	-0.014191
275.081800	-0.011902
275.081900	-0.016174
275.082000	-0.012207
275.082100	-0.011444
275.082200	-0.009613
275.082300	-0.006561
275.082400	-0.004730
275.082500	-0.006714
275.082600	-0.000305
275.082700	-0.002136
275.082800	-0.007629
275.082900	-0.009613
275.083000	-0.011597
275.083100	-0.008392
275.083200	0.007324
275.083300	0.029449
275.083400	0.057526
275.083500	0.078583
275.083600	0.083466
275.083700	0.084534
275.083800	0.077820
275.083900	0.071716
275.084000	0.086517
275.084100	0.118713
275.084200	0.162964
275.084300	0.236969
275.084400	0.408783
275.084500	0.659485
275.084600	0.859833
275.084700	0.917358
275.084800	0.794830
275.084900	0.393829
275.085000	-0.163422
275.085100	-0.709534
275.085200	-1.134033
275.085300	-1.312561
275.085400	-1.230316
275.085500	-0.977783
275.085600	-0.615082
275.085700	-0.312195
275.085800	-0.137634
275.085900	-0.050507
275.086000	-0.016937
275.086100	-0.004425
275.086200	-0.009155
275.086300	-0.005188
275.086400	0.001678
275.086500	0.021515
275.086600	0.058899
275.086700	0.092163
275.086800	0.101624
275.086900	0.104523
275.087000	0.100250
275.087100	0.069275
275.087200	0.005188
275.087300	-0.060730
275.087400	-0.107727
275.087500	-0.126495
275.087600	-0.131073
275.087700	-0.137787
275.087800	-0.124054
275.087900	-0.086060
275.088000	-0.053406
275.088100	-0.043488
275.088200	-0.025482
275.088300	-0.022888
275.088400	-0.017853
275.088500	-0.013275
275.088600	-0.013275
275.088700	-0.010529
275.088800	-0.012054
275.088900	-0.024414
275.089000	-0.032501
275.089100	-0.037689
275.089200	-0.048828
275.089300	-0.051727
275.089400	-0.048828
275.089500	-0.045471
275.089600	-0.039673
275.089700	-0.035248
275.089800	-0.031281
275.089900	-0.025330
275.090000	-0.017700
275.090100	-0.003357
275.090200	0.005951
275.090300	0.011292
275.090400	0.009460
275.090500	0.002136
275.090600	-0.014038
275.090700	-0.025482
275.090800	-0.038757
275.090900	-0.050049
275.091000	-0.051422
275.091100	-0.055237
275.091200	-0.045013
275.091300	-0.029755
275.091400	-0.019379
275.091500	-0.005646
275.091600	0.003967
275.091700	0.005646
275.091800	0.000916
275.091900	-0.003052
275.092000	-0.009308
275.092100	-0.024261
275.092200	-0.036316
275.092300	-0.049133
275.092400	-0.056763
275.092500	-0.055695
275.092600	-0.052185
275.092700	-0.042572
275.092800	-0.037689
275.092900	-0.030518
275.093000	-0.027313
275.093100	-0.028839
275.093200	-0.019989
275.093300	-0.028381
275.093400	-0.025024
275.093500	-0.022278
275.093600	-0.016174
275.093700	-0.017548
275.093800	-0.020294
275.093900	-0.019073
275.094000	-0.004425
275.094100	0.023041
275.094200	0.061798
275.094300	0.100098
275.094400	0.138702
275.094500	0.137329
275.094600	0.097351
275.094700	0.053101
275.094800	-0.015717
275.094900	-0.084381
275.095000	-0.152588
275.095100	-0.212860
275.095200	-0.240784
275.095300	-0.269928
275.095400	-0.248871
275.095500	-0.186768
275.095600	-0.103149
275.095700	-0.054321
275.095800	-0.034180
275.095900	-0.025024
275.096000	-0.015869
275.096100	-0.013275
275.096200	-0.011902
275.096300	-0.016479
275.096400	-0.017090
275.096500	-0.017395
275.096600	-0.010071
275.096700	-0.006409
275.096800	-0.008087
275.096900	-0.005646
275.097000	-0.014343
275.097100	-0.025330
275.097200	-0.033722
275.097300	-0.037994
275.097400	-0.035706
275.097500	-0.023499
275.097600	0.013733
