319.280900	0.484161
319.281000	0.412903
319.281100	0.356903
319.281200	0.295868
319.281300	0.244598
319.281400	0.200348
319.281500	0.156250
319.281600	0.121002
319.281700	0.096130
319.281800	0.068512
319.281900	0.046082
319.282000	0.022278
319.282100	0.003815
319.282200	-0.002441
319.282300	-0.008698
319.282400	-0.014496
319.282500	-0.019073
319.282600	-0.023804
319.282700	-0.024719
319.282800	-0.021667
319.282900	-0.021362
319.283000	-0.026855
319.283100	-0.027924
319.283200	-0.022583
319.283300	-0.022888
319.283400	-0.026703
319.283500	-0.026855
319.283600	-0.025330
319.283700	-0.023804
319.283800	-0.026245
319.283900	-0.027008
319.284000	-0.027161
319.284100	-0.025330
319.284200	-0.031586
319.284300	-0.031128
319.284400	-0.036469
319.284500	-0.040283
319.284600	-0.038147
319.284700	-0.032043
319.284800	-0.033875
319.284900	-0.029602
319.285000	-0.032806
319.285100	-0.028076
319.285200	-0.025940
319.285300	-0.030518
319.285400	-0.027618
319.285500	-0.026703
319.285600	-0.033569
319.285700	-0.043182
319.285800	-0.047913
319.285900	-0.058136
319.286000	-0.073547
319.286100	-0.090179
319.286200	-0.119934
319.286300	-0.148010
319.286400	-0.187836
319.286500	-0.231323
319.286600	-0.281982
319.286700	-0.325928
319.286800	-0.369110
319.286900	-0.413971
319.287000	-0.441742
319.287100	-0.465088
319.287200	-0.472412
319.287300	-0.467682
319.287400	-0.457001
319.287500	-0.434723
319.287600	-0.406189
319.287700	-0.377808
319.287800	-0.345917
319.287900	-0.311890
319.288000	-0.276794
319.288100	-0.238647
319.288200	-0.194092
319.288300	-0.146027
319.288400	-0.093231
319.288500	-0.043640
319.288600	0.013123
319.288700	0.070190
319.288800	0.126190
319.288900	0.184021
319.289000	0.247345
319.289100	0.294647
319.289200	0.346222
319.289300	0.388641
319.289400	0.431366
319.289500	0.473328
319.289600	0.499878
319.289700	0.523376
319.289800	0.552063
319.289900	0.568390
319.290000	0.579224
319.290100	0.585632
319.290200	0.581207
319.290300	0.560760
319.290400	0.525208
319.290500	0.479736
319.290600	0.420685
319.290700	0.356293
319.290800	0.307770
319.290900	0.252228
319.291000	0.202332
319.291100	0.162354
319.291200	0.129242
319.291300	0.099335
319.291400	0.080719
319.291500	0.062103
319.291600	0.049591
319.291700	0.043488
319.291800	0.032043
319.291900	0.026398
319.292000	0.017395
319.292100	0.010986
319.292200	0.000458
319.292300	0.004578
319.292400	-0.002289
319.292500	-0.007477
319.292600	-0.007477
319.292700	-0.009155
319.292800	-0.013275
319.292900	-0.014954
319.293000	-0.016327
319.293100	-0.018158
319.293200	-0.016022
319.293300	-0.015106
319.293400	-0.014038
319.293500	-0.014343
319.293600	-0.014343
319.293700	-0.009460
319.293800	-0.007782
319.293900	-0.010529
319.294000	-0.014038
319.294100	-0.013275
319.294200	-0.004425
319.294300	-0.003815
319.294400	-0.002594
319.294500	0.000305
319.294600	0.003357
319.294700	0.005798
319.294800	0.007172
319.294900	0.005188
319.295000	0.009003
319.295100	0.009613
319.295200	0.013275
319.295300	0.007629
319.295400	0.014954
319.295500	0.008087
319.295600	0.005341
319.295700	0.004883
319.295800	0.009918
319.295900	0.014801
319.296000	0.008850
319.296100	0.003357
319.296200	0.000305
319.296300	0.000458
319.296400	-0.001526
319.296500	-0.005188
319.296600	-0.012817
319.296700	-0.005035
319.296800	-0.007019
319.296900	-0.010529
319.297000	-0.011292
319.297100	-0.012817
319.297200	-0.014191
319.297300	-0.010834
319.297400	-0.010376
319.297500	-0.016937
319.297600	-0.009460
319.297700	-0.007629
319.297800	-0.007935
319.297900	-0.007019
319.298000	-0.005341
319.298100	-0.006866
319.298200	-0.000916
319.298300	0.003357
319.298400	0.000916
319.298500	0.002594
319.298600	0.005951
319.298700	0.009613
319.298800	0.012970
319.298900	0.018768
319.299000	0.012970
319.299100	0.020905
319.299200	0.025177
319.299300	0.030212
319.299400	0.037537
319.299500	0.034943
319.299600	0.030518
319.299700	0.037689
319.299800	0.041199
319.299900	0.046387
319.300000	0.044861
319.300100	0.048828
319.300200	0.050049
319.300300	0.051880
319.300400	0.055237
319.300500	0.054016
319.300600	0.051880
319.300700	0.050201
319.300800	0.051727
319.300900	0.046692
319.301000	0.049133
319.301100	0.049438
319.301200	0.045471
319.301300	0.045624
319.301400	0.047913
319.301500	0.047455
319.301600	0.045166
319.301700	0.040283
319.301800	0.044708
319.301900	0.046387
319.302000	0.044861
319.302100	0.038605
319.302200	0.040741
319.302300	0.034790
319.302400	0.037994
319.302500	0.030823
319.302600	0.029297
319.302700	0.026245
319.302800	0.023041
319.302900	0.027466
319.303000	0.027924
319.303100	0.028076
319.303200	0.023499
319.303300	0.025635
319.303400	0.025787
319.303500	0.019073
319.303600	0.022125
319.303700	0.023041
319.303800	0.022736
319.303900	0.022736
319.304000	0.017700
319.304100	0.021362
319.304200	0.026245
319.304300	0.026550
319.304400	0.024414
319.304500	0.021667
319.304600	0.020142
319.304700	0.017853
319.304800	0.019226
319.304900	0.018921
319.305000	0.020142
319.305100	0.021210
319.305200	0.021667
319.305300	0.016632
319.305400	0.018921
319.305500	0.020142
319.305600	0.020752
319.305700	0.014801
319.305800	0.012817
319.305900	0.013733
319.306000	0.015106
319.306100	0.012665
319.306200	0.018616
319.306300	0.017090
319.306400	0.013733
319.306500	0.015717
319.306600	0.014954
319.306700	0.014954
319.306800	0.013275
319.306900	0.014038
319.307000	0.015259
319.307100	0.013428
319.307200	0.011902
319.307300	0.016937
319.307400	0.012817
319.307500	0.011749
319.307600	0.017700
319.307700	0.013733
319.307800	0.012970
319.307900	0.016174
319.308000	0.017090
319.308100	0.018158
319.308200	0.016174
319.308300	0.021973
319.308400	0.013580
319.308500	0.013885
319.308600	0.018005
319.308700	0.014038
319.308800	0.016479
319.308900	0.018768
319.309000	0.016479
319.309100	0.017548
319.309200	0.016174
319.309300	0.015717
319.309400	0.015717
319.309500	0.013428
319.309600	0.021057
319.309700	0.015259
319.309800	0.015259
319.309900	0.018005
319.310000	0.022278
319.310100	0.024109
319.310200	0.022888
319.310300	0.018616
319.310400	0.022430
319.310500	0.016632
319.310600	0.020447
319.310700	0.021057
319.310800	0.025940
319.310900	0.023956
319.311000	0.030060
319.311100	0.025940
319.311200	0.020599
319.311300	0.019226
319.311400	0.023499
319.311500	0.020294
319.311600	0.021515
319.311700	0.020752
319.311800	0.024567
319.311900	0.016632
319.312000	0.016785
319.312100	0.019684
319.312200	0.018158
319.312300	0.012512
319.312400	0.012360
319.312500	0.008392
319.312600	0.006104
319.312700	-0.001678
319.312800	-0.011749
319.312900	-0.022430
319.313000	-0.034943
319.313100	-0.052185
319.313200	-0.068054
319.313300	-0.077362
319.313400	-0.087891
319.313500	-0.102234
319.313600	-0.105743
319.313700	-0.115204
319.313800	-0.128174
319.313900	-0.127258
319.314000	-0.130920
319.314100	-0.132904
319.314200	-0.131378
319.314300	-0.131989
319.314400	-0.131836
319.314500	-0.118408
319.314600	-0.108948
319.314700	-0.094147
319.314800	-0.076752
319.314900	-0.049591
319.315000	-0.026093
319.315100	0.002747
319.315200	0.024109
319.315300	0.049744
319.315400	0.071259
319.315500	0.093689
319.315600	0.115814
319.315700	0.137787
319.315800	0.162201
319.315900	0.181274
319.316000	0.196381
319.316100	0.209198
319.316200	0.215149
319.316300	0.222168
319.316400	0.225525
319.316500	0.221710
319.316600	0.226593
319.316700	0.221252
319.316800	0.219727
319.316900	0.208282
319.317000	0.199127
319.317100	0.186462
319.317200	0.172729
319.317300	0.151215
319.317400	0.135345
319.317500	0.119629
319.317600	0.098267
319.317700	0.079803
319.317800	0.068359
319.317900	0.059357
319.318000	0.044250
319.318100	0.039062
319.318200	0.035858
319.318300	0.024109
319.318400	0.021515
319.318500	0.022430
319.318600	0.016937
319.318700	0.016022
319.318800	0.014038
319.318900	0.013885
319.319000	0.004730
319.319100	0.006256
319.319200	0.004883
319.319300	0.002136
319.319400	-0.009613
319.319500	-0.004578
319.319600	-0.010071
319.319700	-0.013275
319.319800	-0.019836
319.319900	-0.024872
319.320000	-0.030823
319.320100	-0.028381
319.320200	-0.029144
319.320300	-0.026245
319.320400	-0.033264
319.320500	-0.029602
319.320600	-0.030365
319.320700	-0.031738
319.320800	-0.039673
319.320900	-0.051727
319.321000	-0.067291
319.321100	-0.090637
319.321200	-0.121307
319.321300	-0.152740
319.321400	-0.191345
319.321500	-0.232849
319.321600	-0.282745
319.321700	-0.339813
319.321800	-0.417023
319.321900	-0.514221
319.322000	-0.625458
319.322100	-0.739288
319.322200	-0.856323
319.322300	-0.960693
319.322400	-1.027679
319.322500	-1.051178
319.322600	-1.044006
319.322700	-1.019135
319.322800	-0.993042
319.322900	-0.970764
319.323000	-0.958862
319.323100	-0.953064
319.323200	-0.958099
319.323300	-0.979462
319.323400	-0.992279
319.323500	-1.013336
319.323600	-1.016235
319.323700	-0.990143
319.323800	-0.917358
319.323900	-0.795441
319.324000	-0.612488
319.324100	-0.399170
319.324200	-0.170288
319.324300	0.050201
319.324400	0.275269
319.324500	0.497131
319.324600	0.710449
319.324700	0.928802
319.324800	1.126862
319.324900	1.291046
319.325000	1.420898
319.325100	1.496277
319.325200	1.525726
319.325300	1.513977
319.325400	1.477814
319.325500	1.423035
319.325600	1.372986
319.325700	1.329041
319.325800	1.291199
319.325900	1.258087
319.326000	1.224670
319.326100	1.195068
319.326200	1.158295
319.326300	1.084747
319.326400	0.986633
319.326500	0.848846
319.326600	0.707550
319.326700	0.574188
319.326800	0.451660
319.326900	0.343628
319.327000	0.266266
319.327100	0.199890
319.327200	0.145721
319.327300	0.093842
319.327400	0.053406
319.327500	0.024872
319.327600	0.009460
319.327700	-0.004272
319.327800	-0.016632
319.327900	-0.021667
319.328000	-0.021667
319.328100	-0.022278
319.328200	-0.024872
319.328300	-0.027618
319.328400	-0.029907
319.328500	-0.030212
319.328600	-0.029907
319.328700	-0.029144
319.328800	-0.025940
319.328900	-0.024719
319.329000	-0.022278
319.329100	-0.025482
319.329200	-0.022430
319.329300	-0.024109
319.329400	-0.024872
319.329500	-0.025635
319.329600	-0.027161
319.329700	-0.026855
319.329800	-0.030518
319.329900	-0.028076
319.330000	-0.022583
319.330100	-0.026093
319.330200	-0.023804
319.330300	-0.023041
319.330400	-0.023346
319.330500	-0.019684
319.330600	-0.017700
319.330700	-0.018463
319.330800	-0.011597
319.330900	-0.011139
319.331000	-0.008240
319.331100	-0.009918
319.331200	-0.008545
319.331300	-0.006409
319.331400	-0.007782
319.331500	-0.008392
319.331600	-0.004883
319.331700	-0.003815
319.331800	-0.008392
319.331900	-0.000458
319.332000	0.000916
319.332100	0.000305
319.332200	0.002594
319.332300	0.000763
319.332400	0.002441
319.332500	0.000763
319.332600	0.002747
319.332700	0.005341
319.332800	0.005798
319.332900	0.004272
319.333000	0.008698
319.333100	0.003204
319.333200	0.003662
319.333300	0.002441
319.333400	-0.001831
319.333500	-0.000305
319.333600	0.002747
319.333700	0.003967
319.333800	0.011444
319.333900	0.007324
319.334000	0.005035
319.334100	0.009918
319.334200	0.010529
319.334300	0.010986
319.334400	0.008240
