394.698500	0.105896
394.698600	0.102997
394.698700	0.103455
394.698800	0.103302
394.698900	0.101318
394.699000	0.106659
394.699100	0.104675
394.699200	0.111389
394.699300	0.110016
394.699400	0.110626
394.699500	0.109558
394.699600	0.110779
394.699700	0.106354
394.699800	0.105286
394.699900	0.101776
394.700000	0.101929
394.700100	0.104980
394.700200	0.100098
394.700300	0.100250
394.700400	0.098724
394.700500	0.097809
394.700600	0.091400
394.700700	0.090637
394.700800	0.088654
394.700900	0.083160
394.701000	0.078125
394.701100	0.080414
394.701200	0.076904
394.701300	0.079498
394.701400	0.076447
394.701500	0.086212
394.701600	0.086517
394.701700	0.085449
394.701800	0.081177
394.701900	0.079498
394.702000	0.079651
394.702100	0.083008
394.702200	0.085449
394.702300	0.086823
394.702400	0.086670
394.702500	0.085602
394.702600	0.082855
394.702700	0.086517
394.702800	0.085144
394.702900	0.089569
394.703000	0.088501
394.703100	0.090790
394.703200	0.088043
394.703300	0.090942
394.703400	0.084534
394.703500	0.084991
394.703600	0.085754
394.703700	0.084839
394.703800	0.081482
394.703900	0.085602
394.704000	0.084686
394.704100	0.088501
394.704200	0.092926
394.704300	0.094147
394.704400	0.105591
394.704500	0.105286
394.704600	0.100250
394.704700	0.108795
394.704800	0.107880
394.704900	0.103760
394.705000	0.108490
394.705100	0.124817
394.705200	0.137329
394.705300	0.167847
394.705400	0.205688
394.705500	0.252075
394.705600	0.321960
394.705700	0.396881
394.705800	0.501556
394.705900	0.608368
394.706000	0.707245
394.706100	0.765076
394.706200	0.775757
394.706300	0.742798
394.706400	0.698242
394.706500	0.639801
394.706600	0.587921
394.706700	0.543823
394.706800	0.518799
394.706900	0.536041
394.707000	0.572815
394.707100	0.650482
394.707200	0.787048
394.707300	0.979004
394.707400	1.193848
394.707500	1.403961
394.707600	1.521149
394.707700	1.538239
394.707800	1.462860
394.707900	1.348877
394.708000	1.209717
394.708100	1.047058
394.708200	0.852814
394.708300	0.598450
394.708400	0.276794
394.708500	-0.116882
394.708600	-0.544128
394.708700	-0.899811
394.708800	-1.141663
394.708900	-1.533508
394.709000	-1.731873
394.709100	-1.871338
394.709200	-1.961823
394.709300	-2.006073
394.709400	-2.035217
394.709500	-2.041626
394.709600	-2.048340
394.709700	-2.022400
394.709800	-1.935730
394.709900	-1.761017
394.710000	-1.489868
394.710100	-1.228943
394.710200	-0.841217
394.710300	-0.552063
394.710400	-0.302887
394.710500	-0.127258
394.710600	0.011902
394.710700	0.101776
394.710800	0.188904
394.710900	0.258179
394.711000	0.345917
394.711100	0.460358
394.711200	0.597076
394.711300	0.769958
394.711400	0.957336
394.711500	1.143494
394.711600	1.289673
394.711700	1.366730
394.711800	1.402740
394.711900	1.416321
394.712000	1.398010
394.712100	1.353912
394.712200	1.257324
394.712300	1.080933
394.712400	0.824127
394.712500	0.524597
394.712600	0.212860
394.712700	-0.102997
394.712800	-0.416870
394.712900	-0.704498
394.713000	-0.946960
394.713100	-1.128998
394.713200	-1.190491
394.713300	-1.290588
394.713400	-1.289978
394.713500	-1.268311
394.713600	-1.220093
394.713700	-1.211853
394.713800	-1.028595
394.713900	-0.856628
394.714000	-0.659637
394.714100	-0.455780
394.714200	-0.282745
394.714300	-0.143127
394.714400	-0.033722
394.714500	0.044098
394.714600	0.095825
394.714700	0.137482
394.714800	0.181885
394.714900	0.231934
394.715000	0.311890
394.715100	0.412598
394.715200	0.541687
394.715300	0.709991
394.715400	0.911407
394.715500	1.168365
394.715600	1.458740
394.715700	1.738586
394.715800	1.948853
394.715900	2.047119
394.716000	2.056122
394.716100	2.020874
394.716200	1.979980
394.716300	1.944885
394.716400	1.897278
394.716500	1.821899
394.716600	1.671906
394.716700	1.425781
394.716800	1.112366
394.716900	0.799103
394.717000	0.529480
394.717100	0.300598
394.717200	0.101776
394.717300	-0.098419
394.717400	-0.310059
394.717500	-0.549774
394.717600	-0.737305
394.717700	-0.852356
394.717800	-0.885010
394.717900	-0.861816
394.718000	-0.820312
394.718100	-0.796814
394.718200	-0.809937
394.718300	-0.879822
394.718400	-0.958557
394.718500	-1.005096
394.718600	-1.003723
394.718700	-0.971222
394.718800	-0.947876
394.718900	-0.940399
394.719000	-0.964508
394.719100	-0.988617
394.719200	-0.987854
394.719300	-0.926361
394.719400	-0.791931
394.719500	-0.607758
394.719600	-0.428772
394.719700	-0.308075
394.719800	-0.237122
394.719900	-0.183563
394.720000	-0.135040
394.720100	-0.081635
394.720200	-0.011444
394.720300	0.049896
394.720400	0.067749
394.720500	0.024567
394.720600	-0.079956
394.720700	-0.228577
394.720800	-0.384979
394.720900	-0.532074
394.721000	-0.641174
394.721100	-0.715942
394.721200	-0.757904
394.721300	-0.773621
394.721400	-0.765686
394.721500	-0.732269
394.721600	-0.661316
394.721700	-0.525665
394.721800	-0.308685
394.721900	-0.041962
394.722000	0.243530
394.722100	0.485840
394.722200	0.669098
394.722300	0.794373
394.722400	0.891724
394.722500	0.940247
394.722600	0.946503
394.722700	0.899658
394.722800	0.782013
394.722900	0.599518
394.723000	0.361481
394.723100	0.096436
394.723200	-0.158691
394.723300	-0.396729
394.723400	-0.580597
394.723500	-0.697021
394.723600	-0.758362
394.723700	-0.770874
394.723800	-0.773010
394.723900	-0.757446
394.724000	-0.735016
394.724100	-0.685577
394.724200	-0.604553
394.724300	-0.487976
394.724400	-0.342712
394.724500	-0.196075
394.724600	-0.066223
394.724700	0.032959
394.724800	0.108490
394.724900	0.155640
394.725000	0.193939
394.725100	0.214539
394.725200	0.217285
394.725300	0.223083
394.725400	0.223999
394.725500	0.217743
394.725600	0.217133
394.725700	0.218964
394.725800	0.222931
394.725900	0.215454
394.726000	0.214386
394.726100	0.207977
394.726200	0.202942
394.726300	0.201569
394.726400	0.198669
394.726500	0.188599
394.726600	0.185547
394.726700	0.183563
394.726800	0.177765
394.726900	0.171967
394.727000	0.170746
394.727100	0.171661
394.727200	0.163879
394.727300	0.157166
394.727400	0.154724
394.727500	0.159149
394.727600	0.157928
394.727700	0.156708
394.727800	0.160370
394.727900	0.166931
394.728000	0.165253
394.728100	0.164795
394.728200	0.173950
394.728300	0.170441
394.728400	0.174561
394.728500	0.178680
394.728600	0.182953
394.728700	0.179901
394.728800	0.189056
394.728900	0.187225
394.729000	0.189819
394.729100	0.182495
394.729200	0.184479
394.729300	0.186768
394.729400	0.187073
394.729500	0.183716
394.729600	0.187073
394.729700	0.195007
394.729800	0.214996
394.729900	0.243378
394.730000	0.281372
394.730100	0.318451
394.730200	0.359192
394.730300	0.404205
394.730400	0.436249
394.730500	0.456238
394.730600	0.464020
394.730700	0.450134
394.730800	0.425262
394.730900	0.403290
394.731000	0.366211
394.731100	0.319824
394.731200	0.270386
394.731300	0.218048
394.731400	0.161591
394.731500	0.100403
394.731600	0.044556
394.731700	-0.011444
394.731800	-0.063324
394.731900	-0.108490
394.732000	-0.150146
394.732100	-0.189209
394.732200	-0.216980
394.732300	-0.233459
394.732400	-0.254364
394.732500	-0.259705
394.732600	-0.249481
394.732700	-0.238647
394.732800	-0.204773
394.732900	-0.166779
394.733000	-0.123596
394.733100	-0.079041
394.733200	-0.028076
394.733300	0.010529
394.733400	0.046234
394.733500	0.076904
394.733600	0.098114
394.733700	0.105438
394.733800	0.110474
394.733900	0.113983
394.734000	0.110779
394.734100	0.118713
394.734200	0.114899
394.734300	0.114746
394.734400	0.116577
394.734500	0.110779
394.734600	0.106506
394.734700	0.114899
394.734800	0.115509
394.734900	0.112000
394.735000	0.107880
394.735100	0.105591
394.735200	0.111389
394.735300	0.106354
394.735400	0.103149
394.735500	0.103760
394.735600	0.105438
394.735700	0.105743
394.735800	0.101929
394.735900	0.101776
394.736000	0.107422
394.736100	0.108032
394.736200	0.103607
394.736300	0.099640
394.736400	0.106506
394.736500	0.102844
394.736600	0.098114
394.736700	0.096893
394.736800	0.096588
394.736900	0.095367
394.737000	0.101776
394.737100	0.104065
394.737200	0.106049
394.737300	0.107117
394.737400	0.099640
394.737500	0.101013
394.737600	0.105133
394.737700	0.118103
394.737800	0.126648
394.737900	0.132599
394.738000	0.157318
394.738100	0.174713
394.738200	0.184174
394.738300	0.189819
394.738400	0.184937
394.738500	0.177155
394.738600	0.175629
394.738700	0.169373
394.738800	0.162811
394.738900	0.161743
394.739000	0.153961
394.739100	0.134277
394.739200	0.102234
394.739300	0.063782
394.739400	0.016479
394.739500	-0.026398
394.739600	-0.058594
394.739700	-0.074310
394.739800	-0.073395
394.739900	-0.045624
394.740000	-0.007629
394.740100	0.030670
394.740200	0.054474
394.740300	0.083313
394.740400	0.101929
394.740500	0.128326
394.740600	0.148926
394.740700	0.160522
394.740800	0.167542
394.740900	0.160522
394.741000	0.153198
394.741100	0.137024
394.741200	0.115509
394.741300	0.081635
394.741400	0.054932
394.741500	0.026703
394.741600	-0.013733
394.741700	-0.036621
394.741800	-0.057983
394.741900	-0.071564
394.742000	-0.083313
394.742100	-0.073242
394.742200	-0.069885
394.742300	-0.065155
394.742400	-0.048828
394.742500	-0.040741
394.742600	-0.026398
394.742700	0.006256
394.742800	0.018921
394.742900	0.038452
394.743000	0.057220
394.743100	0.071564
394.743200	0.073547
394.743300	0.080719
394.743400	0.082855
394.743500	0.081024
394.743600	0.076904
394.743700	0.081787
394.743800	0.075226
394.743900	0.071869
394.744000	0.075073
394.744100	0.075836
394.744200	0.071869
394.744300	0.081635
394.744400	0.084839
394.744500	0.085602
394.744600	0.092010
394.744700	0.090790
394.744800	0.092163
394.744900	0.090332
394.745000	0.094299
394.745100	0.093689
394.745200	0.094910
394.745300	0.088959
394.745400	0.097656
394.745500	0.091095
394.745600	0.093536
394.745700	0.098724
394.745800	0.096588
394.745900	0.099335
394.746000	0.097961
394.746100	0.097656
394.746200	0.098877
394.746300	0.099030
394.746400	0.097198
394.746500	0.099030
394.746600	0.099030
394.746700	0.101929
394.746800	0.105133
394.746900	0.104065
394.747000	0.109406
394.747100	0.115967
394.747200	0.117798
394.747300	0.127411
394.747400	0.138550
394.747500	0.149078
394.747600	0.158997
394.747700	0.165558
394.747800	0.171051
394.747900	0.168762
394.748000	0.170898
394.748100	0.170288
394.748200	0.164795
394.748300	0.164490
394.748400	0.148315
394.748500	0.135040
394.748600	0.117950
394.748700	0.096588
394.748800	0.070953
394.748900	0.050049
394.749000	0.044556
394.749100	0.029907
394.749200	0.017548
394.749300	0.020447
394.749400	0.016479
394.749500	0.019684
394.749600	0.021210
394.749700	0.012360
394.749800	0.013733
394.749900	0.017090
394.750000	0.017700
394.750100	0.022278
394.750200	0.034180
394.750300	0.044403
394.750400	0.046844
394.750500	0.059662
394.750600	0.068359
394.750700	0.060120
394.750800	0.063782
394.750900	0.055237
394.751000	0.054626
394.751100	0.059204
394.751200	0.048523
394.751300	0.047760
394.751400	0.043335
394.751500	0.043030
394.751600	0.050049
394.751700	0.052795
394.751800	0.049133
394.751900	0.050507
394.752000	0.056915
