255.690500	0.044861
255.690600	0.047455
255.690700	0.052643
255.690800	0.051422
255.690900	0.055389
255.691000	0.048523
255.691100	0.049896
255.691200	0.052795
255.691300	0.050049
255.691400	0.047302
255.691500	0.051117
255.691600	0.042725
255.691700	0.028839
255.691800	0.020142
255.691900	0.013123
255.692000	0.010681
255.692100	0.006256
255.692200	0.006409
255.692300	0.025482
255.692400	0.035706
255.692500	0.038605
255.692600	0.045166
255.692700	0.046387
255.692800	0.041962
255.692900	0.042419
255.693000	0.033112
255.693100	0.030670
255.693200	0.039520
255.693300	0.038147
255.693400	0.043335
255.693500	0.032043
255.693600	0.028992
255.693700	0.031281
255.693800	0.020905
255.693900	0.010376
255.694000	0.016632
255.694100	0.009460
255.694200	0.013580
255.694300	0.016937
255.694400	0.023041
255.694500	0.033112
255.694600	0.032043
255.694700	0.032959
255.694800	0.036469
255.694900	0.037384
255.695000	0.039215
255.695100	0.035553
255.695200	0.038147
255.695300	0.039215
255.695400	0.039062
255.695500	0.036621
255.695600	0.035400
255.695700	0.030518
255.695800	0.034943
255.695900	0.036774
255.696000	0.039062
255.696100	0.040436
255.696200	0.040894
255.696300	0.040741
255.696400	0.042725
255.696500	0.039673
255.696600	0.035095
255.696700	0.035858
255.696800	0.030823
255.696900	0.020905
255.697000	0.016327
255.697100	0.010986
255.697200	0.013733
255.697300	0.013275
255.697400	0.012207
255.697500	0.008392
255.697600	0.013733
255.697700	0.017548
255.697800	0.017548
255.697900	0.019989
255.698000	0.021210
255.698100	0.014191
255.698200	0.017090
255.698300	0.023346
255.698400	0.024567
255.698500	0.030060
255.698600	0.026855
255.698700	0.035248
255.698800	0.039368
255.698900	0.039673
255.699000	0.036621
255.699100	0.034790
255.699200	0.035706
255.699300	0.033875
255.699400	0.032806
255.699500	0.030975
255.699600	0.027618
255.699700	0.029449
255.699800	0.025635
255.699900	0.026093
255.700000	0.031738
255.700100	0.032349
255.700200	0.036163
255.700300	0.047913
255.700400	0.082550
255.700500	0.122070
255.700600	0.146790
255.700700	0.152740
255.700800	0.133514
255.700900	0.094452
255.701000	0.044861
255.701100	-0.016785
255.701200	-0.057373
255.701300	-0.077667
255.701400	-0.077972
255.701500	-0.068359
255.701600	-0.051117
255.701700	-0.018311
255.701800	0.009155
255.701900	0.023956
255.702000	0.037079
255.702100	0.043793
255.702200	0.064850
255.702300	0.144653
255.702400	0.284119
255.702500	0.446320
255.702600	0.514069
255.702700	0.474091
255.702800	0.386353
255.702900	0.269318
255.703000	0.166779
255.703100	0.119781
255.703200	0.109711
255.703300	0.088654
255.703400	0.028229
255.703500	-0.017548
255.703600	-0.025787
255.703700	-0.074310
255.703800	-0.181580
255.703900	-0.319061
255.704000	-0.442505
255.704100	-0.514984
255.704200	-0.518799
255.704300	-0.439758
255.704400	-0.293579
255.704500	-0.157013
255.704600	-0.064697
255.704700	-0.019379
255.704800	-0.003052
255.704900	0.010681
255.705000	0.021210
255.705100	0.031738
255.705200	0.035095
255.705300	0.039368
255.705400	0.034790
255.705500	0.037537
255.705600	0.041351
255.705700	0.041351
255.705800	0.035553
255.705900	0.040741
255.706000	0.037384
255.706100	0.034943
255.706200	0.037384
255.706300	0.042572
255.706400	0.053101
255.706500	0.066223
255.706600	0.135040
255.706700	0.257111
255.706800	0.460052
255.706900	0.623169
255.707000	0.632629
255.707100	0.564423
255.707200	0.440979
255.707300	0.250244
255.707400	-0.006714
255.707500	-0.255432
255.707600	-0.436401
255.707700	-0.553436
255.707800	-0.632172
255.707900	-0.635376
255.708000	-0.472107
255.708100	-0.259247
255.708200	-0.101318
255.708300	-0.010071
255.708400	0.027313
255.708500	0.049896
255.708600	0.053253
255.708700	0.055695
255.708800	0.054169
255.708900	0.048218
255.709000	0.039825
255.709100	0.034180
255.709200	0.032959
255.709300	0.028687
255.709400	0.026245
255.709500	0.024414
255.709600	0.030823
255.709700	0.032349
255.709800	0.045013
255.709900	0.049133
255.710000	0.048981
255.710100	0.045624
255.710200	0.038300
255.710300	0.028381
255.710400	0.031281
255.710500	0.028381
255.710600	0.024567
255.710700	0.025635
255.710800	0.026703
255.710900	0.034943
255.711000	0.036621
255.711100	0.046082
255.711200	0.044403
255.711300	0.039978
255.711400	0.034637
255.711500	0.024719
255.711600	0.023499
255.711700	0.019073
255.711800	0.019836
255.711900	0.021210
255.712000	0.016174
255.712100	0.016937
255.712200	0.030670
255.712300	0.045929
255.712400	0.063324
255.712500	0.073090
255.712600	0.087585
255.712700	0.086212
255.712800	0.074158
255.712900	0.053711
255.713000	0.024414
255.713100	-0.001678
255.713200	-0.019226
255.713300	-0.028381
255.713400	-0.033417
255.713500	-0.035095
255.713600	-0.026550
255.713700	-0.022888
255.713800	-0.014191
255.713900	0.000000
255.714000	0.009003
255.714100	0.011597
255.714200	0.022888
255.714300	0.022888
255.714400	0.020142
255.714500	0.019379
255.714600	0.025787
255.714700	0.026245
255.714800	0.024414
255.714900	0.030060
255.715000	0.029449
255.715100	0.030518
255.715200	0.021973
255.715300	0.017090
255.715400	0.013885
255.715500	0.014801
255.715600	0.013428
255.715700	0.012512
255.715800	0.016785
255.715900	0.016022
255.716000	0.022125
255.716100	0.031738
255.716200	0.032501
255.716300	0.039673
255.716400	0.039520
255.716500	0.043488
255.716600	0.053864
255.716700	0.046844
255.716800	0.042114
255.716900	0.026093
255.717000	0.015411
255.717100	0.010681
255.717200	0.013580
255.717300	0.009155
255.717400	0.015717
255.717500	0.013275
255.717600	0.013580
255.717700	0.013580
255.717800	0.009766
255.717900	0.010071
255.718000	0.019226
255.718100	0.012207
255.718200	0.015411
255.718300	0.015411
255.718400	0.018768
255.718500	0.018005
255.718600	0.021057
255.718700	0.025940
255.718800	0.024872
255.718900	0.025787
255.719000	0.027161
255.719100	0.027924
255.719200	0.026093
255.719300	0.025024
255.719400	0.026703
255.719500	0.027771
255.719600	0.032806
255.719700	0.027161
255.719800	0.027924
255.719900	0.025024
255.720000	0.024719
255.720100	0.019836
255.720200	0.015411
255.720300	0.009918
255.720400	0.006561
255.720500	0.008392
255.720600	0.012817
255.720700	0.016937
255.720800	0.019379
255.720900	0.032959
255.721000	0.041046
255.721100	0.041199
255.721200	0.033722
255.721300	0.033264
255.721400	0.018616
255.721500	0.016174
255.721600	0.009155
255.721700	-0.005035
255.721800	-0.016022
255.721900	-0.026550
255.722000	-0.023346
255.722100	-0.017700
255.722200	-0.007324
255.722300	0.007324
255.722400	0.012360
255.722500	0.012665
255.722600	0.012970
255.722700	0.018005
255.722800	0.022278
255.722900	0.046997
255.723000	0.084381
255.723100	0.143738
255.723200	0.189667
255.723300	0.198822
255.723400	0.207825
255.723500	0.201874
255.723600	0.166626
255.723700	0.104523
255.723800	0.118561
255.723900	0.358887
255.724000	0.940704
255.724100	1.983795
255.724200	3.552856
255.724300	4.999847
255.724400	4.999847
255.724500	4.999847
255.724600	4.999847
255.724700	4.999847
255.724800	4.999847
255.724900	4.999847
255.725000	4.999847
255.725100	4.999847
255.725200	4.999847
255.725300	4.999847
255.725400	4.999847
255.725500	4.999847
255.725600	0.770416
255.725700	-3.403473
255.725800	-5.000000
255.725900	-5.000000
255.726000	-5.000000
255.726100	-5.000000
255.726200	-5.000000
255.726300	-5.000000
255.726400	-5.000000
255.726500	-5.000000
255.726600	-5.000000
255.726700	-5.000000
255.726800	-5.000000
255.726900	-5.000000
255.727000	-5.000000
255.727100	-5.000000
255.727200	-5.000000
255.727300	-3.886108
255.727400	-2.154236
255.727500	-1.064148
255.727600	-0.119324
255.727700	0.357971
255.727800	0.619354
255.727900	0.755920
255.728000	0.838165
255.728100	0.970001
255.728200	1.186218
255.728300	1.407013
255.728400	1.517029
255.728500	1.509857
255.728600	1.353455
255.728700	0.980835
255.728800	0.503540
255.728900	0.106812
255.729000	-0.095978
255.729100	-0.151062
255.729200	-0.101318
255.729300	0.084381
255.729400	0.310974
255.729500	0.478058
255.729600	0.554962
255.729700	0.568695
255.729800	0.567780
255.729900	0.559692
255.730000	0.552826
255.730100	0.545502
255.730200	0.535126
255.730300	0.529785
255.730400	0.520782
255.730500	0.525208
255.730600	0.518799
255.730700	0.508423
255.730800	0.506439
255.730900	0.498505
255.731000	0.494232
255.731100	0.483704
255.731200	0.475006
255.731300	0.461578
255.731400	0.454254
255.731500	0.443878
255.731600	0.438995
255.731700	0.444641
255.731800	0.443268
255.731900	0.438538
255.732000	0.431824
255.732100	0.425720
255.732200	0.422516
255.732300	0.411224
255.732400	0.400238
255.732500	0.399170
255.732600	0.398865
255.732700	0.417175
255.732800	0.516205
255.732900	0.888367
255.733000	1.708984
255.733100	3.091583
255.733200	4.579926
255.733300	4.999847
255.733400	4.999847
255.733500	4.999847
255.733600	3.620911
255.733700	1.297760
255.733800	-0.995026
255.733900	-3.759766
255.734000	-5.000000
255.734100	-5.000000
255.734200	-5.000000
255.734300	-4.208221
255.734400	-2.180328
255.734500	-0.265808
255.734600	0.931702
255.734700	1.589355
255.734800	1.756897
255.734900	1.291656
255.735000	0.465088
255.735100	-0.419312
255.735200	-1.098480
255.735300	-1.339569
255.735400	-1.288757
255.735500	-1.218414
255.735600	-1.190643
255.735700	-0.645752
255.735800	-0.216370
255.735900	0.075226
255.736000	0.230103
255.736100	0.301666
255.736200	0.317993
255.736300	0.322723
255.736400	0.312500
255.736500	0.304718
255.736600	0.299072
255.736700	0.301208
255.736800	0.296021
255.736900	0.296783
255.737000	0.293732
255.737100	0.293427
255.737200	0.299072
255.737300	0.295410
255.737400	0.290070
255.737500	0.288849
255.737600	0.277557
255.737700	0.282288
255.737800	0.277405
255.737900	0.259857
255.738000	0.251923
255.738100	0.244598
255.738200	0.237579
255.738300	0.225220
255.738400	0.213013
255.738500	0.212555
255.738600	0.204773
255.738700	0.202179
255.738800	0.192413
255.738900	0.189514
255.739000	0.194702
255.739100	0.197144
255.739200	0.204773
255.739300	0.218964
255.739400	0.244751
255.739500	0.278320
255.739600	0.304413
255.739700	0.310822
255.739800	0.314026
255.739900	0.301056
255.740000	0.247955
255.740100	0.184479
255.740200	0.120544
255.740300	0.086823
255.740400	0.074615
255.740500	0.074921
255.740600	0.080566
255.740700	0.108490
255.740800	0.138397
255.740900	0.164642
255.741000	0.179443
255.741100	0.176086
255.741200	0.176239
255.741300	0.165405
255.741400	0.166473
255.741500	0.168457
255.741600	0.172577
255.741700	0.161133
255.741800	0.161438
255.741900	0.155182
255.742000	0.150452
255.742100	0.151978
255.742200	0.154724
255.742300	0.151215
255.742400	0.154114
255.742500	0.165710
255.742600	0.168304
255.742700	0.171509
255.742800	0.171051
255.742900	0.171356
255.743000	0.175781
255.743100	0.170135
255.743200	0.161133
255.743300	0.161133
255.743400	0.156860
255.743500	0.144196
255.743600	0.127258
255.743700	0.116119
255.743800	0.109406
255.743900	0.097351
255.744000	0.082245
