569.956100	0.005646
569.956200	0.006561
569.956300	0.004272
569.956400	0.003510
569.956500	0.001831
569.956600	0.001831
569.956700	-0.000305
569.956800	0.000000
569.956900	0.003357
569.957000	0.001373
569.957100	0.000305
569.957200	0.002289
569.957300	0.006409
569.957400	-0.000763
569.957500	0.001373
569.957600	0.000000
569.957700	0.001221
569.957800	0.007324
569.957900	0.005798
569.958000	0.001526
569.958100	0.003204
569.958200	0.002136
569.958300	0.005646
569.958400	0.005188
569.958500	0.001373
569.958600	0.001373
569.958700	0.004120
569.958800	0.000610
569.958900	0.001678
569.959000	-0.001373
569.959100	0.002594
569.959200	-0.003052
569.959300	-0.002747
569.959400	0.001678
569.959500	0.004578
569.959600	0.002594
569.959700	-0.000916
569.959800	-0.001831
569.959900	-0.006256
569.960000	-0.002289
569.960100	-0.002747
569.960200	0.002136
569.960300	0.003510
569.960400	0.007324
569.960500	0.003662
569.960600	0.002136
569.960700	0.001526
569.960800	-0.003204
569.960900	0.002594
569.961000	0.001678
569.961100	0.003052
569.961200	0.001373
569.961300	0.001373
569.961400	0.005798
569.961500	0.005493
569.961600	0.003510
569.961700	0.004425
569.961800	0.003510
569.961900	0.002136
569.962000	0.001068
569.962100	0.000000
569.962200	0.000153
569.962300	-0.001373
569.962400	-0.002594
569.962500	0.001068
569.962600	0.004578
569.962700	0.002289
569.962800	0.002136
569.962900	-0.000305
569.963000	0.002136
569.963100	0.000610
569.963200	-0.001221
569.963300	0.003815
569.963400	0.007477
569.963500	0.005341
569.963600	0.004578
569.963700	0.001678
569.963800	0.009460
569.963900	0.001373
569.964000	0.000153
569.964100	-0.001221
569.964200	0.003662
569.964300	-0.000763
569.964400	0.002747
569.964500	0.005188
569.964600	0.004730
569.964700	0.001831
569.964800	-0.000916
569.964900	0.001373
569.965000	-0.002441
569.965100	-0.000153
569.965200	0.005188
569.965300	0.004730
569.965400	0.006409
569.965500	0.005951
569.965600	0.004120
569.965700	-0.001373
569.965800	-0.000458
569.965900	-0.001984
569.966000	-0.002441
569.966100	0.001373
569.966200	0.004883
569.966300	0.000000
569.966400	0.003967
569.966500	0.001984
569.966600	0.008087
569.966700	0.004883
569.966800	0.000610
569.966900	0.005188
569.967000	0.003967
569.967100	0.002594
569.967200	0.006256
569.967300	0.006256
569.967400	0.005035
569.967500	0.006866
569.967600	0.001831
569.967700	0.002747
569.967800	-0.001678
569.967900	0.005951
569.968000	0.008545
569.968100	0.009766
569.968200	0.003662
569.968300	0.001984
569.968400	0.006714
569.968500	0.003662
569.968600	0.002899
569.968700	0.002441
569.968800	0.006866
569.968900	0.003052
569.969000	-0.000153
569.969100	-0.001373
569.969200	-0.001221
569.969300	0.000305
569.969400	0.000153
569.969500	0.000305
569.969600	0.003052
569.969700	0.005341
569.969800	0.002594
569.969900	0.006409
569.970000	-0.000153
569.970100	0.003052
569.970200	-0.000458
569.970300	0.006561
569.970400	0.005035
569.970500	0.003510
569.970600	0.007477
569.970700	0.002136
569.970800	0.002289
569.970900	0.006561
569.971000	0.005951
569.971100	0.003815
569.971200	0.006256
569.971300	0.011749
569.971400	0.006409
569.971500	0.004120
569.971600	0.001831
569.971700	0.001068
569.971800	0.005035
569.971900	-0.001373
569.972000	0.001831
569.972100	0.005188
569.972200	0.005951
569.972300	0.004578
569.972400	0.005646
569.972500	0.005035
569.972600	0.004425
569.972700	0.003510
569.972800	0.001678
569.972900	0.004272
569.973000	0.002289
569.973100	0.002594
569.973200	0.009155
569.973300	0.007935
569.973400	0.003052
569.973500	0.005493
569.973600	0.006256
569.973700	0.007935
569.973800	0.006409
569.973900	0.003815
569.974000	0.002594
569.974100	0.001068
569.974200	0.003357
569.974300	0.000305
569.974400	0.003815
569.974500	0.008545
569.974600	0.002594
569.974700	0.001068
569.974800	0.000916
569.974900	0.005646
569.975000	0.005493
569.975100	0.004883
569.975200	0.003204
569.975300	0.004730
569.975400	0.004425
569.975500	0.005341
569.975600	-0.001221
569.975700	-0.001526
569.975800	0.002747
569.975900	0.002899
569.976000	0.005798
569.976100	0.005493
569.976200	0.002899
569.976300	0.006714
569.976400	0.002289
569.976500	0.005798
569.976600	-0.000916
569.976700	0.002747
569.976800	0.000610
569.976900	0.001831
569.977000	0.002594
569.977100	0.003510
569.977200	0.008392
569.977300	0.002594
569.977400	0.003204
569.977500	0.001221
569.977600	0.002899
569.977700	0.005493
569.977800	0.002594
569.977900	0.004730
569.978000	0.004883
569.978100	0.000305
569.978200	-0.000305
569.978300	0.002289
569.978400	0.000000
569.978500	-0.000458
569.978600	0.001373
569.978700	0.000305
569.978800	0.000000
569.978900	0.000000
569.979000	0.000305
569.979100	0.004120
569.979200	0.002441
569.979300	-0.002441
569.979400	0.000763
569.979500	0.001068
569.979600	-0.002441
569.979700	0.006104
569.979800	0.002594
569.979900	0.001678
569.980000	0.006256
569.980100	0.003204
569.980200	0.004120
569.980300	0.001373
569.980400	-0.000763
569.980500	0.004578
569.980600	0.000916
569.980700	0.000763
569.980800	-0.002747
569.980900	0.000000
569.981000	0.000916
569.981100	0.002747
569.981200	-0.000305
569.981300	0.001526
569.981400	0.000610
569.981500	0.001221
569.981600	0.001373
569.981700	-0.001373
569.981800	0.003815
569.981900	0.008698
569.982000	0.001984
569.982100	0.003204
569.982200	-0.003204
569.982300	-0.000153
569.982400	-0.000458
569.982500	0.004425
569.982600	0.004120
569.982700	0.003662
569.982800	0.010071
569.982900	0.003967
569.983000	0.000458
569.983100	0.002747
569.983200	0.002594
569.983300	0.007477
569.983400	0.005951
569.983500	0.005493
569.983600	0.002747
569.983700	0.005493
569.983800	0.007172
569.983900	0.001984
569.984000	0.007935
569.984100	0.005798
569.984200	0.006409
569.984300	0.001526
569.984400	0.001678
569.984500	0.000610
569.984600	-0.005493
569.984700	0.003510
569.984800	0.003662
569.984900	0.003815
569.985000	0.001984
569.985100	0.001678
569.985200	-0.000610
569.985300	0.003815
569.985400	0.002747
569.985500	-0.000305
569.985600	0.003357
569.985700	0.002747
569.985800	0.000305
569.985900	0.003357
569.986000	0.002136
569.986100	0.003510
569.986200	0.005035
569.986300	0.006714
569.986400	0.005951
569.986500	0.004578
569.986600	0.003662
569.986700	0.005493
569.986800	0.001373
569.986900	0.000916
569.987000	0.004883
569.987100	0.004272
569.987200	-0.000153
569.987300	0.003815
569.987400	0.003662
569.987500	0.000916
569.987600	0.006409
569.987700	0.003662
569.987800	0.005341
569.987900	0.007172
569.988000	0.000458
569.988100	0.000916
569.988200	0.008087
569.988300	0.007477
569.988400	0.007629
569.988500	0.006104
569.988600	0.004578
569.988700	0.003357
569.988800	0.004425
569.988900	0.004425
569.989000	0.005188
569.989100	0.000153
569.989200	0.003510
569.989300	0.002594
569.989400	0.006256
569.989500	0.005341
569.989600	0.002136
569.989700	0.000305
569.989800	0.005798
569.989900	0.002899
569.990000	0.004120
569.990100	0.006866
569.990200	-0.001526
569.990300	0.001831
569.990400	0.001831
569.990500	0.006714
569.990600	0.010071
569.990700	0.004272
569.990800	-0.000458
569.990900	0.002136
569.991000	0.001221
569.991100	0.000763
569.991200	0.005951
569.991300	0.004120
569.991400	0.007324
569.991500	0.003967
569.991600	0.001526
569.991700	0.005188
569.991800	0.001984
569.991900	0.003662
569.992000	0.006714
569.992100	0.006409
569.992200	0.001678
569.992300	0.003052
569.992400	0.001526
569.992500	-0.001526
569.992600	0.003662
569.992700	0.002289
569.992800	0.005646
569.992900	0.003662
569.993000	0.000916
569.993100	0.005646
569.993200	0.002441
569.993300	0.006256
569.993400	0.006561
569.993500	0.005035
569.993600	0.000153
569.993700	-0.001221
569.993800	0.003204
569.993900	0.000916
569.994000	-0.002747
569.994100	0.001984
569.994200	-0.001526
569.994300	-0.001831
569.994400	0.000153
569.994500	0.000153
569.994600	-0.000305
569.994700	-0.001984
569.994800	0.002899
569.994900	-0.001221
569.995000	-0.001984
569.995100	0.003662
569.995200	0.006409
569.995300	0.006256
569.995400	-0.002289
569.995500	-0.000305
569.995600	-0.002747
569.995700	-0.001831
569.995800	0.000153
569.995900	0.002289
569.996000	-0.001678
569.996100	-0.004578
569.996200	0.003357
569.996300	-0.002441
569.996400	0.000305
569.996500	-0.001221
569.996600	0.001221
569.996700	0.003510
569.996800	-0.001526
569.996900	0.001526
569.997000	0.002899
569.997100	0.005493
569.997200	0.003204
569.997300	0.004425
569.997400	0.003967
569.997500	0.003662
569.997600	0.005493
569.997700	0.003815
569.997800	-0.001221
569.997900	-0.001831
569.998000	-0.001526
569.998100	0.000153
569.998200	0.006409
569.998300	0.001831
569.998400	0.001221
569.998500	0.000916
569.998600	-0.001526
569.998700	0.002441
569.998800	0.001984
569.998900	0.000153
569.999000	0.002289
569.999100	-0.001221
569.999200	-0.001984
569.999300	0.002747
569.999400	0.000916
569.999500	0.004730
569.999600	0.000458
569.999700	0.002747
569.999800	0.002136
569.999900	-0.001526
570.000000	0.003052
570.000100	0.005493
570.000200	0.000916
570.000300	0.005341
570.000400	0.001984
570.000500	-0.000458
570.000600	0.002136
570.000700	0.001678
570.000800	0.006714
570.000900	-0.001373
570.001000	0.002441
570.001100	0.003357
570.001200	0.002899
570.001300	-0.000153
570.001400	-0.003052
570.001500	0.002441
570.001600	-0.001068
570.001700	0.004120
570.001800	-0.000305
570.001900	-0.003204
570.002000	0.001221
570.002100	0.001221
570.002200	-0.002441
570.002300	-0.003052
570.002400	0.000153
570.002500	0.000000
570.002600	0.002136
570.002700	0.003357
570.002800	0.004578
570.002900	0.001678
570.003000	-0.003815
570.003100	0.001373
570.003200	0.003357
570.003300	0.002899
570.003400	0.000458
570.003500	-0.000305
570.003600	-0.000458
570.003700	0.002136
570.003800	-0.001221
570.003900	0.003357
570.004000	-0.000916
570.004100	-0.001526
570.004200	0.002747
570.004300	0.002289
570.004400	0.001068
570.004500	0.001373
570.004600	0.003967
570.004700	0.000763
570.004800	0.000916
570.004900	-0.001831
570.005000	-0.000763
570.005100	0.002289
570.005200	-0.000305
570.005300	-0.001831
570.005400	0.001373
570.005500	-0.001831
570.005600	0.000763
570.005700	0.005951
570.005800	0.001984
570.005900	-0.000153
570.006000	0.004883
570.006100	0.005798
570.006200	0.000763
570.006300	-0.001984
570.006400	-0.001373
570.006500	0.001831
570.006600	-0.001068
570.006700	0.000763
570.006800	0.000610
570.006900	0.000305
570.007000	0.003052
570.007100	0.003815
570.007200	-0.001068
570.007300	0.005035
570.007400	0.001831
570.007500	-0.001678
570.007600	-0.002441
570.007700	0.000916
570.007800	0.002136
570.007900	0.001984
570.008000	0.002441
570.008100	0.002136
570.008200	0.005188
570.008300	0.010834
570.008400	0.010376
570.008500	-0.000458
570.008600	-0.000610
570.008700	0.002594
570.008800	0.005035
570.008900	0.005341
570.009000	0.000763
570.009100	0.002594
570.009200	0.000000
570.009300	0.003815
570.009400	0.006409
570.009500	0.001831
570.009600	0.006714
