406.986500	-0.022278
406.986600	-0.017090
406.986700	-0.007019
406.986800	-0.009766
406.986900	-0.007629
406.987000	0.000000
406.987100	-0.004578
406.987200	-0.010986
406.987300	-0.013885
406.987400	-0.017242
406.987500	-0.029907
406.987600	-0.036774
406.987700	-0.041504
406.987800	-0.049744
406.987900	-0.045929
406.988000	-0.029144
406.988100	0.001984
406.988200	0.053711
406.988300	0.149994
406.988400	0.280609
406.988500	0.437164
406.988600	0.581512
406.988700	0.661774
406.988800	0.661926
406.988900	0.619659
406.989000	0.552521
406.989100	0.461121
406.989200	0.347748
406.989300	0.206299
406.989400	0.050812
406.989500	-0.111847
406.989600	-0.262756
406.989700	-0.383301
406.989800	-0.493011
406.989900	-0.577087
406.990000	-0.639954
406.990100	-0.693970
406.990200	-0.724030
406.990300	-0.688477
406.990400	-0.592651
406.990500	-0.461121
406.990600	-0.339813
406.990700	-0.244293
406.990800	-0.163879
406.990900	-0.121002
406.991000	-0.099335
406.991100	-0.090332
406.991200	-0.085907
406.991300	-0.079041
406.991400	-0.081329
406.991500	-0.070038
406.991600	-0.057983
406.991700	-0.039673
406.991800	-0.034637
406.991900	-0.026855
406.992000	-0.024109
406.992100	-0.018768
406.992200	-0.014038
406.992300	-0.012360
406.992400	-0.013733
406.992500	-0.009460
406.992600	-0.004883
406.992700	-0.003967
406.992800	-0.007019
406.992900	-0.003662
406.993000	-0.001526
406.993100	-0.003967
406.993200	-0.001526
406.993300	-0.003357
406.993400	-0.009613
406.993500	-0.012970
406.993600	-0.011444
406.993700	-0.012970
406.993800	-0.015411
406.993900	-0.012512
406.994000	-0.012970
406.994100	-0.022430
406.994200	-0.020142
406.994300	-0.023956
406.994400	-0.028839
406.994500	-0.025330
406.994600	-0.027008
406.994700	-0.028992
406.994800	-0.027008
406.994900	-0.033569
406.995000	-0.027618
406.995100	-0.024414
406.995200	-0.029602
406.995300	-0.017395
406.995400	-0.015869
406.995500	-0.018768
406.995600	-0.015411
406.995700	-0.009460
406.995800	-0.008087
406.995900	-0.008545
406.996000	-0.003052
406.996100	0.001831
406.996200	0.002899
406.996300	0.014648
406.996400	0.017548
406.996500	0.020142
406.996600	0.027161
406.996700	0.027161
406.996800	0.032654
406.996900	0.038757
406.997000	0.044098
406.997100	0.046997
406.997200	0.045624
406.997300	0.037842
406.997400	0.036011
406.997500	0.061188
406.997600	0.112762
406.997700	0.205383
406.997800	0.346680
406.997900	0.538788
406.998000	0.740967
406.998100	0.889435
406.998200	0.943909
406.998300	0.919189
406.998400	0.865021
406.998500	0.792999
406.998600	0.687561
406.998700	0.529938
406.998800	0.303650
406.998900	0.019226
406.999000	-0.261536
406.999100	-0.517120
406.999200	-0.733643
406.999300	-0.868835
406.999400	-0.957794
406.999500	-0.996857
406.999600	-1.014557
406.999700	-1.013641
406.999800	-0.964508
406.999900	-0.840759
407.000000	-0.650482
407.000100	-0.461426
407.000200	-0.310974
407.000300	-0.196533
407.000400	-0.107269
407.000500	-0.057373
407.000600	-0.033112
407.000700	-0.006256
407.000800	0.025635
407.000900	0.072632
407.001000	0.141907
407.001100	0.235138
407.001200	0.352478
407.001300	0.475769
407.001400	0.588379
407.001500	0.663757
407.001600	0.703125
407.001700	0.716400
407.001800	0.675049
407.001900	0.590515
407.002000	0.440826
407.002100	0.244141
407.002200	0.025024
407.002300	-0.184784
407.002400	-0.378876
407.002500	-0.548096
407.002600	-0.683746
407.002700	-0.763397
407.002800	-0.797577
407.002900	-0.782013
407.003000	-0.741882
407.003100	-0.662231
407.003200	-0.558777
407.003300	-0.436249
407.003400	-0.316620
407.003500	-0.212402
407.003600	-0.118713
407.003700	-0.061493
407.003800	-0.015564
407.003900	0.014496
407.004000	0.025330
407.004100	0.036621
407.004200	0.048828
407.004300	0.045166
407.004400	0.044861
407.004500	0.037537
407.004600	0.029907
407.004700	0.018005
407.004800	0.009155
407.004900	0.007019
407.005000	0.005493
407.005100	-0.004730
407.005200	-0.008698
407.005300	-0.022125
407.005400	-0.024261
407.005500	-0.027771
407.005600	-0.034332
407.005700	-0.035553
407.005800	-0.039062
407.005900	-0.040588
407.006000	-0.044708
407.006100	-0.050507
407.006200	-0.055847
407.006300	-0.057068
407.006400	-0.054169
407.006500	-0.041962
407.006600	-0.028381
407.006700	-0.019226
407.006800	-0.016937
407.006900	-0.007782
407.007000	-0.001221
407.007100	-0.000305
407.007200	-0.001221
407.007300	0.002747
407.007400	0.005951
407.007500	0.006104
407.007600	0.002899
407.007700	0.000000
407.007800	0.001068
407.007900	0.004883
407.008000	0.002136
407.008100	-0.001831
407.008200	0.001678
407.008300	0.001984
407.008400	-0.007629
407.008500	-0.009308
407.008600	-0.016022
407.008700	-0.020294
407.008800	-0.021057
407.008900	-0.024872
407.009000	-0.031738
407.009100	-0.030212
407.009200	-0.030518
407.009300	-0.031433
407.009400	-0.038757
407.009500	-0.035858
407.009600	-0.032806
407.009700	-0.025330
407.009800	-0.026093
407.009900	-0.017853
407.010000	-0.015564
407.010100	-0.014648
407.010200	-0.008392
407.010300	-0.010986
407.010400	-0.011444
407.010500	-0.011139
407.010600	-0.018311
407.010700	-0.023956
407.010800	-0.020905
407.010900	-0.023499
407.011000	-0.028381
407.011100	-0.032959
407.011200	-0.033722
407.011300	-0.036926
407.011400	-0.033722
407.011500	-0.032196
407.011600	-0.033569
407.011700	-0.037537
407.011800	-0.033112
407.011900	-0.032349
407.012000	-0.034485
407.012100	-0.030212
407.012200	-0.021362
407.012300	-0.026855
407.012400	-0.030212
407.012500	-0.028992
407.012600	-0.020905
407.012700	-0.025024
407.012800	-0.027313
407.012900	-0.016632
407.013000	-0.023956
407.013100	-0.022430
407.013200	-0.021057
407.013300	-0.023651
407.013400	-0.020447
407.013500	-0.020294
407.013600	-0.021973
407.013700	-0.015564
407.013800	-0.025940
407.013900	-0.023041
407.014000	-0.023499
407.014100	-0.024261
407.014200	-0.029297
407.014300	-0.022583
407.014400	-0.018005
407.014500	-0.017395
407.014600	-0.006256
407.014700	0.005951
407.014800	0.023499
407.014900	0.040741
407.015000	0.058746
407.015100	0.082550
407.015200	0.102539
407.015300	0.106354
407.015400	0.102234
407.015500	0.095215
407.015600	0.086670
407.015700	0.078278
407.015800	0.063019
407.015900	0.058289
407.016000	0.052490
407.016100	0.034332
407.016200	0.014648
407.016300	-0.007172
407.016400	-0.030518
407.016500	-0.041199
407.016600	-0.063934
407.016700	-0.086975
407.016800	-0.104675
407.016900	-0.121765
407.017000	-0.127258
407.017100	-0.130157
407.017200	-0.139465
407.017300	-0.137024
407.017400	-0.137787
407.017500	-0.142670
407.017600	-0.146484
407.017700	-0.157013
407.017800	-0.146790
407.017900	-0.132446
407.018000	-0.112915
407.018100	-0.102997
407.018200	-0.088348
407.018300	-0.069427
407.018400	-0.058899
407.018500	-0.058594
407.018600	-0.051422
407.018700	-0.046234
407.018800	-0.038910
407.018900	-0.036011
407.019000	-0.035858
407.019100	-0.029297
407.019200	-0.034332
407.019300	-0.029602
407.019400	-0.027924
407.019500	-0.020447
407.019600	-0.023041
407.019700	-0.028076
407.019800	-0.018616
407.019900	-0.016785
407.020000	-0.021820
407.020100	-0.021667
407.020200	-0.022888
407.020300	-0.021820
407.020400	-0.028687
407.020500	-0.026855
407.020600	-0.022430
407.020700	-0.020752
407.020800	-0.021210
407.020900	-0.024109
407.021000	-0.023499
407.021100	-0.021973
407.021200	-0.022278
407.021300	-0.021515
407.021400	-0.027313
407.021500	-0.025940
407.021600	-0.037689
407.021700	-0.034027
407.021800	-0.039062
407.021900	-0.048828
407.022000	-0.046539
407.022100	-0.052795
407.022200	-0.055389
407.022300	-0.058899
407.022400	-0.055389
407.022500	-0.054321
407.022600	-0.052338
407.022700	-0.044556
407.022800	-0.039825
407.022900	-0.037231
407.023000	-0.028839
407.023100	-0.025024
407.023200	-0.023651
407.023300	-0.022430
407.023400	-0.019531
407.023500	-0.019836
407.023600	-0.012817
407.023700	-0.007782
407.023800	-0.010071
407.023900	-0.009918
407.024000	-0.014191
407.024100	-0.009003
407.024200	-0.012817
407.024300	-0.011597
407.024400	-0.008698
407.024500	-0.003815
407.024600	-0.014648
407.024700	-0.010986
407.024800	-0.009308
407.024900	-0.015106
407.025000	-0.016785
407.025100	-0.015564
407.025200	-0.012970
407.025300	-0.019073
407.025400	-0.024109
407.025500	-0.029144
407.025600	-0.032654
407.025700	-0.029755
407.025800	-0.033264
407.025900	-0.035248
407.026000	-0.027008
407.026100	-0.023499
407.026200	-0.020905
407.026300	-0.017242
407.026400	-0.008240
407.026500	0.003815
407.026600	0.006714
407.026700	0.010223
407.026800	0.012054
407.026900	0.007019
407.027000	0.011749
407.027100	0.007935
407.027200	0.005493
407.027300	-0.011902
407.027400	-0.034180
407.027500	-0.048828
407.027600	-0.060730
407.027700	-0.061646
407.027800	-0.066681
407.027900	-0.056915
407.028000	-0.050659
407.028100	-0.043640
407.028200	-0.038910
407.028300	-0.048370
407.028400	-0.048981
407.028500	-0.048676
407.028600	-0.042725
407.028700	-0.034637
407.028800	-0.030823
407.028900	-0.028229
407.029000	-0.022125
407.029100	-0.019531
407.029200	-0.023346
407.029300	-0.024414
407.029400	-0.024414
407.029500	-0.032959
407.029600	-0.033569
407.029700	-0.039673
407.029800	-0.041199
407.029900	-0.046387
407.030000	-0.050964
407.030100	-0.051880
407.030200	-0.050659
407.030300	-0.051270
407.030400	-0.040588
407.030500	-0.039215
407.030600	-0.018005
407.030700	0.022736
407.030800	0.091095
407.030900	0.179443
407.031000	0.302734
407.031100	0.482941
407.031200	0.683136
407.031300	0.846558
407.031400	0.921021
407.031500	0.934296
407.031600	0.952606
407.031700	0.984497
407.031800	0.998840
407.031900	0.921478
407.032000	0.719452
407.032100	0.400696
407.032200	0.060120
407.032300	-0.274963
407.032400	-0.597992
407.032500	-0.901794
407.032600	-1.096344
407.032700	-1.156921
407.032800	-1.140137
407.032900	-1.106110
407.033000	-1.079254
407.033100	-1.045990
407.033200	-0.981903
407.033300	-0.822449
407.033400	-0.599670
407.033500	-0.418549
407.033600	-0.276947
407.033700	-0.169525
407.033800	-0.086212
407.033900	-0.034332
407.034000	0.008392
407.034100	0.022430
407.034200	0.030518
407.034300	0.042419
407.034400	0.052643
407.034500	0.065613
407.034600	0.067596
407.034700	0.078278
407.034800	0.082703
407.034900	0.082550
407.035000	0.092316
407.035100	0.087433
407.035200	0.080566
407.035300	0.081635
407.035400	0.076141
407.035500	0.073547
407.035600	0.069885
407.035700	0.068359
407.035800	0.070038
407.035900	0.069580
407.036000	0.049896
407.036100	0.024872
407.036200	0.001068
407.036300	-0.027466
407.036400	-0.048676
407.036500	-0.067902
407.036600	-0.088196
407.036700	-0.111694
407.036800	-0.134735
407.036900	-0.144653
407.037000	-0.148926
407.037100	-0.139160
407.037200	-0.137482
407.037300	-0.130615
407.037400	-0.124664
407.037500	-0.117187
407.037600	-0.120697
407.037700	-0.113068
407.037800	-0.099487
407.037900	-0.084991
407.038000	-0.070953
407.038100	-0.056305
407.038200	-0.041504
407.038300	-0.030518
407.038400	-0.023956
407.038500	-0.013733
407.038600	-0.010071
407.038700	-0.012512
407.038800	-0.009460
407.038900	-0.007629
407.039000	-0.009003
407.039100	-0.011749
407.039200	-0.007782
407.039300	-0.011444
407.039400	-0.003815
407.039500	-0.007324
407.039600	-0.013428
407.039700	-0.010376
407.039800	-0.012665
407.039900	-0.013428
407.040000	-0.007019
