345.700100	0.091705
345.700200	0.095978
345.700300	0.093079
345.700400	0.088196
345.700500	0.082092
345.700600	0.082092
345.700700	0.080872
345.700800	0.073242
345.700900	0.069275
345.701000	0.074615
345.701100	0.070190
345.701200	0.068665
345.701300	0.060883
345.701400	0.061340
345.701500	0.064697
345.701600	0.065002
345.701700	0.058594
345.701800	0.061035
345.701900	0.061340
345.702000	0.063324
345.702100	0.062714
345.702200	0.061951
345.702300	0.061340
345.702400	0.059814
345.702500	0.056152
345.702600	0.057983
345.702700	0.059052
345.702800	0.059204
345.702900	0.055237
345.703000	0.057373
345.703100	0.048981
345.703200	0.047455
345.703300	0.048370
345.703400	0.047455
345.703500	0.047913
345.703600	0.045624
345.703700	0.039825
345.703800	0.039368
345.703900	0.040131
345.704000	0.043945
345.704100	0.041504
345.704200	0.037079
345.704300	0.041504
345.704400	0.036621
345.704500	0.037537
345.704600	0.030823
345.704700	0.028992
345.704800	0.030518
345.704900	0.029297
345.705000	0.033264
345.705100	0.029602
345.705200	0.029297
345.705300	0.028839
345.705400	0.024567
345.705500	0.025024
345.705600	0.025635
345.705700	0.023956
345.705800	0.028381
345.705900	0.024109
345.706000	0.024719
345.706100	0.025177
345.706200	0.021210
345.706300	0.020142
345.706400	0.014648
345.706500	0.019226
345.706600	0.025787
345.706700	0.019836
345.706800	0.025177
345.706900	0.020447
345.707000	0.019531
345.707100	0.021820
345.707200	0.022583
345.707300	0.027466
345.707400	0.024567
345.707500	0.020599
345.707600	0.025940
345.707700	0.026245
345.707800	0.027618
345.707900	0.027924
345.708000	0.027313
345.708100	0.033417
345.708200	0.037384
345.708300	0.032806
345.708400	0.036011
345.708500	0.035248
345.708600	0.037994
345.708700	0.036926
345.708800	0.042877
345.708900	0.046234
345.709000	0.044708
345.709100	0.045013
345.709200	0.046997
345.709300	0.049438
345.709400	0.049438
345.709500	0.048828
345.709600	0.050812
345.709700	0.051270
345.709800	0.054016
345.709900	0.051422
345.710000	0.050354
345.710100	0.049286
345.710200	0.055847
345.710300	0.048676
345.710400	0.054474
345.710500	0.057373
345.710600	0.054474
345.710700	0.053406
345.710800	0.055237
345.710900	0.057526
345.711000	0.058289
345.711100	0.055542
345.711200	0.052490
345.711300	0.059662
345.711400	0.060425
345.711500	0.057068
345.711600	0.059052
345.711700	0.056000
345.711800	0.054932
345.711900	0.049438
345.712000	0.052795
345.712100	0.059662
345.712200	0.059204
345.712300	0.054626
345.712400	0.048218
345.712500	0.055695
345.712600	0.051270
345.712700	0.053101
345.712800	0.052490
345.712900	0.054321
345.713000	0.053406
345.713100	0.051422
345.713200	0.053406
345.713300	0.054932
345.713400	0.052338
345.713500	0.048370
345.713600	0.057373
345.713700	0.055695
345.713800	0.053101
345.713900	0.052490
345.714000	0.055389
345.714100	0.051880
345.714200	0.057220
345.714300	0.055084
345.714400	0.053558
345.714500	0.048065
345.714600	0.043945
345.714700	0.047760
345.714800	0.049286
345.714900	0.045929
345.715000	0.048065
345.715100	0.044403
345.715200	0.040894
345.715300	0.041351
345.715400	0.043182
345.715500	0.038452
345.715600	0.038605
345.715700	0.040436
345.715800	0.042114
345.715900	0.039062
345.716000	0.039825
345.716100	0.039978
345.716200	0.038300
345.716300	0.037079
345.716400	0.046082
345.716500	0.046387
345.716600	0.040436
345.716700	0.042114
345.716800	0.040283
345.716900	0.039368
345.717000	0.044708
345.717100	0.039825
345.717200	0.034943
345.717300	0.045319
345.717400	0.032501
345.717500	0.034027
345.717600	0.029907
345.717700	0.028992
345.717800	0.028687
345.717900	0.024109
345.718000	0.024414
345.718100	0.026855
345.718200	0.028076
345.718300	0.027466
345.718400	0.023804
345.718500	0.021515
345.718600	0.026855
345.718700	0.026093
345.718800	0.029297
345.718900	0.031128
345.719000	0.030212
345.719100	0.026855
345.719200	0.025940
345.719300	0.026855
345.719400	0.027924
345.719500	0.023956
345.719600	0.027008
345.719700	0.032654
345.719800	0.032806
345.719900	0.033264
345.720000	0.030975
345.720100	0.027924
345.720200	0.030823
345.720300	0.028381
345.720400	0.035400
345.720500	0.037994
345.720600	0.041199
345.720700	0.041962
345.720800	0.046844
345.720900	0.049591
345.721000	0.046997
345.721100	0.052948
345.721200	0.059204
345.721300	0.060883
345.721400	0.069885
345.721500	0.065613
345.721600	0.073547
345.721700	0.070038
345.721800	0.077362
345.721900	0.080719
345.722000	0.077972
345.722100	0.081787
345.722200	0.089874
345.722300	0.090485
345.722400	0.093231
345.722500	0.093231
345.722600	0.088959
345.722700	0.091858
345.722800	0.092926
345.722900	0.096893
345.723000	0.096893
345.723100	0.095062
345.723200	0.100708
345.723300	0.092926
345.723400	0.092621
345.723500	0.091705
345.723600	0.095367
345.723700	0.085297
345.723800	0.081635
345.723900	0.086670
345.724000	0.083923
345.724100	0.084076
345.724200	0.084076
345.724300	0.078888
345.724400	0.079956
345.724500	0.078125
345.724600	0.076141
345.724700	0.073700
345.724800	0.071106
345.724900	0.069427
345.725000	0.068359
345.725100	0.058899
345.725200	0.060425
345.725300	0.058136
345.725400	0.057068
345.725500	0.053864
345.725600	0.055084
345.725700	0.053864
345.725800	0.048828
345.725900	0.050354
345.726000	0.044708
345.726100	0.045319
345.726200	0.042725
345.726300	0.036621
345.726400	0.037689
345.726500	0.037231
345.726600	0.033722
345.726700	0.036774
345.726800	0.041046
345.726900	0.032501
345.727000	0.037384
345.727100	0.034637
345.727200	0.037384
345.727300	0.029602
345.727400	0.026855
345.727500	0.030060
345.727600	0.032501
345.727700	0.030212
345.727800	0.033264
345.727900	0.029907
345.728000	0.032959
345.728100	0.036316
345.728200	0.036163
345.728300	0.039368
345.728400	0.043030
345.728500	0.039520
345.728600	0.047455
345.728700	0.048828
345.728800	0.047150
345.728900	0.048523
345.729000	0.054169
345.729100	0.060120
345.729200	0.060730
345.729300	0.062408
345.729400	0.063171
345.729500	0.063019
345.729600	0.063629
345.729700	0.065613
345.729800	0.072021
345.729900	0.070953
345.730000	0.073853
345.730100	0.076447
345.730200	0.079651
345.730300	0.075836
345.730400	0.078430
345.730500	0.081635
345.730600	0.081177
345.730700	0.077057
345.730800	0.078583
345.730900	0.078583
345.731000	0.075989
345.731100	0.075226
345.731200	0.078125
345.731300	0.076141
345.731400	0.074310
345.731500	0.070496
345.731600	0.069275
345.731700	0.072784
345.731800	0.069885
345.731900	0.074463
345.732000	0.074921
345.732100	0.070190
345.732200	0.069885
345.732300	0.067444
345.732400	0.071564
345.732500	0.065460
345.732600	0.067444
345.732700	0.070343
345.732800	0.065918
345.732900	0.065155
345.733000	0.064545
345.733100	0.060883
345.733200	0.057678
345.733300	0.056763
345.733400	0.057220
345.733500	0.053406
345.733600	0.051117
345.733700	0.053711
345.733800	0.051270
345.733900	0.045319
345.734000	0.048065
345.734100	0.046997
345.734200	0.044250
345.734300	0.043793
345.734400	0.045319
345.734500	0.043640
345.734600	0.039978
345.734700	0.043945
345.734800	0.039825
345.734900	0.037231
345.735000	0.033722
345.735100	0.033569
345.735200	0.037231
345.735300	0.034332
345.735400	0.035858
345.735500	0.034790
345.735600	0.041199
345.735700	0.041351
345.735800	0.037994
345.735900	0.037689
345.736000	0.033722
345.736100	0.030975
345.736200	0.032806
345.736300	0.036926
345.736400	0.032959
345.736500	0.034790
345.736600	0.039673
345.736700	0.036621
345.736800	0.038757
345.736900	0.038605
345.737000	0.043488
345.737100	0.040283
345.737200	0.042419
345.737300	0.042114
345.737400	0.046539
345.737500	0.043030
345.737600	0.045319
345.737700	0.047760
345.737800	0.049438
345.737900	0.053101
345.738000	0.055237
345.738100	0.051727
345.738200	0.053558
345.738300	0.053864
345.738400	0.054779
345.738500	0.054321
345.738600	0.057373
345.738700	0.058899
345.738800	0.060425
345.738900	0.064240
345.739000	0.060425
345.739100	0.059814
345.739200	0.060577
345.739300	0.064087
345.739400	0.061798
345.739500	0.063019
345.739600	0.069275
345.739700	0.066681
345.739800	0.061493
345.739900	0.068817
345.740000	0.058289
345.740100	0.061646
345.740200	0.067596
345.740300	0.064545
345.740400	0.064240
345.740500	0.063782
345.740600	0.061646
345.740700	0.061646
345.740800	0.059814
345.740900	0.058289
345.741000	0.059662
345.741100	0.060425
345.741200	0.057068
345.741300	0.058136
345.741400	0.057220
345.741500	0.056458
345.741600	0.057678
345.741700	0.051880
345.741800	0.050049
345.741900	0.049286
345.742000	0.047302
345.742100	0.050354
345.742200	0.047150
345.742300	0.047150
345.742400	0.046387
345.742500	0.045013
345.742600	0.044403
345.742700	0.047607
345.742800	0.048065
345.742900	0.045929
345.743000	0.043488
345.743100	0.040741
345.743200	0.039825
345.743300	0.038910
345.743400	0.046844
345.743500	0.042725
345.743600	0.042114
345.743700	0.039062
345.743800	0.039673
345.743900	0.035553
345.744000	0.039520
345.744100	0.041656
345.744200	0.039062
345.744300	0.043335
345.744400	0.044556
345.744500	0.041962
345.744600	0.045166
345.744700	0.039673
345.744800	0.043640
345.744900	0.043030
345.745000	0.041351
345.745100	0.038605
345.745200	0.040894
345.745300	0.041046
345.745400	0.041199
345.745500	0.043640
345.745600	0.043945
345.745700	0.044708
345.745800	0.039215
345.745900	0.041046
345.746000	0.043335
345.746100	0.040588
345.746200	0.040436
345.746300	0.045624
345.746400	0.041809
345.746500	0.042725
345.746600	0.048981
345.746700	0.048370
345.746800	0.049896
345.746900	0.042114
345.747000	0.044708
345.747100	0.044708
345.747200	0.045013
345.747300	0.045471
345.747400	0.047913
345.747500	0.045166
345.747600	0.046997
345.747700	0.044708
345.747800	0.046387
345.747900	0.042725
345.748000	0.042267
345.748100	0.044861
345.748200	0.043640
345.748300	0.043030
345.748400	0.045319
345.748500	0.047607
345.748600	0.046387
345.748700	0.047607
345.748800	0.050964
345.748900	0.046387
345.749000	0.046844
345.749100	0.049438
345.749200	0.050354
345.749300	0.048218
345.749400	0.046082
345.749500	0.054626
345.749600	0.051575
345.749700	0.054626
345.749800	0.048828
345.749900	0.051270
345.750000	0.051575
345.750100	0.055695
345.750200	0.052795
345.750300	0.056152
345.750400	0.056305
345.750500	0.057068
345.750600	0.055542
345.750700	0.058441
345.750800	0.052338
345.750900	0.055389
345.751000	0.061340
345.751100	0.055542
345.751200	0.052948
345.751300	0.055695
345.751400	0.054321
345.751500	0.055542
345.751600	0.056610
345.751700	0.051880
345.751800	0.056305
345.751900	0.055695
345.752000	0.060730
345.752100	0.055084
345.752200	0.055389
345.752300	0.057373
345.752400	0.056610
345.752500	0.049133
345.752600	0.055847
345.752700	0.058899
345.752800	0.055389
345.752900	0.056305
345.753000	0.057068
345.753100	0.052795
345.753200	0.058136
345.753300	0.057526
345.753400	0.054016
345.753500	0.057373
345.753600	0.051270
