604.669700	0.004883
604.669800	0.003967
604.669900	0.004730
604.670000	0.001678
604.670100	0.003204
604.670200	0.000305
604.670300	0.001526
604.670400	0.007629
604.670500	0.004883
604.670600	0.005951
604.670700	0.005646
604.670800	0.004883
604.670900	0.003052
604.671000	0.000763
604.671100	0.004272
604.671200	0.005493
604.671300	0.006409
604.671400	0.003967
604.671500	0.009308
604.671600	0.005188
604.671700	0.009460
604.671800	0.005951
604.671900	0.001526
604.672000	0.001221
604.672100	0.005798
604.672200	0.002899
604.672300	0.001068
604.672400	0.003662
604.672500	0.001068
604.672600	0.008240
604.672700	0.006409
604.672800	0.006104
604.672900	0.002899
604.673000	0.005646
604.673100	0.008545
604.673200	0.008240
604.673300	0.006104
604.673400	0.003662
604.673500	0.001373
604.673600	0.003662
604.673700	0.005341
604.673800	0.000916
604.673900	0.007324
604.674000	0.006866
604.674100	0.004578
604.674200	0.006561
604.674300	0.009460
604.674400	0.003815
604.674500	0.002747
604.674600	0.006866
604.674700	0.001678
604.674800	0.004883
604.674900	0.006256
604.675000	0.006714
604.675100	0.003815
604.675200	0.005035
604.675300	0.001221
604.675400	0.001984
604.675500	0.005798
604.675600	0.009460
604.675700	0.008850
604.675800	0.010071
604.675900	0.004272
604.676000	0.002594
604.676100	0.007172
604.676200	0.003662
604.676300	0.001984
604.676400	0.002289
604.676500	0.004425
604.676600	0.002594
604.676700	0.003662
604.676800	-0.001984
604.676900	0.000763
604.677000	0.005646
604.677100	0.005951
604.677200	-0.000153
604.677300	0.003662
604.677400	0.000153
604.677500	0.001373
604.677600	0.001373
604.677700	0.003815
604.677800	-0.001373
604.677900	0.002594
604.678000	0.011292
604.678100	0.007477
604.678200	0.008240
604.678300	0.002289
604.678400	0.001373
604.678500	-0.002289
604.678600	0.002441
604.678700	-0.003052
604.678800	0.004883
604.678900	0.003204
604.679000	0.003357
604.679100	-0.002289
604.679200	0.004120
604.679300	0.003815
604.679400	0.002136
604.679500	0.004425
604.679600	0.003662
604.679700	0.005646
604.679800	0.005035
604.679900	0.005341
604.680000	0.004120
604.680100	0.002594
604.680200	0.003204
604.680300	0.001221
604.680400	0.002747
604.680500	0.006409
604.680600	0.003662
604.680700	0.005188
604.680800	0.004883
604.680900	0.001068
604.681000	0.004120
604.681100	0.002899
604.681200	0.003662
604.681300	0.005951
604.681400	0.001526
604.681500	0.002899
604.681600	0.004883
604.681700	0.000763
604.681800	0.005646
604.681900	0.001831
604.682000	0.003204
604.682100	0.009308
604.682200	0.004883
604.682300	-0.000153
604.682400	0.002899
604.682500	0.005951
604.682600	0.002136
604.682700	0.000763
604.682800	0.009308
604.682900	0.007477
604.683000	0.003815
604.683100	0.006561
604.683200	0.003967
604.683300	0.007019
604.683400	0.005646
604.683500	0.004425
604.683600	0.004578
604.683700	0.009003
604.683800	0.005493
604.683900	0.003662
604.684000	0.005493
604.684100	0.003662
604.684200	0.005646
604.684300	0.004425
604.684400	0.005341
604.684500	0.002441
604.684600	0.006409
604.684700	0.005035
604.684800	0.007477
604.684900	0.004425
604.685000	0.001068
604.685100	0.001526
604.685200	0.003815
604.685300	0.005341
604.685400	0.000763
604.685500	0.002899
604.685600	0.007629
604.685700	0.007935
604.685800	0.005798
604.685900	0.004883
604.686000	-0.001526
604.686100	0.001068
604.686200	0.002594
604.686300	0.001221
604.686400	0.003052
604.686500	0.005646
604.686600	0.008392
604.686700	0.007782
604.686800	0.006714
604.686900	0.000610
604.687000	0.005646
604.687100	-0.000153
604.687200	-0.001831
604.687300	-0.002441
604.687400	-0.002289
604.687500	-0.001831
604.687600	-0.001221
604.687700	0.002747
604.687800	0.003662
604.687900	0.003052
604.688000	0.001831
604.688100	0.001526
604.688200	0.003357
604.688300	0.001984
604.688400	-0.000305
604.688500	-0.000458
604.688600	0.002441
604.688700	0.004425
604.688800	0.005951
604.688900	0.002289
604.689000	-0.000305
604.689100	0.000610
604.689200	0.001831
604.689300	0.003357
604.689400	-0.000610
604.689500	-0.001984
604.689600	-0.002899
604.689700	-0.000763
604.689800	-0.004883
604.689900	-0.000763
604.690000	0.002136
604.690100	-0.000153
604.690200	0.002441
604.690300	0.001678
604.690400	-0.003052
604.690500	0.002594
604.690600	-0.000458
604.690700	-0.000610
604.690800	-0.002136
604.690900	0.003204
604.691000	0.001678
604.691100	0.003815
604.691200	0.001221
604.691300	0.000763
604.691400	0.005341
604.691500	0.002594
604.691600	-0.000610
604.691700	-0.001373
604.691800	-0.004730
604.691900	0.000153
604.692000	0.003815
604.692100	0.006104
604.692200	0.001984
604.692300	0.000153
604.692400	0.001831
604.692500	-0.000153
604.692600	0.002136
604.692700	-0.001526
604.692800	0.001831
604.692900	0.003967
604.693000	0.002136
604.693100	0.001678
604.693200	0.003204
604.693300	0.006866
604.693400	0.002594
604.693500	0.001831
604.693600	0.003662
604.693700	0.006714
604.693800	0.005646
604.693900	0.001678
604.694000	0.003204
604.694100	0.002289
604.694200	0.002899
604.694300	0.007324
604.694400	0.005646
604.694500	0.003357
604.694600	0.004730
604.694700	0.009155
604.694800	0.009308
604.694900	0.011139
604.695000	0.003967
604.695100	0.004425
604.695200	0.003052
604.695300	0.001984
604.695400	0.000153
604.695500	-0.001373
604.695600	0.000153
604.695700	0.001526
604.695800	-0.002136
604.695900	0.003357
604.696000	0.003204
604.696100	0.002136
604.696200	0.006409
604.696300	0.002136
604.696400	0.002441
604.696500	0.002594
604.696600	0.001831
604.696700	0.003967
604.696800	0.008087
604.696900	0.006866
604.697000	0.002899
604.697100	0.000305
604.697200	0.001678
604.697300	0.008850
604.697400	0.007324
604.697500	0.005951
604.697600	0.005798
604.697700	0.005188
604.697800	0.004578
604.697900	0.003815
604.698000	0.000305
604.698100	0.000610
604.698200	0.001678
604.698300	0.004120
604.698400	0.005341
604.698500	0.004883
604.698600	0.009003
604.698700	0.002441
604.698800	0.001526
604.698900	0.006104
604.699000	0.008392
604.699100	0.005341
604.699200	0.005341
604.699300	0.002747
604.699400	-0.000153
604.699500	0.003052
604.699600	0.002441
604.699700	0.007172
604.699800	0.004272
604.699900	0.009003
604.700000	0.006104
604.700100	0.005341
604.700200	0.005188
604.700300	0.006409
604.700400	0.007477
604.700500	0.006714
604.700600	0.005798
604.700700	0.008240
604.700800	0.007477
604.700900	0.005646
604.701000	0.004578
604.701100	0.004730
604.701200	0.006409
604.701300	0.000763
604.701400	0.005035
604.701500	0.004578
604.701600	0.006561
604.701700	0.002747
604.701800	0.003967
604.701900	0.004120
604.702000	0.007477
604.702100	-0.000458
604.702200	0.002747
604.702300	0.006714
604.702400	0.007477
604.702500	0.001831
604.702600	0.000916
604.702700	0.000153
604.702800	0.000153
604.702900	-0.000153
604.703000	-0.002136
604.703100	0.000610
604.703200	-0.000610
604.703300	0.006256
604.703400	0.002136
604.703500	0.001221
604.703600	0.005493
604.703700	0.001068
604.703800	-0.003052
604.703900	0.002289
604.704000	0.002136
604.704100	-0.001221
604.704200	0.002594
604.704300	0.004730
604.704400	0.002136
604.704500	0.003510
604.704600	0.005341
604.704700	0.005188
604.704800	0.003052
604.704900	0.000916
604.705000	0.003052
604.705100	0.003357
604.705200	0.001526
604.705300	-0.000610
604.705400	0.003815
604.705500	0.003357
604.705600	0.007629
604.705700	0.005341
604.705800	0.002899
604.705900	0.004578
604.706000	0.004578
604.706100	0.002747
604.706200	0.006561
604.706300	-0.000458
604.706400	0.008545
604.706500	0.003662
604.706600	0.006409
604.706700	0.009155
604.706800	0.005798
604.706900	0.004883
604.707000	0.007324
604.707100	0.007019
604.707200	0.006104
604.707300	0.006714
604.707400	0.010071
604.707500	0.007782
604.707600	0.003662
604.707700	0.003662
604.707800	0.003662
604.707900	0.005646
604.708000	0.000305
604.708100	0.007629
604.708200	0.005035
604.708300	0.001373
604.708400	0.005188
604.708500	0.001526
604.708600	0.000610
604.708700	-0.001068
604.708800	0.000458
604.708900	0.000916
604.709000	0.001526
604.709100	0.010071
604.709200	0.005035
604.709300	0.004425
604.709400	0.002136
604.709500	0.004883
604.709600	0.010681
604.709700	0.006409
604.709800	0.006104
604.709900	0.004578
604.710000	0.001678
604.710100	0.002441
604.710200	0.005188
604.710300	0.005798
604.710400	0.008087
604.710500	0.006866
604.710600	0.002747
604.710700	0.003510
604.710800	0.004120
604.710900	0.001984
604.711000	0.002594
604.711100	-0.001678
604.711200	0.004883
604.711300	0.006409
604.711400	0.002136
604.711500	0.001984
604.711600	-0.003357
604.711700	-0.003204
604.711800	-0.001526
604.711900	-0.001526
604.712000	-0.005798
604.712100	0.002289
604.712200	0.003662
604.712300	-0.001984
604.712400	0.004272
604.712500	0.003510
604.712600	0.011597
604.712700	0.005951
604.712800	0.002594
604.712900	0.005188
604.713000	0.004272
604.713100	0.009155
604.713200	0.006866
604.713300	-0.000305
604.713400	0.003052
604.713500	0.002441
604.713600	0.001526
604.713700	0.000305
604.713800	0.004272
604.713900	0.003052
604.714000	0.009155
604.714100	0.007935
604.714200	0.003662
604.714300	-0.001984
604.714400	-0.000458
604.714500	0.003662
604.714600	0.005798
604.714700	0.002899
604.714800	0.002136
604.714900	0.006714
604.715000	0.004730
604.715100	0.008240
604.715200	0.007172
604.715300	0.001984
604.715400	-0.000610
604.715500	-0.003204
604.715600	0.002289
604.715700	0.002289
604.715800	0.002899
604.715900	0.005188
604.716000	0.004730
604.716100	0.000763
604.716200	0.000305
604.716300	0.001984
604.716400	0.000153
604.716500	0.005493
604.716600	0.003510
604.716700	-0.001678
604.716800	0.003052
604.716900	0.008087
604.717000	0.006561
604.717100	0.001678
604.717200	0.003357
604.717300	0.001221
604.717400	0.001831
604.717500	0.007477
604.717600	0.001678
604.717700	0.000000
604.717800	-0.001678
604.717900	0.006561
604.718000	0.005341
604.718100	0.006866
604.718200	0.011444
604.718300	0.004425
604.718400	0.002594
604.718500	0.005035
604.718600	0.001068
604.718700	0.003662
604.718800	0.006714
604.718900	0.002441
604.719000	0.001831
604.719100	0.001831
604.719200	-0.000916
604.719300	0.001221
604.719400	0.006104
604.719500	0.001831
604.719600	0.003052
604.719700	0.004272
604.719800	0.001373
604.719900	-0.000763
604.720000	0.003510
604.720100	0.000305
604.720200	-0.000305
604.720300	0.005035
604.720400	-0.000153
604.720500	0.000000
604.720600	-0.002899
604.720700	-0.000153
604.720800	-0.003052
604.720900	0.006866
604.721000	0.002441
604.721100	0.001831
604.721200	0.004730
604.721300	0.001984
604.721400	0.002594
604.721500	0.006104
604.721600	0.003510
604.721700	0.001221
604.721800	-0.000610
604.721900	0.002136
604.722000	0.003662
604.722100	-0.001373
604.722200	0.006409
604.722300	0.007477
604.722400	0.004272
604.722500	0.005493
604.722600	0.002441
604.722700	0.001831
604.722800	0.004578
604.722900	0.003967
604.723000	0.007172
604.723100	0.004425
604.723200	0.001831
