375.191300	0.187988
375.191400	0.197144
375.191500	0.199585
375.191600	0.203247
375.191700	0.201721
375.191800	0.196228
375.191900	0.184937
375.192000	0.174713
375.192100	0.171051
375.192200	0.163574
375.192300	0.154114
375.192400	0.141602
375.192500	0.131226
375.192600	0.106354
375.192700	0.081940
375.192800	0.064392
375.192900	0.037384
375.193000	0.006866
375.193100	-0.028534
375.193200	-0.056458
375.193300	-0.086060
375.193400	-0.113373
375.193500	-0.146790
375.193600	-0.178833
375.193700	-0.210876
375.193800	-0.233917
375.193900	-0.253296
375.194000	-0.270386
375.194100	-0.284271
375.194200	-0.297852
375.194300	-0.309753
375.194400	-0.312347
375.194500	-0.313416
375.194600	-0.308990
375.194700	-0.308533
375.194800	-0.304718
375.194900	-0.304565
375.195000	-0.296936
375.195100	-0.287323
375.195200	-0.284576
375.195300	-0.279388
375.195400	-0.269623
375.195500	-0.259705
375.195600	-0.242615
375.195700	-0.238495
375.195800	-0.221710
375.195900	-0.206757
375.196000	-0.186920
375.196100	-0.173340
375.196200	-0.157471
375.196300	-0.140533
375.196400	-0.126038
375.196500	-0.110168
375.196600	-0.085449
375.196700	-0.070953
375.196800	-0.060272
375.196900	-0.048828
375.197000	-0.043945
375.197100	-0.034027
375.197200	-0.025177
375.197300	-0.024261
375.197400	-0.020599
375.197500	-0.010986
375.197600	-0.014343
375.197700	-0.015106
375.197800	-0.005341
375.197900	-0.005798
375.198000	-0.002136
375.198100	-0.009308
375.198200	-0.013275
375.198300	-0.003510
375.198400	-0.004272
375.198500	-0.004425
375.198600	-0.002289
375.198700	-0.001831
375.198800	-0.005798
375.198900	-0.009460
375.199000	-0.007172
375.199100	-0.007324
375.199200	-0.010529
375.199300	-0.012207
375.199400	-0.008850
375.199500	-0.004883
375.199600	-0.010376
375.199700	-0.012512
375.199800	-0.009308
375.199900	-0.015411
375.200000	-0.013123
375.200100	-0.012360
375.200200	-0.010376
375.200300	-0.012665
375.200400	-0.017090
375.200500	-0.012360
375.200600	-0.011597
375.200700	-0.017548
375.200800	-0.015259
375.200900	-0.015259
375.201000	-0.014038
375.201100	-0.015259
375.201200	-0.014496
375.201300	-0.019073
375.201400	-0.021210
375.201500	-0.023041
375.201600	-0.015869
375.201700	-0.024719
375.201800	-0.022583
375.201900	-0.024261
375.202000	-0.030212
375.202100	-0.023499
375.202200	-0.020447
375.202300	-0.023499
375.202400	-0.020142
375.202500	-0.023041
375.202600	-0.024261
375.202700	-0.024261
375.202800	-0.021973
375.202900	-0.022278
375.203000	-0.022278
375.203100	-0.021820
375.203200	-0.023956
375.203300	-0.027313
375.203400	-0.024567
375.203500	-0.023041
375.203600	-0.019684
375.203700	-0.027161
375.203800	-0.023499
375.203900	-0.023193
375.204000	-0.025635
375.204100	-0.020752
375.204200	-0.020599
375.204300	-0.018311
375.204400	-0.025177
375.204500	-0.024109
375.204600	-0.016174
375.204700	-0.020294
375.204800	-0.022278
375.204900	-0.017090
375.205000	-0.019531
375.205100	-0.021057
375.205200	-0.018921
375.205300	-0.016479
375.205400	-0.017090
375.205500	-0.017395
375.205600	-0.019836
375.205700	-0.021210
375.205800	-0.024261
375.205900	-0.024261
375.206000	-0.025482
375.206100	-0.026398
375.206200	-0.028839
375.206300	-0.028534
375.206400	-0.034790
375.206500	-0.030823
375.206600	-0.039368
375.206700	-0.034027
375.206800	-0.042877
375.206900	-0.045166
375.207000	-0.048523
375.207100	-0.050049
375.207200	-0.051422
375.207300	-0.054321
375.207400	-0.051575
375.207500	-0.053864
375.207600	-0.061493
375.207700	-0.057373
375.207800	-0.057373
375.207900	-0.059509
375.208000	-0.052643
375.208100	-0.051575
375.208200	-0.048828
375.208300	-0.050964
375.208400	-0.052795
375.208500	-0.052490
375.208600	-0.058441
375.208700	-0.048676
375.208800	-0.051880
375.208900	-0.046234
375.209000	-0.040588
375.209100	-0.039062
375.209200	-0.040283
375.209300	-0.037689
375.209400	-0.042267
375.209500	-0.037537
375.209600	-0.037079
375.209700	-0.038910
375.209800	-0.037994
375.209900	-0.038757
375.210000	-0.040894
375.210100	-0.039215
375.210200	-0.043182
375.210300	-0.036926
375.210400	-0.039825
375.210500	-0.037994
375.210600	-0.041962
375.210700	-0.040283
375.210800	-0.036163
375.210900	-0.042267
375.211000	-0.041504
375.211100	-0.041199
375.211200	-0.048218
375.211300	-0.044098
375.211400	-0.043640
375.211500	-0.046082
375.211600	-0.042419
375.211700	-0.041199
375.211800	-0.042114
375.211900	-0.044556
375.212000	-0.037994
375.212100	-0.039825
375.212200	-0.040588
375.212300	-0.036011
375.212400	-0.036621
375.212500	-0.040283
375.212600	-0.033722
375.212700	-0.037231
375.212800	-0.025177
375.212900	-0.025787
375.213000	-0.022888
375.213100	-0.019989
375.213200	-0.020294
375.213300	-0.014343
375.213400	-0.007324
375.213500	-0.010223
375.213600	-0.006561
375.213700	-0.003510
375.213800	-0.001221
375.213900	0.008087
375.214000	0.018158
375.214100	0.027008
375.214200	0.032654
375.214300	0.046082
375.214400	0.062866
375.214500	0.082855
375.214600	0.099182
375.214700	0.122375
375.214800	0.152435
375.214900	0.174255
375.215000	0.200958
375.215100	0.233002
375.215200	0.263367
375.215300	0.301819
375.215400	0.334625
375.215500	0.376740
375.215600	0.421906
375.215700	0.453796
375.215800	0.487366
375.215900	0.517426
375.216000	0.540314
375.216100	0.557556
375.216200	0.580139
375.216300	0.594025
375.216400	0.618591
375.216500	0.646973
375.216600	0.671692
375.216700	0.718689
375.216800	0.764313
375.216900	0.827637
375.217000	0.906219
375.217100	0.995483
375.217200	1.100616
375.217300	1.218567
375.217400	1.343231
375.217500	1.488190
375.217600	1.626129
375.217700	1.773224
375.217800	1.904755
375.217900	2.028198
375.218000	2.121277
375.218100	2.196960
375.218200	2.236633
375.218300	2.243042
375.218400	2.223969
375.218500	2.173157
375.218600	2.093658
375.218700	2.006073
375.218800	1.902924
375.218900	1.786194
375.219000	1.669769
375.219100	1.534119
375.219200	1.398926
375.219300	1.248322
375.219400	1.096649
375.219500	0.919800
375.219600	0.731201
375.219700	0.524902
375.219800	0.287476
375.219900	0.030518
375.220000	-0.233002
375.220100	-0.500183
375.220200	-0.784149
375.220300	-1.052551
375.220400	-1.457214
375.220500	-1.763306
375.220600	-2.039185
375.220700	-2.311707
375.220800	-2.561340
375.220900	-2.791290
375.221000	-3.010406
375.221100	-3.210144
375.221200	-3.388977
375.221300	-3.535309
375.221400	-3.648987
375.221500	-3.720245
375.221600	-3.760834
375.221700	-3.759613
375.221800	-3.725739
375.221900	-3.655090
375.222000	-3.564911
375.222100	-3.457489
375.222200	-3.320465
375.222300	-3.173370
375.222400	-3.009949
375.222500	-2.827759
375.222600	-2.635651
375.222700	-2.428589
375.222800	-2.211914
375.222900	-1.988220
375.223000	-1.766815
375.223100	-1.528473
375.223200	-1.328888
375.223300	-1.068115
375.223400	-0.859070
375.223500	-0.670166
375.223600	-0.492401
375.223700	-0.345154
375.223800	-0.201569
375.223900	-0.085449
375.224000	0.017395
375.224100	0.098724
375.224200	0.172729
375.224300	0.229492
375.224400	0.276489
375.224500	0.306854
375.224600	0.332794
375.224700	0.352936
375.224800	0.363007
375.224900	0.374603
375.225000	0.371094
375.225100	0.375366
375.225200	0.377350
375.225300	0.366821
375.225400	0.361938
375.225500	0.347595
375.225600	0.346222
375.225700	0.331268
375.225800	0.317841
375.225900	0.311127
375.226000	0.298157
375.226100	0.289001
375.226200	0.284882
375.226300	0.277100
375.226400	0.268707
375.226500	0.262756
375.226600	0.261383
375.226700	0.250244
375.226800	0.235901
375.226900	0.228577
375.227000	0.215759
375.227100	0.207367
375.227200	0.195923
375.227300	0.181580
375.227400	0.174408
375.227500	0.164490
375.227600	0.153503
375.227700	0.136108
375.227800	0.132599
375.227900	0.126038
375.228000	0.115204
375.228100	0.109863
375.228200	0.104523
375.228300	0.101471
375.228400	0.101929
375.228500	0.095215
375.228600	0.099182
375.228700	0.100098
375.228800	0.097809
375.228900	0.103760
375.229000	0.109253
375.229100	0.113068
375.229200	0.112915
375.229300	0.118103
375.229400	0.125275
375.229500	0.127869
375.229600	0.130005
375.229700	0.136261
375.229800	0.142059
375.229900	0.151062
375.230000	0.158997
375.230100	0.166473
375.230200	0.177155
375.230300	0.184937
375.230400	0.186005
375.230500	0.193024
375.230600	0.199738
375.230700	0.197906
375.230800	0.194397
375.230900	0.201874
375.231000	0.199585
375.231100	0.204773
375.231200	0.202484
375.231300	0.211487
375.231400	0.216675
375.231500	0.230255
375.231600	0.240173
375.231700	0.259857
375.231800	0.284729
375.231900	0.316620
375.232000	0.346375
375.232100	0.376434
375.232200	0.421143
375.232300	0.463257
375.232400	0.515900
375.232500	0.578156
375.232600	0.643768
375.232700	0.721436
375.232800	0.809326
375.232900	0.893860
375.233000	0.984650
375.233100	1.058044
375.233200	1.114807
375.233300	1.145630
375.233400	1.162415
375.233500	1.163940
375.233600	1.147461
375.233700	1.133881
375.233800	1.112823
375.233900	1.098633
375.234000	1.085052
375.234100	1.074524
375.234200	1.056061
375.234300	1.043243
375.234400	1.028290
375.234500	1.007385
375.234600	0.966644
375.234700	0.913696
375.234800	0.843964
375.234900	0.746613
375.235000	0.615234
375.235100	0.480347
375.235200	0.335693
375.235300	0.178986
375.235400	0.028229
375.235500	-0.121765
375.235600	-0.253601
375.235700	-0.380402
375.235800	-0.509949
375.235900	-0.632172
375.236000	-0.763092
375.236100	-0.901489
375.236200	-1.032562
375.236300	-1.139526
375.236400	-1.279144
375.236500	-1.369324
375.236600	-1.431274
375.236700	-1.463623
375.236800	-1.477051
375.236900	-1.473999
375.237000	-1.454010
375.237100	-1.432343
375.237200	-1.400146
375.237300	-1.361847
375.237400	-1.330261
375.237500	-1.299133
375.237600	-1.266785
375.237700	-1.226044
375.237800	-1.217499
375.237900	-1.208954
375.238000	-1.122437
375.238100	-1.068115
375.238200	-0.997620
375.238300	-0.905914
375.238400	-0.803528
375.238500	-0.700378
375.238600	-0.598297
375.238700	-0.502014
375.238800	-0.412598
375.238900	-0.328369
375.239000	-0.255737
375.239100	-0.197449
375.239200	-0.138245
375.239300	-0.085449
375.239400	-0.038452
375.239500	-0.007019
375.239600	0.026245
375.239700	0.055389
375.239800	0.078583
375.239900	0.093689
375.240000	0.104523
375.240100	0.119629
375.240200	0.120850
375.240300	0.116882
375.240400	0.122986
375.240500	0.122070
375.240600	0.124207
375.240700	0.127106
375.240800	0.130005
375.240900	0.124207
375.241000	0.123291
375.241100	0.121613
375.241200	0.121613
375.241300	0.117493
375.241400	0.122681
375.241500	0.121460
375.241600	0.112000
375.241700	0.120239
375.241800	0.122375
375.241900	0.122986
375.242000	0.121002
375.242100	0.120544
375.242200	0.117340
375.242300	0.117340
375.242400	0.112000
375.242500	0.113831
375.242600	0.112152
375.242700	0.118256
375.242800	0.108643
375.242900	0.112152
375.243000	0.106964
375.243100	0.110779
375.243200	0.116882
375.243300	0.112610
375.243400	0.112000
375.243500	0.106659
375.243600	0.102386
375.243700	0.104980
375.243800	0.106201
375.243900	0.100098
375.244000	0.099945
375.244100	0.099792
375.244200	0.100861
375.244300	0.099487
375.244400	0.092621
375.244500	0.094910
375.244600	0.090179
375.244700	0.090332
375.244800	0.088043
