291.786500	-0.015717
291.786600	-0.015869
291.786700	-0.008240
291.786800	-0.019073
291.786900	-0.019989
291.787000	-0.019989
291.787100	-0.015564
291.787200	-0.016174
291.787300	-0.025177
291.787400	-0.025330
291.787500	-0.025635
291.787600	-0.019226
291.787700	-0.016174
291.787800	-0.016937
291.787900	-0.015106
291.788000	-0.018463
291.788100	-0.016937
291.788200	-0.018921
291.788300	-0.021057
291.788400	-0.019684
291.788500	-0.021210
291.788600	-0.016632
291.788700	-0.017853
291.788800	-0.016327
291.788900	-0.025330
291.789000	-0.016479
291.789100	-0.014343
291.789200	-0.013733
291.789300	-0.018005
291.789400	-0.023804
291.789500	-0.024872
291.789600	-0.027008
291.789700	-0.021820
291.789800	-0.024567
291.789900	-0.021362
291.790000	-0.021362
291.790100	-0.021210
291.790200	-0.018616
291.790300	-0.021210
291.790400	-0.025024
291.790500	-0.026398
291.790600	-0.021667
291.790700	-0.022888
291.790800	-0.024719
291.790900	-0.021667
291.791000	-0.024414
291.791100	-0.023193
291.791200	-0.020599
291.791300	-0.023651
291.791400	-0.027161
291.791500	-0.022888
291.791600	-0.023346
291.791700	-0.026245
291.791800	-0.024872
291.791900	-0.027161
291.792000	-0.023499
291.792100	-0.026550
291.792200	-0.024261
291.792300	-0.030975
291.792400	-0.031738
291.792500	-0.030823
291.792600	-0.028076
291.792700	-0.027008
291.792800	-0.030212
291.792900	-0.027771
291.793000	-0.027924
291.793100	-0.036621
291.793200	-0.034637
291.793300	-0.031128
291.793400	-0.030518
291.793500	-0.035706
291.793600	-0.032043
291.793700	-0.030975
291.793800	-0.028534
291.793900	-0.032196
291.794000	-0.031586
291.794100	-0.029602
291.794200	-0.030975
291.794300	-0.030518
291.794400	-0.031586
291.794500	-0.027618
291.794600	-0.033112
291.794700	-0.032196
291.794800	-0.028687
291.794900	-0.025787
291.795000	-0.022888
291.795100	-0.027771
291.795200	-0.029602
291.795300	-0.027008
291.795400	-0.026855
291.795500	-0.028381
291.795600	-0.029144
291.795700	-0.028229
291.795800	-0.027466
291.795900	-0.030975
291.796000	-0.030975
291.796100	-0.030518
291.796200	-0.034332
291.796300	-0.030365
291.796400	-0.032043
291.796500	-0.031128
291.796600	-0.034637
291.796700	-0.030060
291.796800	-0.031128
291.796900	-0.030365
291.797000	-0.029297
291.797100	-0.030518
291.797200	-0.032959
291.797300	-0.033264
291.797400	-0.027313
291.797500	-0.029144
291.797600	-0.026093
291.797700	-0.021667
291.797800	-0.025024
291.797900	-0.027924
291.798000	-0.031738
291.798100	-0.028839
291.798200	-0.030212
291.798300	-0.029449
291.798400	-0.027466
291.798500	-0.025787
291.798600	-0.029755
291.798700	-0.028229
291.798800	-0.032043
291.798900	-0.029602
291.799000	-0.031128
291.799100	-0.027466
291.799200	-0.033875
291.799300	-0.033722
291.799400	-0.030518
291.799500	-0.030823
291.799600	-0.031433
291.799700	-0.032959
291.799800	-0.028839
291.799900	-0.027618
291.800000	-0.020599
291.800100	-0.026093
291.800200	-0.030060
291.800300	-0.031128
291.800400	-0.036163
291.800500	-0.033722
291.800600	-0.037384
291.800700	-0.036774
291.800800	-0.030670
291.800900	-0.035248
291.801000	-0.033112
291.801100	-0.028687
291.801200	-0.032196
291.801300	-0.036011
291.801400	-0.032806
291.801500	-0.035706
291.801600	-0.034180
291.801700	-0.030518
291.801800	-0.032959
291.801900	-0.032349
291.802000	-0.030060
291.802100	-0.030823
291.802200	-0.032196
291.802300	-0.032959
291.802400	-0.031586
291.802500	-0.037537
291.802600	-0.033875
291.802700	-0.026703
291.802800	-0.034790
291.802900	-0.034943
291.803000	-0.032959
291.803100	-0.032959
291.803200	-0.031586
291.803300	-0.032043
291.803400	-0.032043
291.803500	-0.033264
291.803600	-0.032043
291.803700	-0.034027
291.803800	-0.033417
291.803900	-0.038757
291.804000	-0.034943
291.804100	-0.030212
291.804200	-0.029449
291.804300	-0.038452
291.804400	-0.032959
291.804500	-0.031128
291.804600	-0.032501
291.804700	-0.040131
291.804800	-0.036316
291.804900	-0.039215
291.805000	-0.037079
291.805100	-0.036621
291.805200	-0.034180
291.805300	-0.037384
291.805400	-0.037842
291.805500	-0.035095
291.805600	-0.034027
291.805700	-0.034637
291.805800	-0.032959
291.805900	-0.033417
291.806000	-0.035858
291.806100	-0.037842
291.806200	-0.038147
291.806300	-0.038605
291.806400	-0.038910
291.806500	-0.037842
291.806600	-0.036621
291.806700	-0.040436
291.806800	-0.040741
291.806900	-0.031738
291.807000	-0.031891
291.807100	-0.035095
291.807200	-0.034027
291.807300	-0.035400
291.807400	-0.035858
291.807500	-0.033875
291.807600	-0.035706
291.807700	-0.033569
291.807800	-0.040283
291.807900	-0.037537
291.808000	-0.038605
291.808100	-0.036621
291.808200	-0.039520
291.808300	-0.044861
291.808400	-0.038910
291.808500	-0.039825
291.808600	-0.042267
291.808700	-0.038910
291.808800	-0.042419
291.808900	-0.042877
291.809000	-0.043945
291.809100	-0.035706
291.809200	-0.036621
291.809300	-0.044556
291.809400	-0.042419
291.809500	-0.040741
291.809600	-0.041351
291.809700	-0.042419
291.809800	-0.041351
291.809900	-0.039978
291.810000	-0.040588
291.810100	-0.044556
291.810200	-0.045319
291.810300	-0.043640
291.810400	-0.039825
291.810500	-0.036621
291.810600	-0.036774
291.810700	-0.043488
291.810800	-0.042725
291.810900	-0.046234
291.811000	-0.042877
291.811100	-0.042572
291.811200	-0.041046
291.811300	-0.045471
291.811400	-0.040283
291.811500	-0.038147
291.811600	-0.040131
291.811700	-0.039673
291.811800	-0.042267
291.811900	-0.045013
291.812000	-0.041504
291.812100	-0.041199
291.812200	-0.039978
291.812300	-0.039978
291.812400	-0.038910
291.812500	-0.040588
291.812600	-0.037231
291.812700	-0.039368
291.812800	-0.036621
291.812900	-0.036469
291.813000	-0.041199
291.813100	-0.040588
291.813200	-0.040436
291.813300	-0.041504
291.813400	-0.041046
291.813500	-0.043488
291.813600	-0.042419
291.813700	-0.039215
291.813800	-0.042572
291.813900	-0.049133
291.814000	-0.046387
291.814100	-0.047302
291.814200	-0.044556
291.814300	-0.041504
291.814400	-0.042725
291.814500	-0.046844
291.814600	-0.048218
291.814700	-0.038757
291.814800	-0.045624
291.814900	-0.041656
291.815000	-0.047913
291.815100	-0.041199
291.815200	-0.037537
291.815300	-0.040283
291.815400	-0.046692
291.815500	-0.040131
291.815600	-0.043335
291.815700	-0.039825
291.815800	-0.042419
291.815900	-0.049896
291.816000	-0.043488
291.816100	-0.043793
291.816200	-0.044556
291.816300	-0.043335
291.816400	-0.043793
291.816500	-0.043335
291.816600	-0.041199
291.816700	-0.046387
291.816800	-0.046234
291.816900	-0.046539
291.817000	-0.043335
291.817100	-0.041504
291.817200	-0.044861
291.817300	-0.048370
291.817400	-0.047913
291.817500	-0.047760
291.817600	-0.045166
291.817700	-0.041199
291.817800	-0.042114
291.817900	-0.046997
291.818000	-0.046844
291.818100	-0.041199
291.818200	-0.045166
291.818300	-0.046692
291.818400	-0.039673
291.818500	-0.038910
291.818600	-0.039978
291.818700	-0.041199
291.818800	-0.041046
291.818900	-0.042725
291.819000	-0.045013
291.819100	-0.043030
291.819200	-0.036926
291.819300	-0.046387
291.819400	-0.041351
291.819500	-0.043945
291.819600	-0.040588
291.819700	-0.042114
291.819800	-0.046234
291.819900	-0.046692
291.820000	-0.044250
291.820100	-0.041504
291.820200	-0.045166
291.820300	-0.046997
291.820400	-0.041656
291.820500	-0.038452
291.820600	-0.040894
291.820700	-0.043640
291.820800	-0.037384
291.820900	-0.046997
291.821000	-0.047607
291.821100	-0.044556
291.821200	-0.039825
291.821300	-0.036316
291.821400	-0.041199
291.821500	-0.042419
291.821600	-0.043640
291.821700	-0.044250
291.821800	-0.043793
291.821900	-0.041962
291.822000	-0.042725
291.822100	-0.044098
291.822200	-0.044098
291.822300	-0.045776
291.822400	-0.039978
291.822500	-0.038452
291.822600	-0.043945
291.822700	-0.038910
291.822800	-0.041962
291.822900	-0.040588
291.823000	-0.043335
291.823100	-0.042419
291.823200	-0.046387
291.823300	-0.042725
291.823400	-0.044556
291.823500	-0.043030
291.823600	-0.040894
291.823700	-0.038757
291.823800	-0.039825
291.823900	-0.040894
291.824000	-0.041046
291.824100	-0.044556
291.824200	-0.045166
291.824300	-0.039368
291.824400	-0.041504
291.824500	-0.042877
291.824600	-0.041809
291.824700	-0.040283
291.824800	-0.038452
291.824900	-0.041504
291.825000	-0.039062
291.825100	-0.040131
291.825200	-0.043335
291.825300	-0.038605
291.825400	-0.043488
291.825500	-0.039978
291.825600	-0.038910
291.825700	-0.034485
291.825800	-0.044403
291.825900	-0.047455
291.826000	-0.040436
291.826100	-0.042572
291.826200	-0.042725
291.826300	-0.040131
291.826400	-0.040741
291.826500	-0.043030
291.826600	-0.043335
291.826700	-0.042877
291.826800	-0.045624
291.826900	-0.042572
291.827000	-0.041656
291.827100	-0.041046
291.827200	-0.045319
291.827300	-0.043793
291.827400	-0.045624
291.827500	-0.041199
291.827600	-0.041351
291.827700	-0.046387
291.827800	-0.039062
291.827900	-0.042114
291.828000	-0.043182
291.828100	-0.042725
291.828200	-0.043030
291.828300	-0.045013
291.828400	-0.040436
291.828500	-0.040283
291.828600	-0.039825
291.828700	-0.043030
291.828800	-0.039520
291.828900	-0.045471
291.829000	-0.041046
291.829100	-0.042572
291.829200	-0.047607
291.829300	-0.050201
291.829400	-0.046234
291.829500	-0.042419
291.829600	-0.041504
291.829700	-0.044708
291.829800	-0.046844
291.829900	-0.044250
291.830000	-0.042267
291.830100	-0.043182
291.830200	-0.046997
291.830300	-0.043030
291.830400	-0.039825
291.830500	-0.038605
291.830600	-0.037842
291.830700	-0.037842
291.830800	-0.039215
291.830900	-0.037689
291.831000	-0.034790
291.831100	-0.040588
291.831200	-0.037231
291.831300	-0.037994
291.831400	-0.043335
291.831500	-0.037994
291.831600	-0.036926
291.831700	-0.038300
291.831800	-0.037689
291.831900	-0.037994
291.832000	-0.040283
291.832100	-0.038147
291.832200	-0.042725
291.832300	-0.039825
291.832400	-0.034943
291.832500	-0.037842
291.832600	-0.041351
291.832700	-0.039978
291.832800	-0.036011
291.832900	-0.033722
291.833000	-0.037231
291.833100	-0.038452
291.833200	-0.034637
291.833300	-0.038605
291.833400	-0.034790
291.833500	-0.033264
291.833600	-0.033112
291.833700	-0.033569
291.833800	-0.032196
291.833900	-0.035400
291.834000	-0.029907
291.834100	-0.040283
291.834200	-0.034180
291.834300	-0.030365
291.834400	-0.035248
291.834500	-0.033569
291.834600	-0.034790
291.834700	-0.027313
291.834800	-0.026703
291.834900	-0.030823
291.835000	-0.030518
291.835100	-0.037231
291.835200	-0.040894
291.835300	-0.037231
291.835400	-0.031586
291.835500	-0.032501
291.835600	-0.034180
291.835700	-0.030212
291.835800	-0.029755
291.835900	-0.031128
291.836000	-0.026245
291.836100	-0.026398
291.836200	-0.023804
291.836300	-0.027771
291.836400	-0.030365
291.836500	-0.029449
291.836600	-0.027161
291.836700	-0.029602
291.836800	-0.023804
291.836900	-0.029297
291.837000	-0.028229
291.837100	-0.030212
291.837200	-0.030670
291.837300	-0.028839
291.837400	-0.027161
291.837500	-0.026093
291.837600	-0.023193
291.837700	-0.028687
291.837800	-0.023956
291.837900	-0.027466
291.838000	-0.029449
291.838100	-0.025940
291.838200	-0.032349
291.838300	-0.024414
291.838400	-0.021820
291.838500	-0.023346
291.838600	-0.024872
291.838700	-0.020447
291.838800	-0.021057
291.838900	-0.020599
291.839000	-0.020294
291.839100	-0.021667
291.839200	-0.022583
291.839300	-0.025330
291.839400	-0.024414
291.839500	-0.024567
291.839600	-0.021515
291.839700	-0.023041
291.839800	-0.022736
291.839900	-0.025177
291.840000	-0.024567
