596.221700	0.018158
596.221800	0.017853
596.221900	0.019073
596.222000	0.020447
596.222100	0.014801
596.222200	0.020294
596.222300	0.018616
596.222400	0.020905
596.222500	0.017395
596.222600	0.015259
596.222700	0.018768
596.222800	0.015259
596.222900	0.015869
596.223000	0.013733
596.223100	0.009766
596.223200	0.009155
596.223300	0.011444
596.223400	0.010681
596.223500	0.012970
596.223600	0.012207
596.223700	0.014038
596.223800	0.015411
596.223900	0.015869
596.224000	0.016937
596.224100	0.013428
596.224200	0.016937
596.224300	0.019226
596.224400	0.014038
596.224500	0.013885
596.224600	0.017395
596.224700	0.016327
596.224800	0.017700
596.224900	0.016479
596.225000	0.012665
596.225100	0.020294
596.225200	0.020905
596.225300	0.018616
596.225400	0.018616
596.225500	0.021057
596.225600	0.020142
596.225700	0.016785
596.225800	0.013580
596.225900	0.014038
596.226000	0.016022
596.226100	0.020905
596.226200	0.020905
596.226300	0.014954
596.226400	0.012054
596.226500	0.018768
596.226600	0.012207
596.226700	0.010986
596.226800	0.019531
596.226900	0.014801
596.227000	0.016327
596.227100	0.019226
596.227200	0.019989
596.227300	0.013733
596.227400	0.015564
596.227500	0.017853
596.227600	0.017853
596.227700	0.018616
596.227800	0.017853
596.227900	0.017853
596.228000	0.019684
596.228100	0.021362
596.228200	0.017548
596.228300	0.017548
596.228400	0.016479
596.228500	0.015717
596.228600	0.012970
596.228700	0.018158
596.228800	0.019836
596.228900	0.021973
596.229000	0.021820
596.229100	0.016479
596.229200	0.016327
596.229300	0.016937
596.229400	0.016479
596.229500	0.012512
596.229600	0.015564
596.229700	0.015259
596.229800	0.021820
596.229900	0.020752
596.230000	0.019379
596.230100	0.016327
596.230200	0.014496
596.230300	0.013733
596.230400	0.017090
596.230500	0.014191
596.230600	0.019226
596.230700	0.019379
596.230800	0.021667
596.230900	0.017700
596.231000	0.019073
596.231100	0.016327
596.231200	0.014496
596.231300	0.016327
596.231400	0.018616
596.231500	0.023041
596.231600	0.018768
596.231700	0.019989
596.231800	0.019226
596.231900	0.021973
596.232000	0.016632
596.232100	0.019226
596.232200	0.017395
596.232300	0.017700
596.232400	0.015106
596.232500	0.014801
596.232600	0.017395
596.232700	0.019379
596.232800	0.015869
596.232900	0.017700
596.233000	0.019989
596.233100	0.015564
596.233200	0.015869
596.233300	0.019989
596.233400	0.021362
596.233500	0.019531
596.233600	0.023651
596.233700	0.024109
596.233800	0.018616
596.233900	0.014496
596.234000	0.015564
596.234100	0.019531
596.234200	0.020142
596.234300	0.022278
596.234400	0.018616
596.234500	0.018005
596.234600	0.018921
596.234700	0.019531
596.234800	0.026245
596.234900	0.015564
596.235000	0.017242
596.235100	0.019379
596.235200	0.018921
596.235300	0.016785
596.235400	0.020294
596.235500	0.015717
596.235600	0.015564
596.235700	0.014343
596.235800	0.018311
596.235900	0.015869
596.236000	0.015869
596.236100	0.015717
596.236200	0.014038
596.236300	0.014801
596.236400	0.016632
596.236500	0.012054
596.236600	0.018921
596.236700	0.012360
596.236800	0.020142
596.236900	0.016937
596.237000	0.018768
596.237100	0.018921
596.237200	0.014648
596.237300	0.011139
596.237400	0.018768
596.237500	0.017395
596.237600	0.017242
596.237700	0.021210
596.237800	0.016174
596.237900	0.017242
596.238000	0.015106
596.238100	0.012360
596.238200	0.019379
596.238300	0.016937
596.238400	0.008698
596.238500	0.015411
596.238600	0.016479
596.238700	0.019073
596.238800	0.018158
596.238900	0.013885
596.239000	0.019836
596.239100	0.016785
596.239200	0.022583
596.239300	0.012207
596.239400	0.014648
596.239500	0.014954
596.239600	0.013885
596.239700	0.012207
596.239800	0.013428
596.239900	0.013885
596.240000	0.017242
596.240100	0.011902
596.240200	0.010071
596.240300	0.009460
596.240400	0.012817
596.240500	0.019379
596.240600	0.019531
596.240700	0.018005
596.240800	0.016479
596.240900	0.017242
596.241000	0.014954
596.241100	0.018463
596.241200	0.019379
596.241300	0.011597
596.241400	0.007935
596.241500	0.015717
596.241600	0.015869
596.241700	0.011597
596.241800	0.014343
596.241900	0.013580
596.242000	0.014191
596.242100	0.012360
596.242200	0.015411
596.242300	0.016479
596.242400	0.014954
596.242500	0.017395
596.242600	0.018768
596.242700	0.017700
596.242800	0.022125
596.242900	0.016022
596.243000	0.016174
596.243100	0.017548
596.243200	0.019531
596.243300	0.016632
596.243400	0.015106
596.243500	0.015869
596.243600	0.016174
596.243700	0.014954
596.243800	0.020447
596.243900	0.016785
596.244000	0.017242
596.244100	0.022278
596.244200	0.016479
596.244300	0.016785
596.244400	0.017242
596.244500	0.019073
596.244600	0.017853
596.244700	0.019379
596.244800	0.020142
596.244900	0.015564
596.245000	0.018005
596.245100	0.020599
596.245200	0.019684
596.245300	0.018921
596.245400	0.016632
596.245500	0.020447
596.245600	0.019226
596.245700	0.020142
596.245800	0.017548
596.245900	0.016632
596.246000	0.019836
596.246100	0.017090
596.246200	0.018005
596.246300	0.017090
596.246400	0.019684
596.246500	0.017395
596.246600	0.016174
596.246700	0.017395
596.246800	0.017242
596.246900	0.018616
596.247000	0.015411
596.247100	0.013580
596.247200	0.017853
596.247300	0.018463
596.247400	0.014648
596.247500	0.012054
596.247600	0.015869
596.247700	0.018616
596.247800	0.017395
596.247900	0.017395
596.248000	0.016022
596.248100	0.018311
596.248200	0.023499
596.248300	0.018616
596.248400	0.011902
596.248500	0.017395
596.248600	0.017548
596.248700	0.017853
596.248800	0.019226
596.248900	0.021515
596.249000	0.019684
596.249100	0.017853
596.249200	0.021057
596.249300	0.016632
596.249400	0.018616
596.249500	0.024414
596.249600	0.017548
596.249700	0.017395
596.249800	0.017548
596.249900	0.011444
596.250000	0.015106
596.250100	0.016022
596.250200	0.016022
596.250300	0.019989
596.250400	0.017090
596.250500	0.019531
596.250600	0.019379
596.250700	0.021515
596.250800	0.021515
596.250900	0.015411
596.251000	0.016632
596.251100	0.021667
596.251200	0.019073
596.251300	0.021057
596.251400	0.017395
596.251500	0.018158
596.251600	0.014496
596.251700	0.017700
596.251800	0.019836
596.251900	0.020905
596.252000	0.023346
596.252100	0.019073
596.252200	0.019684
596.252300	0.020752
596.252400	0.017700
596.252500	0.016632
596.252600	0.022125
596.252700	0.015564
596.252800	0.020142
596.252900	0.020752
596.253000	0.021210
596.253100	0.023804
596.253200	0.017090
596.253300	0.018005
596.253400	0.016327
596.253500	0.023193
596.253600	0.020447
596.253700	0.022430
596.253800	0.022583
596.253900	0.021973
596.254000	0.022736
596.254100	0.025635
596.254200	0.022583
596.254300	0.020599
596.254400	0.019836
596.254500	0.017242
596.254600	0.017700
596.254700	0.023499
596.254800	0.022583
596.254900	0.017853
596.255000	0.019531
596.255100	0.018616
596.255200	0.016022
596.255300	0.012665
596.255400	0.011444
596.255500	0.015869
596.255600	0.014191
596.255700	0.018616
596.255800	0.019379
596.255900	0.018463
596.256000	0.017242
596.256100	0.019226
596.256200	0.016174
596.256300	0.015869
596.256400	0.018616
596.256500	0.019379
596.256600	0.017548
596.256700	0.014343
596.256800	0.014191
596.256900	0.014038
596.257000	0.013123
596.257100	0.014801
596.257200	0.015411
596.257300	0.015411
596.257400	0.008392
596.257500	0.018158
596.257600	0.022125
596.257700	0.016479
596.257800	0.020142
596.257900	0.015869
596.258000	0.016327
596.258100	0.018616
596.258200	0.018005
596.258300	0.019836
596.258400	0.018158
596.258500	0.013580
596.258600	0.018158
596.258700	0.017700
596.258800	0.018005
596.258900	0.014496
596.259000	0.014343
596.259100	0.015717
596.259200	0.016022
596.259300	0.017242
596.259400	0.014648
596.259500	0.020142
596.259600	0.018463
596.259700	0.017548
596.259800	0.010834
596.259900	0.019531
596.260000	0.014648
596.260100	0.018616
596.260200	0.016174
596.260300	0.018005
596.260400	0.017090
596.260500	0.017853
596.260600	0.020294
596.260700	0.021973
596.260800	0.019989
596.260900	0.015411
596.261000	0.018311
596.261100	0.016479
596.261200	0.011444
596.261300	0.023956
596.261400	0.019684
596.261500	0.016937
596.261600	0.018311
596.261700	0.018158
596.261800	0.021362
596.261900	0.017090
596.262000	0.016785
596.262100	0.015259
596.262200	0.013275
596.262300	0.021057
596.262400	0.019836
596.262500	0.017853
596.262600	0.021515
596.262700	0.013885
596.262800	0.015564
596.262900	0.020752
596.263000	0.017548
596.263100	0.019684
596.263200	0.016174
596.263300	0.017548
596.263400	0.017853
596.263500	0.016327
596.263600	0.016174
596.263700	0.020447
596.263800	0.017242
596.263900	0.018311
596.264000	0.020447
596.264100	0.015259
596.264200	0.017853
596.264300	0.018616
596.264400	0.017395
596.264500	0.016632
596.264600	0.015106
596.264700	0.019684
596.264800	0.018311
596.264900	0.018311
596.265000	0.018463
596.265100	0.017700
596.265200	0.020752
596.265300	0.023804
596.265400	0.021362
596.265500	0.021515
596.265600	0.017853
596.265700	0.019379
596.265800	0.017395
596.265900	0.023956
596.266000	0.016479
596.266100	0.015869
596.266200	0.018616
596.266300	0.017853
596.266400	0.018463
596.266500	0.018768
596.266600	0.015411
596.266700	0.014954
596.266800	0.019531
596.266900	0.017242
596.267000	0.021515
596.267100	0.020294
596.267200	0.020905
596.267300	0.019531
596.267400	0.019836
596.267500	0.017090
596.267600	0.016632
596.267700	0.018158
596.267800	0.013733
596.267900	0.016022
596.268000	0.018005
596.268100	0.018768
596.268200	0.016479
596.268300	0.015717
596.268400	0.020752
596.268500	0.019836
596.268600	0.020294
596.268700	0.014191
596.268800	0.017395
596.268900	0.017853
596.269000	0.015869
596.269100	0.015411
596.269200	0.014954
596.269300	0.014038
596.269400	0.016479
596.269500	0.020142
596.269600	0.020294
596.269700	0.020752
596.269800	0.019989
596.269900	0.021820
596.270000	0.017853
596.270100	0.015564
596.270200	0.019226
596.270300	0.019379
596.270400	0.022888
596.270500	0.014801
596.270600	0.022583
596.270700	0.017395
596.270800	0.019836
596.270900	0.017395
596.271000	0.011902
596.271100	0.016327
596.271200	0.014954
596.271300	0.016785
596.271400	0.014954
596.271500	0.013428
596.271600	0.015411
596.271700	0.022888
596.271800	0.018311
596.271900	0.018463
596.272000	0.019684
596.272100	0.018768
596.272200	0.018311
596.272300	0.016327
596.272400	0.014038
596.272500	0.016937
596.272600	0.024567
596.272700	0.017700
596.272800	0.020599
596.272900	0.018005
596.273000	0.019531
596.273100	0.019073
596.273200	0.025177
596.273300	0.021210
596.273400	0.019531
596.273500	0.021362
596.273600	0.022888
596.273700	0.021362
596.273800	0.014954
596.273900	0.016632
596.274000	0.020142
596.274100	0.013580
596.274200	0.016937
596.274300	0.016785
596.274400	0.021210
596.274500	0.018005
596.274600	0.019989
596.274700	0.021210
596.274800	0.016937
596.274900	0.018311
596.275000	0.018921
596.275100	0.012360
596.275200	0.012665
