351.690500	0.030518
351.690600	0.032196
351.690700	0.034485
351.690800	0.033722
351.690900	0.033875
351.691000	0.039825
351.691100	0.038605
351.691200	0.038757
351.691300	0.035706
351.691400	0.035706
351.691500	0.036926
351.691600	0.032043
351.691700	0.039062
351.691800	0.039215
351.691900	0.038147
351.692000	0.041046
351.692100	0.039062
351.692200	0.039978
351.692300	0.043488
351.692400	0.040741
351.692500	0.038147
351.692600	0.035858
351.692700	0.038757
351.692800	0.033264
351.692900	0.035248
351.693000	0.034790
351.693100	0.034332
351.693200	0.030670
351.693300	0.030670
351.693400	0.027466
351.693500	0.026855
351.693600	0.026855
351.693700	0.027618
351.693800	0.023193
351.693900	0.022278
351.694000	0.024872
351.694100	0.021057
351.694200	0.019836
351.694300	0.023956
351.694400	0.022583
351.694500	0.020142
351.694600	0.022583
351.694700	0.014648
351.694800	0.013428
351.694900	0.012207
351.695000	0.012512
351.695100	0.009918
351.695200	0.011292
351.695300	0.013123
351.695400	0.015106
351.695500	0.014648
351.695600	0.013733
351.695700	0.012512
351.695800	0.012512
351.695900	0.013733
351.696000	0.006714
351.696100	0.006104
351.696200	0.011597
351.696300	0.008087
351.696400	0.003662
351.696500	0.002289
351.696600	-0.001068
351.696700	0.003204
351.696800	-0.001373
351.696900	0.001526
351.697000	0.003967
351.697100	0.000000
351.697200	0.000610
351.697300	-0.000458
351.697400	-0.001068
351.697500	-0.001221
351.697600	-0.001678
351.697700	-0.004120
351.697800	-0.004120
351.697900	-0.010376
351.698000	-0.010223
351.698100	-0.004120
351.698200	-0.005798
351.698300	-0.012207
351.698400	-0.012817
351.698500	-0.017548
351.698600	-0.015869
351.698700	-0.016479
351.698800	-0.022125
351.698900	-0.027924
351.699000	-0.026093
351.699100	-0.027771
351.699200	-0.028381
351.699300	-0.028534
351.699400	-0.024872
351.699500	-0.035553
351.699600	-0.035095
351.699700	-0.037689
351.699800	-0.039673
351.699900	-0.043182
351.700000	-0.044250
351.700100	-0.045776
351.700200	-0.046082
351.700300	-0.053558
351.700400	-0.050201
351.700500	-0.057373
351.700600	-0.057983
351.700700	-0.060883
351.700800	-0.065613
351.700900	-0.066681
351.701000	-0.070801
351.701100	-0.074921
351.701200	-0.082397
351.701300	-0.086975
351.701400	-0.089722
351.701500	-0.095673
351.701600	-0.092316
351.701700	-0.098724
351.701800	-0.107422
351.701900	-0.110168
351.702000	-0.113220
351.702100	-0.117187
351.702200	-0.112915
351.702300	-0.114288
351.702400	-0.118866
351.702500	-0.121307
351.702600	-0.118866
351.702700	-0.115051
351.702800	-0.114899
351.702900	-0.112457
351.703000	-0.111084
351.703100	-0.106354
351.703200	-0.106964
351.703300	-0.095825
351.703400	-0.097961
351.703500	-0.097046
351.703600	-0.093842
351.703700	-0.096130
351.703800	-0.092163
351.703900	-0.089569
351.704000	-0.090027
351.704100	-0.085907
351.704200	-0.085754
351.704300	-0.082703
351.704400	-0.083618
351.704500	-0.079651
351.704600	-0.084839
351.704700	-0.081940
351.704800	-0.081940
351.704900	-0.078430
351.705000	-0.076141
351.705100	-0.076752
351.705200	-0.074005
351.705300	-0.073242
351.705400	-0.078888
351.705500	-0.079498
351.705600	-0.077972
351.705700	-0.074310
351.705800	-0.071869
351.705900	-0.070648
351.706000	-0.065308
351.706100	-0.065765
351.706200	-0.055237
351.706300	-0.052338
351.706400	-0.052948
351.706500	-0.047455
351.706600	-0.043182
351.706700	-0.032654
351.706800	-0.026855
351.706900	-0.016632
351.707000	-0.008545
351.707100	-0.000305
351.707200	0.011902
351.707300	0.016327
351.707400	0.025177
351.707500	0.037384
351.707600	0.044861
351.707700	0.056915
351.707800	0.064850
351.707900	0.070496
351.708000	0.075531
351.708100	0.088348
351.708200	0.092773
351.708300	0.097809
351.708400	0.105896
351.708500	0.113220
351.708600	0.124512
351.708700	0.128784
351.708800	0.135651
351.708900	0.136871
351.709000	0.144196
351.709100	0.153046
351.709200	0.155334
351.709300	0.159302
351.709400	0.167084
351.709500	0.178528
351.709600	0.181732
351.709700	0.185394
351.709800	0.188751
351.709900	0.192413
351.710000	0.198059
351.710100	0.201569
351.710200	0.205994
351.710300	0.200653
351.710400	0.205231
351.710500	0.204620
351.710600	0.206146
351.710700	0.202637
351.710800	0.202179
351.710900	0.199585
351.711000	0.198059
351.711100	0.195312
351.711200	0.191040
351.711300	0.186615
351.711400	0.186157
351.711500	0.177460
351.711600	0.178528
351.711700	0.173950
351.711800	0.174713
351.711900	0.171967
351.712000	0.171814
351.712100	0.161133
351.712200	0.160522
351.712300	0.158081
351.712400	0.152283
351.712500	0.155640
351.712600	0.151672
351.712700	0.149689
351.712800	0.147858
351.712900	0.144501
351.713000	0.148468
351.713100	0.145264
351.713200	0.142670
351.713300	0.142059
351.713400	0.138550
351.713500	0.139923
351.713600	0.132599
351.713700	0.131073
351.713800	0.127563
351.713900	0.124664
351.714000	0.116119
351.714100	0.110321
351.714200	0.106049
351.714300	0.099335
351.714400	0.093384
351.714500	0.088348
351.714600	0.080109
351.714700	0.068970
351.714800	0.060577
351.714900	0.053864
351.715000	0.056458
351.715100	0.050201
351.715200	0.039673
351.715300	0.031281
351.715400	0.027618
351.715500	0.022583
351.715600	0.020294
351.715700	0.018005
351.715800	0.006256
351.715900	0.002594
351.716000	0.000000
351.716100	0.002441
351.716200	-0.004272
351.716300	-0.009460
351.716400	-0.015106
351.716500	-0.014648
351.716600	-0.015717
351.716700	-0.014801
351.716800	-0.016785
351.716900	-0.020752
351.717000	-0.017853
351.717100	-0.018005
351.717200	-0.023041
351.717300	-0.024261
351.717400	-0.021667
351.717500	-0.026398
351.717600	-0.028229
351.717700	-0.030823
351.717800	-0.035858
351.717900	-0.032959
351.718000	-0.029755
351.718100	-0.031738
351.718200	-0.029907
351.718300	-0.029907
351.718400	-0.031738
351.718500	-0.031891
351.718600	-0.029755
351.718700	-0.028381
351.718800	-0.024109
351.718900	-0.023346
351.719000	-0.022278
351.719100	-0.027313
351.719200	-0.025787
351.719300	-0.023193
351.719400	-0.027466
351.719500	-0.025635
351.719600	-0.022125
351.719700	-0.022736
351.719800	-0.016632
351.719900	-0.022278
351.720000	-0.022278
351.720100	-0.017395
351.720200	-0.023041
351.720300	-0.016479
351.720400	-0.017700
351.720500	-0.021057
351.720600	-0.018158
351.720700	-0.014954
351.720800	-0.018616
351.720900	-0.014496
351.721000	-0.017242
351.721100	-0.014038
351.721200	-0.011749
351.721300	-0.014343
351.721400	-0.013885
351.721500	-0.011444
351.721600	-0.012970
351.721700	-0.013275
351.721800	-0.015259
351.721900	-0.010529
351.722000	-0.012207
351.722100	-0.008545
351.722200	-0.009613
351.722300	-0.009766
351.722400	-0.005951
351.722500	-0.004578
351.722600	-0.006409
351.722700	-0.006409
351.722800	-0.010834
351.722900	-0.007935
351.723000	-0.007019
351.723100	-0.007935
351.723200	-0.005493
351.723300	-0.012360
351.723400	-0.006256
351.723500	0.000458
351.723600	-0.002899
351.723700	-0.005646
351.723800	-0.011444
351.723900	-0.009613
351.724000	-0.005646
351.724100	-0.008087
351.724200	-0.008850
351.724300	-0.010834
351.724400	-0.008545
351.724500	-0.005035
351.724600	-0.005951
351.724700	-0.009613
351.724800	-0.006561
351.724900	-0.001221
351.725000	-0.003815
351.725100	-0.005646
351.725200	-0.006714
351.725300	-0.005341
351.725400	-0.004425
351.725500	-0.004730
351.725600	-0.003204
351.725700	-0.001831
351.725800	-0.006409
351.725900	-0.008240
351.726000	-0.003052
351.726100	-0.004730
351.726200	-0.003967
351.726300	-0.008240
351.726400	-0.006409
351.726500	-0.006104
351.726600	-0.002899
351.726700	-0.001221
351.726800	-0.004120
351.726900	-0.001526
351.727000	-0.007324
351.727100	-0.003052
351.727200	-0.002136
351.727300	-0.005646
351.727400	-0.000763
351.727500	-0.001678
351.727600	-0.005341
351.727700	-0.006256
351.727800	-0.005493
351.727900	-0.003662
351.728000	-0.008392
351.728100	-0.001526
351.728200	-0.002441
351.728300	-0.003052
351.728400	-0.003815
351.728500	-0.000916
351.728600	-0.000153
351.728700	-0.003357
351.728800	-0.005035
351.728900	-0.001984
351.729000	0.001221
351.729100	-0.003662
351.729200	-0.007019
351.729300	-0.002747
351.729400	-0.000458
351.729500	-0.001678
351.729600	-0.001984
351.729700	-0.003662
351.729800	-0.002899
351.729900	0.000458
351.730000	0.003815
351.730100	-0.001526
351.730200	-0.000458
351.730300	-0.005493
351.730400	-0.004425
351.730500	-0.007935
351.730600	-0.004425
351.730700	0.003204
351.730800	0.002899
351.730900	0.003967
351.731000	0.000916
351.731100	-0.002441
351.731200	0.002136
351.731300	0.000458
351.731400	0.004272
351.731500	0.000458
351.731600	0.002747
351.731700	0.000610
351.731800	-0.003357
351.731900	0.005188
351.732000	0.001678
351.732100	-0.002594
351.732200	0.000610
351.732300	0.000610
351.732400	-0.000763
351.732500	-0.000610
351.732600	0.003052
351.732700	-0.001678
351.732800	0.000000
351.732900	-0.000458
351.733000	0.003815
351.733100	0.000305
351.733200	-0.000610
351.733300	-0.002136
351.733400	0.001831
351.733500	0.001373
351.733600	-0.001984
351.733700	-0.000763
351.733800	-0.002899
351.733900	0.000458
351.734000	0.004272
351.734100	0.002136
351.734200	-0.003357
351.734300	-0.002136
351.734400	-0.002441
351.734500	-0.003815
351.734600	0.000763
351.734700	0.002289
351.734800	0.003662
351.734900	-0.001984
351.735000	0.005493
351.735100	0.003510
351.735200	-0.004120
351.735300	-0.000458
351.735400	0.006714
351.735500	-0.002747
351.735600	-0.001221
351.735700	-0.000610
351.735800	-0.008850
351.735900	0.001678
351.736000	0.005646
351.736100	0.003510
351.736200	0.002747
351.736300	-0.000153
351.736400	0.000916
351.736500	0.001373
351.736600	0.000763
351.736700	0.000916
351.736800	0.000763
351.736900	0.003357
351.737000	0.000000
351.737100	0.001984
351.737200	0.005341
351.737300	0.003662
351.737400	-0.001221
351.737500	0.003967
351.737600	0.001984
351.737700	0.003662
351.737800	0.005341
351.737900	0.006561
351.738000	0.003052
351.738100	0.003967
351.738200	0.002441
351.738300	-0.001526
351.738400	-0.002594
351.738500	0.000458
351.738600	0.001984
351.738700	0.003662
351.738800	0.006256
351.738900	0.007629
351.739000	0.004272
351.739100	0.002441
351.739200	0.002594
351.739300	0.005035
351.739400	0.006409
351.739500	0.003815
351.739600	0.003510
351.739700	0.004578
351.739800	0.003204
351.739900	0.007935
351.740000	0.012207
351.740100	0.008850
351.740200	0.009613
351.740300	0.006409
351.740400	0.005341
351.740500	0.008850
351.740600	0.006866
351.740700	0.010986
351.740800	0.010834
351.740900	0.007782
351.741000	0.004578
351.741100	0.010681
351.741200	0.004578
351.741300	0.005188
351.741400	0.006256
351.741500	0.010376
351.741600	0.009766
351.741700	0.010986
351.741800	0.007019
351.741900	0.009918
351.742000	0.013885
351.742100	0.009003
351.742200	0.007172
351.742300	0.006256
351.742400	0.004120
351.742500	0.004730
351.742600	0.007324
351.742700	0.013733
351.742800	0.013123
351.742900	0.008850
351.743000	0.008545
351.743100	0.009766
351.743200	0.004883
351.743300	0.008087
351.743400	0.010529
351.743500	0.010529
351.743600	0.006714
351.743700	0.007782
351.743800	0.004578
351.743900	0.006104
351.744000	0.008392
