451.223300	0.039520
451.223400	0.038300
451.223500	0.033722
451.223600	0.032654
451.223700	0.033722
451.223800	0.041351
451.223900	0.044861
451.224000	0.053101
451.224100	0.060120
451.224200	0.061646
451.224300	0.068054
451.224400	0.071869
451.224500	0.075073
451.224600	0.072937
451.224700	0.076904
451.224800	0.062408
451.224900	0.055542
451.225000	0.048523
451.225100	0.043030
451.225200	0.035248
451.225300	0.033875
451.225400	0.036469
451.225500	0.041504
451.225600	0.043030
451.225700	0.049744
451.225800	0.052338
451.225900	0.052490
451.226000	0.049438
451.226100	0.047913
451.226200	0.066833
451.226300	0.129395
451.226400	0.238190
451.226500	0.383606
451.226600	0.440826
451.226700	0.426483
451.226800	0.350037
451.226900	0.236511
451.227000	0.098114
451.227100	-0.062714
451.227200	-0.208740
451.227300	-0.316620
451.227400	-0.397797
451.227500	-0.411682
451.227600	-0.323944
451.227700	-0.196686
451.227800	-0.081482
451.227900	-0.012207
451.228000	0.032501
451.228100	0.055847
451.228200	0.078125
451.228300	0.077515
451.228400	0.079041
451.228500	0.073853
451.228600	0.068665
451.228700	0.055695
451.228800	0.040131
451.228900	0.027008
451.229000	0.018005
451.229100	0.020294
451.229200	0.027008
451.229300	0.023956
451.229400	0.018311
451.229500	0.007629
451.229600	0.008087
451.229700	-0.005341
451.229800	-0.006561
451.229900	-0.007935
451.230000	-0.001831
451.230100	-0.000305
451.230200	0.016327
451.230300	0.032196
451.230400	0.044861
451.230500	0.059662
451.230600	0.061646
451.230700	0.065002
451.230800	0.066223
451.230900	0.061188
451.231000	0.046692
451.231100	0.034485
451.231200	0.018463
451.231300	0.010834
451.231400	-0.001984
451.231500	0.000153
451.231600	-0.000916
451.231700	0.010376
451.231800	0.014648
451.231900	0.016327
451.232000	0.021057
451.232100	0.023041
451.232200	0.024567
451.232300	0.028229
451.232400	0.024261
451.232500	0.029449
451.232600	0.031738
451.232700	0.029297
451.232800	0.027161
451.232900	0.029297
451.233000	0.034790
451.233100	0.032654
451.233200	0.034943
451.233300	0.029602
451.233400	0.027618
451.233500	0.029144
451.233600	0.022888
451.233700	0.025635
451.233800	0.024109
451.233900	0.027161
451.234000	0.023041
451.234100	0.022430
451.234200	0.023956
451.234300	0.019226
451.234400	0.025024
451.234500	0.037384
451.234600	0.080719
451.234700	0.176697
451.234800	0.333405
451.234900	0.492859
451.235000	0.562134
451.235100	0.525818
451.235200	0.410767
451.235300	0.228882
451.235400	0.025482
451.235500	-0.178833
451.235600	-0.358276
451.235700	-0.493011
451.235800	-0.564423
451.235900	-0.532227
451.236000	-0.402222
451.236100	-0.240021
451.236200	-0.109558
451.236300	-0.030975
451.236400	0.008392
451.236500	0.042725
451.236600	0.081177
451.236700	0.128479
451.236800	0.149841
451.236900	0.151367
451.237000	0.128479
451.237100	0.083618
451.237200	0.018616
451.237300	-0.047455
451.237400	-0.084839
451.237500	-0.104980
451.237600	-0.100708
451.237700	-0.081635
451.237800	-0.039520
451.237900	-0.002899
451.238000	0.015869
451.238100	0.024719
451.238200	0.030518
451.238300	0.053864
451.238400	0.091248
451.238500	0.169525
451.238600	0.268097
451.238700	0.352936
451.238800	0.393524
451.238900	0.373688
451.239000	0.304565
451.239100	0.205383
451.239200	0.083618
451.239300	-0.057220
451.239400	-0.183563
451.239500	-0.287628
451.239600	-0.343170
451.239700	-0.352936
451.239800	-0.302429
451.239900	-0.209503
451.240000	-0.109711
451.240100	-0.031128
451.240200	0.006409
451.240300	0.008240
451.240400	-0.012512
451.240500	-0.026703
451.240600	-0.035858
451.240700	-0.036316
451.240800	-0.021820
451.240900	0.009613
451.241000	0.089111
451.241100	0.234680
451.241200	0.446320
451.241300	0.658569
451.241400	0.799408
451.241500	0.831451
451.241600	0.731049
451.241700	0.476227
451.241800	0.112000
451.241900	-0.274200
451.242000	-0.609741
451.242100	-0.805664
451.242200	-0.863342
451.242300	-0.801392
451.242400	-0.618286
451.242500	-0.380096
451.242600	-0.187378
451.242700	-0.064392
451.242800	-0.000458
451.242900	0.025940
451.243000	0.061646
451.243100	0.135651
451.243200	0.241394
451.243300	0.358429
451.243400	0.430145
451.243500	0.440674
451.243600	0.391388
451.243700	0.273743
451.243800	0.112610
451.243900	-0.073242
451.244000	-0.250092
451.244100	-0.375061
451.244200	-0.441589
451.244300	-0.439911
451.244400	-0.382996
451.244500	-0.267639
451.244600	-0.149841
451.244700	-0.054626
451.244800	-0.004425
451.244900	0.012817
451.245000	0.018921
451.245100	0.021515
451.245200	0.021362
451.245300	0.025330
451.245400	0.028534
451.245500	0.030518
451.245600	0.031891
451.245700	0.027618
451.245800	0.020905
451.245900	0.024567
451.246000	0.020294
451.246100	0.026703
451.246200	0.027618
451.246300	0.030365
451.246400	0.023651
451.246500	0.024872
451.246600	0.024414
451.246700	0.025024
451.246800	0.037231
451.246900	0.051880
451.247000	0.085602
451.247100	0.117798
451.247200	0.143738
451.247300	0.152435
451.247400	0.143433
451.247500	0.099182
451.247600	0.041962
451.247700	-0.016327
451.247800	-0.067291
451.247900	-0.097351
451.248000	-0.104828
451.248100	-0.097046
451.248200	-0.074615
451.248300	-0.042114
451.248400	-0.019531
451.248500	0.000610
451.248600	0.007477
451.248700	0.013428
451.248800	0.020905
451.248900	0.019531
451.249000	0.022583
451.249100	0.018158
451.249200	0.017548
451.249300	0.012817
451.249400	0.019836
451.249500	0.015106
451.249600	0.017090
451.249700	0.027618
451.249800	0.054932
451.249900	0.156250
451.250000	0.361786
451.250100	0.681458
451.250200	1.018372
451.250300	1.212921
451.250400	1.265717
451.250500	1.221619
451.250600	1.049805
451.250700	0.764771
451.250800	0.450439
451.250900	0.095825
451.251000	-0.260010
451.251100	-0.532990
451.251200	-0.781097
451.251300	-1.043549
451.251400	-1.180267
451.251500	-1.235046
451.251600	-1.189575
451.251700	-0.989532
451.251800	-0.836029
451.251900	-0.625153
451.252000	-0.385895
451.252100	-0.191345
451.252200	-0.070648
451.252300	-0.012665
451.252400	0.019684
451.252500	0.036621
451.252600	0.043030
451.252700	0.044098
451.252800	0.048218
451.252900	0.042419
451.253000	0.032349
451.253100	0.021667
451.253200	0.008850
451.253300	0.009155
451.253400	0.006714
451.253500	0.004272
451.253600	0.005035
451.253700	0.009308
451.253800	0.014801
451.253900	0.021362
451.254000	0.024414
451.254100	0.030365
451.254200	0.025940
451.254300	0.032349
451.254400	0.032196
451.254500	0.038147
451.254600	0.032196
451.254700	0.032654
451.254800	0.038147
451.254900	0.032196
451.255000	0.035858
451.255100	0.029907
451.255200	0.026245
451.255300	0.025635
451.255400	0.030670
451.255500	0.030365
451.255600	0.030365
451.255700	0.030823
451.255800	0.028381
451.255900	0.033417
451.256000	0.034180
451.256100	0.032654
451.256200	0.028687
451.256300	0.030060
451.256400	0.021820
451.256500	0.020905
451.256600	0.016174
451.256700	0.019836
451.256800	0.017395
451.256900	0.021210
451.257000	0.021362
451.257100	0.024872
451.257200	0.026398
451.257300	0.030365
451.257400	0.035858
451.257500	0.036621
451.257600	0.040283
451.257700	0.035553
451.257800	0.036163
451.257900	0.038605
451.258000	0.031128
451.258100	0.030212
451.258200	0.030518
451.258300	0.026703
451.258400	0.026245
451.258500	0.026245
451.258600	0.028992
451.258700	0.036316
451.258800	0.035400
451.258900	0.030365
451.259000	0.028992
451.259100	0.025787
451.259200	0.025330
451.259300	0.024872
451.259400	0.024261
451.259500	0.023804
451.259600	0.025024
451.259700	0.026398
451.259800	0.024109
451.259900	0.026550
451.260000	0.028687
451.260100	0.039215
451.260200	0.063477
451.260300	0.126343
451.260400	0.193634
451.260500	0.236664
451.260600	0.239716
451.260700	0.213013
451.260800	0.147400
451.260900	0.044556
451.261000	-0.068817
451.261100	-0.163116
451.261200	-0.197754
451.261300	-0.193787
451.261400	-0.165558
451.261500	-0.120239
451.261600	-0.063629
451.261700	-0.022125
451.261800	0.003052
451.261900	0.019073
451.262000	0.023956
451.262100	0.027466
451.262200	0.031281
451.262300	0.030975
451.262400	0.030518
451.262500	0.026550
451.262600	0.021362
451.262700	0.023651
451.262800	0.023041
451.262900	0.017853
451.263000	0.011902
451.263100	0.016937
451.263200	0.012817
451.263300	0.014801
451.263400	0.024109
451.263500	0.024261
451.263600	0.027161
451.263700	0.023956
451.263800	0.022736
451.263900	0.026855
451.264000	0.021667
451.264100	0.015869
451.264200	0.018005
451.264300	0.017853
451.264400	0.023651
451.264500	0.017548
451.264600	0.013580
451.264700	0.010071
451.264800	0.017395
451.264900	0.021210
451.265000	0.034180
451.265100	0.051880
451.265200	0.061493
451.265300	0.068970
451.265400	0.071411
451.265500	0.061493
451.265600	0.038452
451.265700	0.005646
451.265800	-0.020294
451.265900	-0.035248
451.266000	-0.050964
451.266100	-0.046997
451.266200	-0.040894
451.266300	-0.029297
451.266400	-0.015411
451.266500	0.003052
451.266600	0.007019
451.266700	0.012817
451.266800	0.012512
451.266900	0.009460
451.267000	0.009613
451.267100	0.013428
451.267200	0.013580
451.267300	0.021210
451.267400	0.025024
451.267500	0.031128
451.267600	0.034790
451.267700	0.043030
451.267800	0.037231
451.267900	0.043793
451.268000	0.037079
451.268100	0.024414
451.268200	0.015259
451.268300	0.005493
451.268400	0.001068
451.268500	0.002136
451.268600	0.004120
451.268700	0.005951
451.268800	0.004425
451.268900	0.004425
451.269000	0.001373
451.269100	0.001373
451.269200	0.000763
451.269300	0.000763
451.269400	0.007477
451.269500	0.012054
451.269600	0.029297
451.269700	0.059204
451.269800	0.138702
451.269900	0.256195
451.270000	0.372314
451.270100	0.439606
451.270200	0.440369
451.270300	0.373535
451.270400	0.235138
451.270500	0.064850
451.270600	-0.113068
451.270700	-0.275879
451.270800	-0.391388
451.270900	-0.450439
451.271000	-0.437012
451.271100	-0.361481
451.271200	-0.283508
451.271300	-0.222778
451.271400	-0.167236
451.271500	-0.103455
451.271600	-0.047913
451.271700	-0.007477
451.271800	0.006409
451.271900	0.014343
451.272000	0.017853
451.272100	0.020294
451.272200	0.026245
451.272300	0.025635
451.272400	0.021210
451.272500	0.034943
451.272600	0.065002
451.272700	0.166626
451.272800	0.357819
451.272900	0.622711
451.273000	0.851898
451.273100	0.962677
451.273200	0.953217
451.273300	0.797424
451.273400	0.472412
451.273500	0.053406
451.273600	-0.388336
451.273700	-0.751953
451.273800	-0.976410
451.273900	-1.058655
451.274000	-1.003265
451.274100	-0.806274
451.274200	-0.511475
451.274300	-0.271606
451.274400	-0.103912
451.274500	-0.018463
451.274600	0.009613
451.274700	0.023499
451.274800	0.023193
451.274900	0.030823
451.275000	0.031128
451.275100	0.031433
451.275200	0.033112
451.275300	0.035553
451.275400	0.034637
451.275500	0.034332
451.275600	0.032349
451.275700	0.031738
451.275800	0.027924
451.275900	0.025177
451.276000	0.022888
451.276100	0.027466
451.276200	0.033264
451.276300	0.025330
451.276400	0.029144
451.276500	0.031738
451.276600	0.030975
451.276700	0.032043
451.276800	0.036163
