506.980100	0.469818
506.980200	0.153198
506.980300	-0.241241
506.980400	-0.491180
506.980500	-0.560303
506.980600	-0.473633
506.980700	-0.263062
506.980800	-0.086060
506.980900	-0.028839
506.981000	-0.031891
506.981100	-0.047302
506.981200	-0.065155
506.981300	-0.071564
506.981400	-0.066223
506.981500	-0.042267
506.981600	-0.010986
506.981700	0.023956
506.981800	0.019226
506.981900	-0.004730
506.982000	-0.038147
506.982100	-0.054169
506.982200	-0.051117
506.982300	-0.056763
506.982400	-0.050659
506.982500	-0.034180
506.982600	-0.028229
506.982700	-0.022583
506.982800	-0.020905
506.982900	-0.017548
506.983000	-0.014038
506.983100	0.001373
506.983200	0.027313
506.983300	0.043640
506.983400	0.042572
506.983500	0.017090
506.983600	-0.016327
506.983700	-0.050812
506.983800	-0.071869
506.983900	-0.074768
506.984000	-0.065002
506.984100	-0.052795
506.984200	-0.047607
506.984300	-0.037384
506.984400	-0.031128
506.984500	-0.023499
506.984600	-0.017700
506.984700	-0.018463
506.984800	-0.020752
506.984900	-0.016785
506.985000	-0.016937
506.985100	-0.021973
506.985200	-0.018768
506.985300	-0.021057
506.985400	-0.028076
506.985500	-0.030365
506.985600	-0.023956
506.985700	-0.028229
506.985800	-0.025024
506.985900	-0.023346
506.986000	-0.022125
506.986100	-0.024261
506.986200	-0.024872
506.986300	-0.031128
506.986400	-0.032501
506.986500	-0.034943
506.986600	-0.030670
506.986700	-0.026550
506.986800	-0.018463
506.986900	-0.014343
506.987000	-0.012360
506.987100	-0.014801
506.987200	-0.021667
506.987300	-0.016937
506.987400	-0.019379
506.987500	-0.020599
506.987600	-0.021362
506.987700	-0.025330
506.987800	-0.020447
506.987900	-0.027618
506.988000	-0.025635
506.988100	-0.028687
506.988200	-0.029297
506.988300	-0.029602
506.988400	-0.024567
506.988500	-0.021362
506.988600	-0.016174
506.988700	-0.016327
506.988800	-0.014496
506.988900	-0.011902
506.989000	-0.008240
506.989100	-0.011902
506.989200	-0.012207
506.989300	-0.020294
506.989400	-0.018921
506.989500	-0.023499
506.989600	-0.028839
506.989700	-0.032349
506.989800	-0.035248
506.989900	-0.040436
506.990000	-0.033875
506.990100	-0.030670
506.990200	-0.027924
506.990300	-0.019531
506.990400	-0.014191
506.990500	-0.011597
506.990600	-0.010529
506.990700	-0.011597
506.990800	-0.015564
506.990900	-0.018616
506.991000	-0.026245
506.991100	-0.028839
506.991200	-0.028076
506.991300	-0.030823
506.991400	-0.036469
506.991500	-0.029449
506.991600	-0.030365
506.991700	-0.022430
506.991800	-0.020447
506.991900	-0.022583
506.992000	-0.028992
506.992100	-0.014191
506.992200	0.054169
506.992300	0.284729
506.992400	0.687256
506.992500	1.050262
506.992600	1.188507
506.992700	0.976257
506.992800	0.377197
506.992900	-0.325317
506.993000	-0.903320
506.993100	-1.177368
506.993200	-1.190948
506.993300	-0.903778
506.993400	-0.489502
506.993500	-0.200043
506.993600	-0.054626
506.993700	0.010681
506.993800	0.030823
506.993900	0.034027
506.994000	0.022430
506.994100	-0.018005
506.994200	-0.051880
506.994300	-0.064697
506.994400	-0.058594
506.994500	-0.051117
506.994600	-0.035248
506.994700	-0.013580
506.994800	0.003510
506.994900	0.017242
506.995000	0.031281
506.995100	0.019836
506.995200	0.006256
506.995300	-0.011749
506.995400	-0.033264
506.995500	-0.050812
506.995600	-0.058136
506.995700	-0.057678
506.995800	-0.041046
506.995900	-0.033875
506.996000	-0.019379
506.996100	-0.009308
506.996200	-0.013275
506.996300	-0.008392
506.996400	-0.007324
506.996500	-0.009460
506.996600	-0.014954
506.996700	-0.016174
506.996800	-0.004578
506.996900	0.020447
506.997000	0.033264
506.997100	0.039215
506.997200	0.018768
506.997300	0.001831
506.997400	0.003967
506.997500	0.044556
506.997600	0.090942
506.997700	0.126953
506.997800	0.143280
506.997900	0.032501
506.998000	-0.148163
506.998100	-0.281372
506.998200	-0.303192
506.998300	-0.284271
506.998400	-0.202332
506.998500	-0.100403
506.998600	-0.035706
506.998700	-0.010529
506.998800	-0.005188
506.998900	0.003357
506.999000	0.006104
506.999100	0.010376
506.999200	0.009155
506.999300	0.003052
506.999400	-0.007629
506.999500	-0.014496
506.999600	-0.028229
506.999700	-0.034180
506.999800	-0.033264
506.999900	-0.027466
507.000000	-0.013428
507.000100	-0.000305
507.000200	0.002594
507.000300	0.007477
507.000400	0.011444
507.000500	-0.001678
507.000600	-0.004883
507.000700	-0.020752
507.000800	-0.024109
507.000900	-0.022888
507.001000	-0.016327
507.001100	0.011749
507.001200	0.054932
507.001300	0.077820
507.001400	0.144958
507.001500	0.318298
507.001600	0.576477
507.001700	0.710449
507.001800	0.646515
507.001900	0.315094
507.002000	-0.141754
507.002100	-0.531006
507.002200	-0.707245
507.002300	-0.662537
507.002400	-0.462799
507.002500	-0.242310
507.002600	-0.114594
507.002700	-0.069275
507.002800	-0.049133
507.002900	-0.033569
507.003000	-0.026093
507.003100	-0.026703
507.003200	-0.024567
507.003300	-0.025787
507.003400	-0.030212
507.003500	-0.033569
507.003600	-0.035706
507.003700	-0.031281
507.003800	-0.026855
507.003900	-0.027466
507.004000	-0.021820
507.004100	-0.016632
507.004200	-0.012512
507.004300	-0.016785
507.004400	-0.021057
507.004500	-0.021515
507.004600	-0.029449
507.004700	-0.030518
507.004800	-0.027924
507.004900	-0.024567
507.005000	-0.014648
507.005100	-0.000305
507.005200	0.064545
507.005300	0.266571
507.005400	0.701752
507.005500	1.172485
507.005600	1.265106
507.005700	1.230164
507.005800	0.802917
507.005900	0.077667
507.006000	-0.552521
507.006100	-0.799255
507.006200	-0.189514
507.006300	0.458069
507.006400	1.225128
507.006500	2.089996
507.006600	1.945953
507.006700	1.466370
507.006800	0.786896
507.006900	-0.057526
507.007000	-0.678711
507.007100	-1.126862
507.007200	-1.352997
507.007300	-1.712494
507.007400	-2.116699
507.007500	-2.018433
507.007600	-1.797791
507.007700	-1.673126
507.007800	-1.253052
507.007900	-0.779877
507.008000	-0.405273
507.008100	-0.184631
507.008200	-0.067749
507.008300	-0.017090
507.008400	-0.005798
507.008500	0.007629
507.008600	0.009613
507.008700	0.011749
507.008800	0.003052
507.008900	0.001373
507.009000	0.004578
507.009100	0.003204
507.009200	0.002441
507.009300	0.001068
507.009400	-0.001678
507.009500	0.001984
507.009600	0.013123
507.009700	0.011444
507.009800	0.010834
507.009900	0.021210
507.010000	0.026398
507.010100	0.040588
507.010200	0.036011
507.010300	0.028687
507.010400	0.014191
507.010500	-0.008392
507.010600	-0.027313
507.010700	-0.042572
507.010800	-0.039368
507.010900	-0.023651
507.011000	-0.007782
507.011100	-0.002899
507.011200	-0.011749
507.011300	-0.007172
507.011400	-0.015259
507.011500	-0.011597
507.011600	-0.010529
507.011700	-0.006866
507.011800	-0.003815
507.011900	0.008698
507.012000	0.018768
507.012100	0.018158
507.012200	0.010376
507.012300	0.002899
507.012400	-0.009918
507.012500	-0.016327
507.012600	-0.025330
507.012700	-0.019989
507.012800	-0.022125
507.012900	-0.020447
507.013000	-0.014954
507.013100	-0.012207
507.013200	-0.009155
507.013300	-0.008392
507.013400	-0.010376
507.013500	-0.009155
507.013600	-0.007019
507.013700	-0.006714
507.013800	-0.007172
507.013900	0.002136
507.014000	0.008087
507.014100	0.001526
507.014200	0.005035
507.014300	0.001526
507.014400	0.000305
507.014500	-0.003510
507.014600	-0.008545
507.014700	-0.003357
507.014800	-0.010376
507.014900	-0.009613
507.015000	-0.008240
507.015100	-0.006409
507.015200	0.001373
507.015300	0.001068
507.015400	-0.009155
507.015500	-0.014648
507.015600	-0.024872
507.015700	-0.030670
507.015800	-0.035095
507.015900	-0.029907
507.016000	-0.024872
507.016100	-0.019684
507.016200	-0.018768
507.016300	-0.011902
507.016400	-0.009766
507.016500	-0.008850
507.016600	-0.001678
507.016700	0.015717
507.016800	0.041199
507.016900	0.045929
507.017000	0.034943
507.017100	0.023499
507.017200	-0.005188
507.017300	-0.041504
507.017400	-0.061951
507.017500	-0.064240
507.017600	-0.062408
507.017700	-0.026703
507.017800	0.164185
507.017900	0.608826
507.018000	1.031036
507.018100	1.180725
507.018200	0.909271
507.018300	0.162659
507.018400	-0.623474
507.018500	-1.116486
507.018600	-1.188354
507.018700	-0.962219
507.018800	-0.499268
507.018900	-0.197754
507.019000	-0.072479
507.019100	-0.030670
507.019200	-0.027466
507.019300	-0.023651
507.019400	-0.019531
507.019500	-0.016937
507.019600	0.018616
507.019700	0.087280
507.019800	0.224152
507.019900	0.337372
507.020000	0.394592
507.020100	0.473938
507.020200	0.440063
507.020300	0.296326
507.020400	0.083771
507.020500	-0.103149
507.020600	-0.248718
507.020700	-0.404358
507.020800	-0.457611
507.020900	-0.432434
507.021000	-0.375519
507.021100	-0.280762
507.021200	-0.175171
507.021300	-0.101624
507.021400	-0.061951
507.021500	-0.043182
507.021600	-0.029449
507.021700	-0.022278
507.021800	-0.011444
507.021900	-0.010376
507.022000	-0.007935
507.022100	-0.005341
507.022200	-0.001984
507.022300	0.000916
507.022400	-0.000763
507.022500	-0.000305
507.022600	-0.006256
507.022700	-0.000305
507.022800	-0.007324
507.022900	-0.009460
507.023000	-0.010986
507.023100	-0.008545
507.023200	0.000610
507.023300	0.083313
507.023400	0.302277
507.023500	0.680847
507.023600	0.832520
507.023700	0.754395
507.023800	0.582275
507.023900	0.210876
507.024000	-0.238190
507.024100	-0.561676
507.024200	-0.758667
507.024300	-0.895996
507.024400	-0.826569
507.024500	-0.479889
507.024600	-0.224609
507.024700	-0.081635
507.024800	-0.035400
507.024900	-0.015259
507.025000	-0.014954
507.025100	-0.012360
507.025200	-0.011292
507.025300	-0.013123
507.025400	-0.011292
507.025500	-0.015411
507.025600	-0.010376
507.025700	-0.004120
507.025800	-0.001221
507.025900	0.006256
507.026000	0.001221
507.026100	0.001373
507.026200	0.001526
507.026300	-0.014343
507.026400	-0.027466
507.026500	-0.033417
507.026600	-0.041199
507.026700	-0.032043
507.026800	-0.021515
507.026900	-0.008392
507.027000	-0.005951
507.027100	-0.012970
507.027200	-0.021362
507.027300	-0.021667
507.027400	-0.022430
507.027500	-0.018768
507.027600	-0.018616
507.027700	-0.018311
507.027800	-0.017700
507.027900	-0.020142
507.028000	-0.018311
507.028100	-0.018311
507.028200	-0.024109
507.028300	-0.030823
507.028400	-0.028992
507.028500	-0.022583
507.028600	-0.024872
507.028700	-0.025330
507.028800	-0.023346
507.028900	-0.011902
507.029000	-0.021362
507.029100	-0.021362
507.029200	-0.021667
507.029300	-0.022888
507.029400	-0.022736
507.029500	-0.021667
507.029600	-0.021057
507.029700	-0.014496
507.029800	-0.010681
507.029900	-0.014648
507.030000	-0.014954
507.030100	-0.019836
507.030200	-0.015717
507.030300	-0.010681
507.030400	-0.017548
507.030500	-0.017090
507.030600	-0.023346
507.030700	-0.023346
507.030800	-0.032043
507.030900	-0.039978
507.031000	-0.031433
507.031100	-0.025635
507.031200	-0.019073
507.031300	-0.013123
507.031400	-0.010223
507.031500	-0.007019
507.031600	-0.007629
507.031700	-0.003510
507.031800	-0.011749
507.031900	-0.016174
507.032000	-0.023499
507.032100	-0.017090
507.032200	-0.019379
507.032300	-0.019531
507.032400	-0.025330
507.032500	-0.021210
507.032600	-0.031128
507.032700	-0.035095
507.032800	-0.042725
507.032900	-0.045929
507.033000	-0.038605
507.033100	-0.037231
507.033200	-0.032959
507.033300	-0.025787
507.033400	-0.023193
507.033500	-0.021210
507.033600	-0.010834
