523.876100	0.078125
523.876200	0.078735
523.876300	0.085144
523.876400	0.081482
523.876500	0.080719
523.876600	0.080414
523.876700	0.081635
523.876800	0.079346
523.876900	0.081482
523.877000	0.086060
523.877100	0.082703
523.877200	0.081024
523.877300	0.077209
523.877400	0.077209
523.877500	0.080414
523.877600	0.094757
523.877700	0.090942
523.877800	0.090637
523.877900	0.082397
523.878000	0.071106
523.878100	0.071106
523.878200	0.073090
523.878300	0.069122
523.878400	0.072632
523.878500	0.077362
523.878600	0.083771
523.878700	0.078888
523.878800	0.085907
523.878900	0.106354
523.879000	0.108795
523.879100	0.102997
523.879200	0.092316
523.879300	0.068207
523.879400	0.046082
523.879500	0.036316
523.879600	0.043488
523.879700	0.053864
523.879800	0.052338
523.879900	0.057831
523.880000	0.062561
523.880100	0.057983
523.880200	0.053101
523.880300	0.050049
523.880400	0.056152
523.880500	0.065155
523.880600	0.065002
523.880700	0.071869
523.880800	0.073090
523.880900	0.072632
523.881000	0.072632
523.881100	0.079651
523.881200	0.078583
523.881300	0.073242
523.881400	0.060425
523.881500	0.055847
523.881600	0.051117
523.881700	0.061035
523.881800	0.120697
523.881900	0.262909
523.882000	0.401306
523.882100	0.431061
523.882200	0.339966
523.882300	0.153656
523.882400	-0.068207
523.882500	-0.237732
523.882600	-0.271759
523.882700	-0.051422
523.882800	0.442810
523.882900	0.878143
523.883000	1.044769
523.883100	1.124573
523.883200	0.589294
523.883300	-0.347748
523.883400	-0.979462
523.883500	-1.091156
523.883600	-1.077118
523.883700	-0.819702
523.883800	-0.356445
523.883900	-0.038757
523.884000	0.285187
523.884100	0.622101
523.884200	0.781708
523.884300	0.686798
523.884400	0.225372
523.884500	-0.340271
523.884600	-0.667114
523.884700	-0.687866
523.884800	-0.440369
523.884900	-0.155640
523.885000	0.000000
523.885100	0.045166
523.885200	0.051117
523.885300	0.057068
523.885400	0.068054
523.885500	0.075226
523.885600	0.084839
523.885700	0.087585
523.885800	0.085144
523.885900	0.092468
523.886000	0.094604
523.886100	0.113525
523.886200	0.135193
523.886300	0.134888
523.886400	0.122223
523.886500	0.095367
523.886600	0.069122
523.886700	0.061951
523.886800	0.046692
523.886900	0.052795
523.887000	0.070496
523.887100	0.062866
523.887200	0.056458
523.887300	0.052185
523.887400	0.047302
523.887500	0.047455
523.887600	0.051117
523.887700	0.054474
523.887800	0.048676
523.887900	0.048370
523.888000	0.052338
523.888100	0.067139
523.888200	0.077972
523.888300	0.075684
523.888400	0.080261
523.888500	0.079498
523.888600	0.077667
523.888700	0.077667
523.888800	0.080566
523.888900	0.084381
523.889000	0.081787
523.889100	0.070190
523.889200	0.060425
523.889300	0.054321
523.889400	0.046387
523.889500	0.052948
523.889600	0.050659
523.889700	0.047607
523.889800	0.050659
523.889900	0.057220
523.890000	0.072021
523.890100	0.080566
523.890200	0.079346
523.890300	0.073242
523.890400	0.064697
523.890500	0.060425
523.890600	0.069885
523.890700	0.083923
523.890800	0.097656
523.890900	0.102234
523.891000	0.093231
523.891100	0.063629
523.891200	0.045166
523.891300	0.035400
523.891400	0.034637
523.891500	0.045166
523.891600	0.044250
523.891700	0.043640
523.891800	0.036011
523.891900	0.030670
523.892000	0.022430
523.892100	0.030365
523.892200	0.037842
523.892300	0.049744
523.892400	0.062561
523.892500	0.074005
523.892600	0.076294
523.892700	0.070343
523.892800	0.068512
523.892900	0.070496
523.893000	0.076447
523.893100	0.075378
523.893200	0.070038
523.893300	0.061493
523.893400	0.062561
523.893500	0.164032
523.893600	0.484467
523.893700	1.102295
523.893800	1.433868
523.893900	1.626587
523.894000	1.383972
523.894100	0.346069
523.894200	-0.891113
523.894300	-1.491089
523.894400	-1.528625
523.894500	-1.446686
523.894600	-0.961151
523.894700	-0.313110
523.894800	-0.054779
523.894900	0.024719
523.895000	0.050049
523.895100	0.072632
523.895200	0.086212
523.895300	0.094910
523.895400	0.095062
523.895500	0.086823
523.895600	0.071564
523.895700	0.063629
523.895800	0.062408
523.895900	0.069885
523.896000	0.077362
523.896100	0.077820
523.896200	0.078278
523.896300	0.070801
523.896400	0.058136
523.896500	0.053558
523.896600	0.048828
523.896700	0.052032
523.896800	0.053101
523.896900	0.072174
523.897000	0.160828
523.897100	0.479736
523.897200	1.156006
523.897300	1.700592
523.897400	1.963501
523.897500	1.766968
523.897600	0.730743
523.897700	-0.525818
523.897800	-1.117401
523.897900	-0.856323
523.898000	-0.557251
523.898100	0.184021
523.898200	0.403900
523.898300	-0.187988
523.898400	-1.039124
523.898500	-1.339722
523.898600	-1.351471
523.898700	-1.209412
523.898800	-0.556793
523.898900	-0.148773
523.899000	0.024414
523.899100	0.091095
523.899200	0.112305
523.899300	0.114288
523.899400	0.108643
523.899500	0.079498
523.899600	0.048828
523.899700	0.042114
523.899800	0.085449
523.899900	0.256653
523.900000	0.642700
523.900100	0.961304
523.900200	1.049347
523.900300	1.139069
523.900400	0.717468
523.900500	-0.168304
523.900600	-0.865173
523.900700	-1.019897
523.900800	-1.037598
523.900900	-0.941467
523.901000	-0.463867
523.901100	-0.140533
523.901200	0.007477
523.901300	0.063629
523.901400	0.106659
523.901500	0.248108
523.901600	0.617218
523.901700	1.120758
523.901800	1.416779
523.901900	1.244507
523.902000	0.862122
523.902100	0.339813
523.902200	-0.254364
523.902300	-0.786896
523.902400	-1.168518
523.902500	-1.346283
523.902600	-1.200256
523.902700	-0.573883
523.902800	-0.203705
523.902900	-0.032959
523.903000	0.026855
523.903100	0.054626
523.903200	0.076752
523.903300	0.092316
523.903400	0.097656
523.903500	0.097656
523.903600	0.107269
523.903700	0.133667
523.903800	0.173187
523.903900	0.205231
523.904000	0.215912
523.904100	0.159607
523.904200	0.067139
523.904300	-0.027161
523.904400	-0.081482
523.904500	-0.065155
523.904600	-0.002747
523.904700	0.046539
523.904800	0.068207
523.904900	0.076447
523.905000	0.073242
523.905100	0.078278
523.905200	0.076141
523.905300	0.076904
523.905400	0.081787
523.905500	0.082245
523.905600	0.084686
523.905700	0.084229
523.905800	0.083466
523.905900	0.086823
523.906000	0.091095
523.906100	0.094299
523.906200	0.086975
523.906300	0.083466
523.906400	0.080261
523.906500	0.072632
523.906600	0.071869
523.906700	0.069122
523.906800	0.065460
523.906900	0.100861
523.907000	0.298920
523.907100	0.810547
523.907200	1.587372
523.907300	1.820679
523.907400	1.824646
523.907500	1.347198
523.907600	0.315857
523.907700	-0.810089
523.907800	-1.643066
523.907900	-1.752167
523.908000	-1.669159
523.908100	-1.224670
523.908200	-0.518036
523.908300	-0.129242
523.908400	0.021362
523.908500	0.078583
523.908600	0.081177
523.908700	0.071411
523.908800	0.070648
523.908900	0.064697
523.909000	0.068512
523.909100	0.068665
523.909200	0.072174
523.909300	0.087128
523.909400	0.105896
523.909500	0.128174
523.909600	0.137024
523.909700	0.119629
523.909800	0.081787
523.909900	0.048676
523.910000	0.020142
523.910100	0.021973
523.910200	0.042572
523.910300	0.098572
523.910400	0.264130
523.910500	0.555267
523.910600	0.771942
523.910700	0.795593
523.910800	0.540009
523.910900	0.073547
523.911000	-0.383606
523.911100	-0.639038
523.911200	-0.655212
523.911300	-0.447998
523.911400	-0.190887
523.911500	-0.038605
523.911600	0.009003
523.911700	0.027466
523.911800	0.058594
523.911900	0.106506
523.912000	0.133667
523.912100	0.144348
523.912200	0.121155
523.912300	0.194855
523.912400	0.497589
523.912500	0.935059
523.912600	1.126099
523.912700	1.224365
523.912800	0.704041
523.912900	-0.189819
523.913000	-0.980530
523.913100	-1.178284
523.913200	-1.190491
523.913300	-0.880585
523.913400	-0.230713
523.913500	0.366211
523.913600	0.974884
523.913700	1.189423
523.913800	1.204376
523.913900	0.930328
523.914000	0.276337
523.914100	-0.471802
523.914200	-1.045227
523.914300	-1.143036
523.914400	-1.098022
523.914500	-0.798035
523.914600	-0.337219
523.914700	-0.065460
523.914800	0.044250
523.914900	0.080566
523.915000	0.093842
523.915100	0.106049
523.915200	0.119934
523.915300	0.120392
523.915400	0.104523
523.915500	0.109406
523.915600	0.083923
523.915700	0.058899
523.915800	0.034027
523.915900	0.023346
523.916000	0.028381
523.916100	0.033569
523.916200	0.046539
523.916300	0.062714
523.916400	0.077209
523.916500	0.080109
523.916600	0.080261
523.916700	0.074768
523.916800	0.069885
523.916900	0.063934
523.917000	0.068512
523.917100	0.068207
523.917200	0.075684
523.917300	0.089417
523.917400	0.122833
523.917500	0.157928
523.917600	0.164948
523.917700	0.159149
523.917800	0.125580
523.917900	0.076599
523.918000	0.025177
523.918100	-0.004578
523.918200	-0.004883
523.918300	0.004578
523.918400	0.042725
523.918500	0.069427
523.918600	0.090027
523.918700	0.091705
523.918800	0.091858
523.918900	0.079193
523.919000	0.062866
523.919100	0.059052
523.919200	0.059967
523.919300	0.071564
523.919400	0.085602
523.919500	0.112762
523.919600	0.108643
523.919700	0.098724
523.919800	0.074158
523.919900	0.056152
523.920000	0.040131
523.920100	0.029144
523.920200	0.031586
523.920300	0.043335
523.920400	0.057373
523.920500	0.067139
523.920600	0.078278
523.920700	0.087128
523.920800	0.091705
523.920900	0.091095
523.921000	0.078430
523.921100	0.071869
523.921200	0.065155
523.921300	0.052643
523.921400	0.045471
523.921500	0.055542
523.921600	0.058594
523.921700	0.068054
523.921800	0.072327
523.921900	0.068665
523.922000	0.071106
523.922100	0.062256
523.922200	0.061646
523.922300	0.072479
523.922400	0.096436
523.922500	0.125275
523.922600	0.152588
523.922700	0.155182
523.922800	0.119934
523.922900	0.087128
523.923000	0.046844
523.923100	0.018616
523.923200	0.030975
523.923300	0.054321
523.923400	0.058594
523.923500	0.053253
523.923600	0.037079
523.923700	0.030212
523.923800	0.027008
523.923900	0.036926
523.924000	0.034637
523.924100	0.041962
523.924200	0.054779
523.924300	0.065155
523.924400	0.072632
523.924500	0.067139
523.924600	0.065002
523.924700	0.066681
523.924800	0.068207
523.924900	0.075073
523.925000	0.080566
523.925100	0.077667
523.925200	0.084229
523.925300	0.098877
523.925400	0.112305
523.925500	0.116882
523.925600	0.107880
523.925700	0.090637
523.925800	0.065155
523.925900	0.038757
523.926000	0.021973
523.926100	0.008850
523.926200	0.013580
523.926300	0.042572
523.926400	0.085449
523.926500	0.145569
523.926600	0.338593
523.926700	0.793762
523.926800	1.267395
523.926900	1.390381
523.927000	1.119537
523.927100	0.490417
523.927200	-0.271759
523.927300	-0.960388
523.927400	-1.323700
523.927500	-1.292572
523.927600	-0.959320
523.927700	-0.408630
523.927800	-0.107269
523.927900	0.026093
523.928000	0.111542
523.928100	0.153503
523.928200	0.161285
523.928300	0.126495
523.928400	0.046844
523.928500	-0.004730
523.928600	-0.021210
523.928700	-0.014038
523.928800	0.026855
523.928900	0.048523
523.929000	0.063019
523.929100	0.069275
523.929200	0.072632
523.929300	0.074768
523.929400	0.072174
523.929500	0.063629
523.929600	0.066071
