311.293700	-0.021820
311.293800	-0.019989
311.293900	-0.021515
311.294000	-0.020142
311.294100	-0.021667
311.294200	-0.018005
311.294300	-0.023804
311.294400	-0.023041
311.294500	-0.020599
311.294600	-0.017090
311.294700	-0.019226
311.294800	-0.022736
311.294900	-0.028381
311.295000	-0.021515
311.295100	-0.025024
311.295200	-0.024109
311.295300	-0.022430
311.295400	-0.028687
311.295500	-0.021973
311.295600	-0.020905
311.295700	-0.025635
311.295800	-0.026245
311.295900	-0.019379
311.296000	-0.018616
311.296100	-0.018768
311.296200	-0.018616
311.296300	-0.023193
311.296400	-0.024872
311.296500	-0.022736
311.296600	-0.018158
311.296700	-0.017395
311.296800	-0.020294
311.296900	-0.021515
311.297000	-0.023956
311.297100	-0.019531
311.297200	-0.023499
311.297300	-0.023346
311.297400	-0.026398
311.297500	-0.027313
311.297600	-0.023651
311.297700	-0.026550
311.297800	-0.024414
311.297900	-0.023651
311.298000	-0.022125
311.298100	-0.028229
311.298200	-0.026245
311.298300	-0.025787
311.298400	-0.022736
311.298500	-0.019379
311.298600	-0.023193
311.298700	-0.025330
311.298800	-0.019073
311.298900	-0.023499
311.299000	-0.024414
311.299100	-0.032043
311.299200	-0.028381
311.299300	-0.030365
311.299400	-0.031281
311.299500	-0.031128
311.299600	-0.027161
311.299700	-0.031281
311.299800	-0.024719
311.299900	-0.028229
311.300000	-0.028839
311.300100	-0.022278
311.300200	-0.027924
311.300300	-0.027313
311.300400	-0.024872
311.300500	-0.025940
311.300600	-0.028839
311.300700	-0.024872
311.300800	-0.028687
311.300900	-0.029449
311.301000	-0.025635
311.301100	-0.027161
311.301200	-0.027618
311.301300	-0.027924
311.301400	-0.027466
311.301500	-0.021973
311.301600	-0.023651
311.301700	-0.025635
311.301800	-0.027924
311.301900	-0.023956
311.302000	-0.025330
311.302100	-0.023804
311.302200	-0.021973
311.302300	-0.020905
311.302400	-0.020905
311.302500	-0.025635
311.302600	-0.023346
311.302700	-0.019989
311.302800	-0.023193
311.302900	-0.024261
311.303000	-0.025482
311.303100	-0.026245
311.303200	-0.024872
311.303300	-0.022583
311.303400	-0.028229
311.303500	-0.024872
311.303600	-0.023804
311.303700	-0.022736
311.303800	-0.023346
311.303900	-0.026855
311.304000	-0.022736
311.304100	-0.030212
311.304200	-0.027466
311.304300	-0.024414
311.304400	-0.020752
311.304500	-0.020294
311.304600	-0.017395
311.304700	-0.022278
311.304800	-0.024719
311.304900	-0.023193
311.305000	-0.018463
311.305100	-0.018005
311.305200	-0.020752
311.305300	-0.021973
311.305400	-0.020752
311.305500	-0.018921
311.305600	-0.017090
311.305700	-0.020142
311.305800	-0.021973
311.305900	-0.017548
311.306000	-0.017395
311.306100	-0.017853
311.306200	-0.020142
311.306300	-0.016174
311.306400	-0.017853
311.306500	-0.024719
311.306600	-0.020599
311.306700	-0.023651
311.306800	-0.023041
311.306900	-0.019226
311.307000	-0.018616
311.307100	-0.019836
311.307200	-0.019531
311.307300	-0.024109
311.307400	-0.018768
311.307500	-0.022888
311.307600	-0.024109
311.307700	-0.021210
311.307800	-0.017853
311.307900	-0.017395
311.308000	-0.011597
311.308100	-0.015259
311.308200	-0.010834
311.308300	-0.013580
311.308400	-0.015564
311.308500	-0.017090
311.308600	-0.019226
311.308700	-0.017242
311.308800	-0.010681
311.308900	-0.016022
311.309000	-0.011444
311.309100	-0.015259
311.309200	-0.015259
311.309300	-0.015869
311.309400	-0.024109
311.309500	-0.024109
311.309600	-0.021973
311.309700	-0.021210
311.309800	-0.018616
311.309900	-0.015717
311.310000	-0.016174
311.310100	-0.021210
311.310200	-0.015717
311.310300	-0.016785
311.310400	-0.014343
311.310500	-0.015106
311.310600	-0.021667
311.310700	-0.021362
311.310800	-0.020142
311.310900	-0.018921
311.311000	-0.020142
311.311100	-0.023499
311.311200	-0.019531
311.311300	-0.021667
311.311400	-0.021210
311.311500	-0.023041
311.311600	-0.015564
311.311700	-0.019836
311.311800	-0.017090
311.311900	-0.018463
311.312000	-0.019226
311.312100	-0.022430
311.312200	-0.015869
311.312300	-0.018921
311.312400	-0.018311
311.312500	-0.019989
311.312600	-0.021362
311.312700	-0.016022
311.312800	-0.020447
311.312900	-0.022583
311.313000	-0.020752
311.313100	-0.020599
311.313200	-0.023651
311.313300	-0.026093
311.313400	-0.021515
311.313500	-0.021667
311.313600	-0.023193
311.313700	-0.019226
311.313800	-0.020599
311.313900	-0.021973
311.314000	-0.024414
311.314100	-0.022888
311.314200	-0.016174
311.314300	-0.020294
311.314400	-0.017853
311.314500	-0.021210
311.314600	-0.026245
311.314700	-0.026245
311.314800	-0.020294
311.314900	-0.027618
311.315000	-0.023956
311.315100	-0.023651
311.315200	-0.024414
311.315300	-0.025635
311.315400	-0.024872
311.315500	-0.026703
311.315600	-0.027771
311.315700	-0.031128
311.315800	-0.030060
311.315900	-0.026245
311.316000	-0.024872
311.316100	-0.023804
311.316200	-0.029144
311.316300	-0.031433
311.316400	-0.028229
311.316500	-0.032501
311.316600	-0.031281
311.316700	-0.031128
311.316800	-0.023499
311.316900	-0.021210
311.317000	-0.029144
311.317100	-0.028076
311.317200	-0.027771
311.317300	-0.023346
311.317400	-0.025024
311.317500	-0.025482
311.317600	-0.021667
311.317700	-0.026550
311.317800	-0.023499
311.317900	-0.024109
311.318000	-0.024261
311.318100	-0.025635
311.318200	-0.026093
311.318300	-0.024872
311.318400	-0.022583
311.318500	-0.022888
311.318600	-0.025635
311.318700	-0.024872
311.318800	-0.027313
311.318900	-0.024261
311.319000	-0.026245
311.319100	-0.023956
311.319200	-0.025482
311.319300	-0.027924
311.319400	-0.029449
311.319500	-0.028534
311.319600	-0.028076
311.319700	-0.025330
311.319800	-0.027008
311.319900	-0.021667
311.320000	-0.023041
311.320100	-0.019836
311.320200	-0.023346
311.320300	-0.020142
311.320400	-0.021515
311.320500	-0.018463
311.320600	-0.018921
311.320700	-0.017090
311.320800	-0.016785
311.320900	-0.019073
311.321000	-0.021362
311.321100	-0.019989
311.321200	-0.023956
311.321300	-0.022736
311.321400	-0.021515
311.321500	-0.017700
311.321600	-0.020142
311.321700	-0.016937
311.321800	-0.021667
311.321900	-0.022430
311.322000	-0.027161
311.322100	-0.021667
311.322200	-0.024414
311.322300	-0.023956
311.322400	-0.024414
311.322500	-0.023499
311.322600	-0.019836
311.322700	-0.022125
311.322800	-0.025787
311.322900	-0.027161
311.323000	-0.020905
311.323100	-0.021667
311.323200	-0.023193
311.323300	-0.023651
311.323400	-0.021515
311.323500	-0.018768
311.323600	-0.026855
311.323700	-0.022583
311.323800	-0.025635
311.323900	-0.024872
311.324000	-0.022430
311.324100	-0.026245
311.324200	-0.026855
311.324300	-0.022430
311.324400	-0.026245
311.324500	-0.020294
311.324600	-0.019684
311.324700	-0.019531
311.324800	-0.022583
311.324900	-0.022278
311.325000	-0.024719
311.325100	-0.026550
311.325200	-0.024261
311.325300	-0.020752
311.325400	-0.018768
311.325500	-0.017548
311.325600	-0.018005
311.325700	-0.019531
311.325800	-0.017700
311.325900	-0.017395
311.326000	-0.016479
311.326100	-0.020599
311.326200	-0.022125
311.326300	-0.013580
311.326400	-0.014648
311.326500	-0.018768
311.326600	-0.018311
311.326700	-0.021820
311.326800	-0.020142
311.326900	-0.021057
311.327000	-0.021362
311.327100	-0.022430
311.327200	-0.019684
311.327300	-0.021362
311.327400	-0.022278
311.327500	-0.020905
311.327600	-0.021667
311.327700	-0.021973
311.327800	-0.021362
311.327900	-0.011444
311.328000	-0.021057
311.328100	-0.022278
311.328200	-0.017090
311.328300	-0.022888
311.328400	-0.019684
311.328500	-0.019531
311.328600	-0.018768
311.328700	-0.018463
311.328800	-0.018463
311.328900	-0.016022
311.329000	-0.022125
311.329100	-0.021973
311.329200	-0.024872
311.329300	-0.015869
311.329400	-0.018616
311.329500	-0.018005
311.329600	-0.018768
311.329700	-0.021973
311.329800	-0.015259
311.329900	-0.018005
311.330000	-0.019836
311.330100	-0.016937
311.330200	-0.021973
311.330300	-0.020905
311.330400	-0.026550
311.330500	-0.018921
311.330600	-0.023193
311.330700	-0.021820
311.330800	-0.018616
311.330900	-0.018616
311.331000	-0.025330
311.331100	-0.019226
311.331200	-0.017395
311.331300	-0.022583
311.331400	-0.021362
311.331500	-0.026093
311.331600	-0.018463
311.331700	-0.020447
311.331800	-0.019226
311.331900	-0.022583
311.332000	-0.014801
311.332100	-0.017700
311.332200	-0.020447
311.332300	-0.023193
311.332400	-0.019379
311.332500	-0.019379
311.332600	-0.023499
311.332700	-0.025787
311.332800	-0.024414
311.332900	-0.023651
311.333000	-0.021667
311.333100	-0.019073
311.333200	-0.022278
311.333300	-0.022278
311.333400	-0.020599
311.333500	-0.021515
311.333600	-0.021973
311.333700	-0.021820
311.333800	-0.027618
311.333900	-0.022125
311.334000	-0.026245
311.334100	-0.022278
311.334200	-0.021820
311.334300	-0.024261
311.334400	-0.025177
311.334500	-0.026550
311.334600	-0.023804
311.334700	-0.028229
311.334800	-0.023499
311.334900	-0.021515
311.335000	-0.021667
311.335100	-0.019379
311.335200	-0.023041
311.335300	-0.023804
311.335400	-0.022430
311.335500	-0.024719
311.335600	-0.020752
311.335700	-0.027466
311.335800	-0.023956
311.335900	-0.022430
311.336000	-0.025330
311.336100	-0.022430
311.336200	-0.025330
311.336300	-0.029144
311.336400	-0.025177
311.336500	-0.020905
311.336600	-0.023346
311.336700	-0.024872
311.336800	-0.031128
311.336900	-0.026398
311.337000	-0.025482
311.337100	-0.023499
311.337200	-0.023651
311.337300	-0.025482
311.337400	-0.030670
311.337500	-0.032806
311.337600	-0.027313
311.337700	-0.026093
311.337800	-0.026245
311.337900	-0.021515
311.338000	-0.026855
311.338100	-0.023956
311.338200	-0.027466
311.338300	-0.021973
311.338400	-0.020752
311.338500	-0.021362
311.338600	-0.023041
311.338700	-0.020905
311.338800	-0.026093
311.338900	-0.024872
311.339000	-0.025024
311.339100	-0.026093
311.339200	-0.026245
311.339300	-0.026550
311.339400	-0.021973
311.339500	-0.020905
311.339600	-0.021362
311.339700	-0.017700
311.339800	-0.028076
311.339900	-0.025940
311.340000	-0.022125
311.340100	-0.027161
311.340200	-0.023651
311.340300	-0.026550
311.340400	-0.029602
311.340500	-0.028687
311.340600	-0.021515
311.340700	-0.023041
311.340800	-0.027008
311.340900	-0.022736
311.341000	-0.023804
311.341100	-0.019836
311.341200	-0.020142
311.341300	-0.019226
311.341400	-0.019379
311.341500	-0.026245
311.341600	-0.021667
311.341700	-0.024872
311.341800	-0.025635
311.341900	-0.026398
311.342000	-0.028687
311.342100	-0.027313
311.342200	-0.027008
311.342300	-0.026855
311.342400	-0.027161
311.342500	-0.026703
311.342600	-0.029144
311.342700	-0.033722
311.342800	-0.029144
311.342900	-0.029144
311.343000	-0.030060
311.343100	-0.024567
311.343200	-0.021515
311.343300	-0.019836
311.343400	-0.021210
311.343500	-0.019684
311.343600	-0.020752
311.343700	-0.024109
311.343800	-0.021820
311.343900	-0.022583
311.344000	-0.024109
311.344100	-0.024261
311.344200	-0.023956
311.344300	-0.022278
311.344400	-0.019531
311.344500	-0.023956
311.344600	-0.023041
311.344700	-0.025787
311.344800	-0.018921
311.344900	-0.024414
311.345000	-0.025177
311.345100	-0.028992
311.345200	-0.024719
311.345300	-0.026093
311.345400	-0.025177
311.345500	-0.026093
311.345600	-0.027466
311.345700	-0.026398
311.345800	-0.025787
311.345900	-0.026245
311.346000	-0.025635
311.346100	-0.022583
311.346200	-0.024414
311.346300	-0.025024
311.346400	-0.024719
311.346500	-0.022583
311.346600	-0.024414
311.346700	-0.024109
311.346800	-0.024872
311.346900	-0.025024
311.347000	-0.021667
311.347100	-0.025482
311.347200	-0.023499
