497.610500	-1.063385
497.610600	-0.929108
497.610700	-0.447540
497.610800	0.061188
497.610900	0.671997
497.611000	1.097565
497.611100	1.192932
497.611200	1.103973
497.611300	0.570526
497.611400	-0.127258
497.611500	-0.821228
497.611600	-1.182709
497.611700	-1.256561
497.611800	-1.194611
497.611900	-0.705566
497.612000	-0.325165
497.612100	-0.107422
497.612200	-0.012817
497.612300	0.019073
497.612400	0.029602
497.612500	0.032043
497.612600	0.029449
497.612700	0.017090
497.612800	0.000000
497.612900	-0.010223
497.613000	-0.027008
497.613100	-0.035400
497.613200	-0.034943
497.613300	-0.033264
497.613400	-0.030212
497.613500	-0.019073
497.613600	-0.014801
497.613700	-0.004883
497.613800	-0.000458
497.613900	0.012054
497.614000	0.019989
497.614100	0.018311
497.614200	-0.003967
497.614300	-0.029602
497.614400	-0.042114
497.614500	-0.039978
497.614600	-0.030212
497.614700	-0.012817
497.614800	0.012817
497.614900	0.055237
497.615000	0.092621
497.615100	0.149384
497.615200	0.265350
497.615300	0.505981
497.615400	0.878448
497.615500	1.131134
497.615600	1.150360
497.615700	1.102295
497.615800	0.898437
497.615900	0.394897
497.616000	-0.122375
497.616100	-0.648956
497.616200	-1.084595
497.616300	-1.184235
497.616400	-1.172028
497.616500	-1.050720
497.616600	-0.823669
497.616700	-0.507812
497.616800	-0.284882
497.616900	-0.160522
497.617000	-0.094299
497.617100	-0.059814
497.617200	-0.033722
497.617300	-0.019379
497.617400	-0.011292
497.617500	-0.011749
497.617600	-0.001831
497.617700	-0.000916
497.617800	0.005646
497.617900	0.020142
497.618000	0.036163
497.618100	0.045624
497.618200	0.042725
497.618300	0.029449
497.618400	0.004730
497.618500	-0.022736
497.618600	-0.042877
497.618700	-0.053558
497.618800	-0.059052
497.618900	-0.045166
497.619000	-0.012512
497.619100	0.015411
497.619200	0.026855
497.619300	0.025787
497.619400	0.016785
497.619500	0.014648
497.619600	-0.002594
497.619700	-0.010681
497.619800	-0.029297
497.619900	-0.032349
497.620000	-0.034790
497.620100	-0.031281
497.620200	-0.025787
497.620300	-0.015564
497.620400	-0.012512
497.620500	-0.013428
497.620600	-0.006714
497.620700	-0.006561
497.620800	-0.003662
497.620900	-0.006256
497.621000	0.004578
497.621100	0.080566
497.621200	0.313568
497.621300	0.676727
497.621400	0.866699
497.621500	0.796509
497.621600	0.447998
497.621700	-0.127411
497.621800	-0.643921
497.621900	-0.942078
497.622000	-0.997009
497.622100	-0.762939
497.622200	-0.378418
497.622300	-0.138550
497.622400	-0.040588
497.622500	-0.005798
497.622600	0.004730
497.622700	0.005646
497.622800	0.010834
497.622900	0.047150
497.623000	0.137634
497.623100	0.292816
497.623200	0.404510
497.623300	0.399475
497.623400	0.335999
497.623500	0.282440
497.623600	0.254974
497.623700	0.209961
497.623800	0.094299
497.623900	-0.065002
497.624000	-0.245361
497.624100	-0.380096
497.624200	-0.442810
497.624300	-0.466309
497.624400	-0.456085
497.624500	-0.382690
497.624600	-0.243835
497.624700	-0.117798
497.624800	-0.034943
497.624900	0.001068
497.625000	0.012054
497.625100	0.009613
497.625200	0.003357
497.625300	0.000610
497.625400	-0.007019
497.625500	-0.015411
497.625600	-0.015869
497.625700	-0.018311
497.625800	-0.018311
497.625900	-0.011597
497.626000	-0.006561
497.626100	0.002136
497.626200	0.004425
497.626300	0.011597
497.626400	0.005493
497.626500	0.003204
497.626600	-0.001678
497.626700	-0.001984
497.626800	-0.007629
497.626900	0.001221
497.627000	-0.002289
497.627100	-0.003204
497.627200	-0.000305
497.627300	0.002899
497.627400	-0.002594
497.627500	-0.002594
497.627600	-0.001526
497.627700	0.009460
497.627800	0.012207
497.627900	0.014343
497.628000	0.011139
497.628100	-0.004730
497.628200	-0.020905
497.628300	-0.025482
497.628400	-0.022430
497.628500	-0.028076
497.628600	-0.023804
497.628700	-0.013580
497.628800	-0.005798
497.628900	-0.000458
497.629000	0.004425
497.629100	0.011749
497.629200	0.010834
497.629300	0.007324
497.629400	-0.005493
497.629500	-0.011597
497.629600	-0.020599
497.629700	-0.024414
497.629800	-0.026245
497.629900	-0.021820
497.630000	-0.015259
497.630100	0.015259
497.630200	0.059662
497.630300	0.100098
497.630400	0.116577
497.630500	0.116730
497.630600	0.070801
497.630700	-0.004272
497.630800	-0.083923
497.630900	-0.119629
497.631000	-0.133362
497.631100	-0.148468
497.631200	-0.120544
497.631300	-0.086517
497.631400	-0.061035
497.631500	-0.043488
497.631600	-0.032654
497.631700	-0.026855
497.631800	-0.019073
497.631900	-0.018005
497.632000	-0.003815
497.632100	0.008087
497.632200	0.012207
497.632300	0.006866
497.632400	-0.017395
497.632500	-0.035706
497.632600	-0.039978
497.632700	-0.039062
497.632800	-0.032806
497.632900	-0.022430
497.633000	-0.017395
497.633100	-0.021362
497.633200	-0.018158
497.633300	-0.014343
497.633400	-0.011444
497.633500	0.001373
497.633600	0.020142
497.633700	0.044708
497.633800	0.055695
497.633900	0.047913
497.634000	0.038605
497.634100	0.010376
497.634200	-0.029144
497.634300	-0.069427
497.634400	-0.079498
497.634500	-0.088348
497.634600	-0.078583
497.634700	-0.056763
497.634800	-0.051727
497.634900	-0.044250
497.635000	-0.044708
497.635100	-0.037384
497.635200	-0.030365
497.635300	-0.023956
497.635400	-0.012970
497.635500	-0.002899
497.635600	0.024567
497.635700	0.048981
497.635800	0.044250
497.635900	0.041809
497.636000	0.020752
497.636100	-0.006866
497.636200	-0.055542
497.636300	-0.074310
497.636400	-0.085297
497.636500	-0.089264
497.636600	-0.041351
497.636700	0.133209
497.636800	0.486145
497.636900	0.984344
497.637000	1.210937
497.637100	1.235199
497.637200	1.047058
497.637300	0.469208
497.637400	-0.189819
497.637500	-0.839691
497.637600	-1.177521
497.637700	-1.299591
497.637800	-1.202850
497.637900	-0.870667
497.638000	-0.440826
497.638100	-0.179443
497.638200	-0.065613
497.638300	-0.021973
497.638400	-0.014343
497.638500	-0.016022
497.638600	-0.013885
497.638700	-0.009460
497.638800	-0.007019
497.638900	0.000153
497.639000	0.005646
497.639100	0.000305
497.639200	-0.006409
497.639300	-0.012512
497.639400	-0.016785
497.639500	-0.018311
497.639600	-0.018768
497.639700	-0.011444
497.639800	-0.003510
497.639900	0.002594
497.640000	0.012360
497.640100	0.011902
497.640200	0.014038
497.640300	0.011902
497.640400	0.009003
497.640500	0.002747
497.640600	0.001068
497.640700	-0.005646
497.640800	-0.005493
497.640900	-0.014191
497.641000	-0.015869
497.641100	-0.027161
497.641200	-0.027618
497.641300	-0.030365
497.641400	-0.025024
497.641500	-0.019379
497.641600	-0.017090
497.641700	-0.007782
497.641800	-0.009918
497.641900	-0.006866
497.642000	-0.011292
497.642100	-0.007935
497.642200	-0.011902
497.642300	-0.017548
497.642400	-0.016174
497.642500	-0.013123
497.642600	-0.009918
497.642700	-0.006714
497.642800	-0.004883
497.642900	-0.006256
497.643000	-0.007019
497.643100	-0.008545
497.643200	-0.014954
497.643300	-0.015869
497.643400	-0.015259
497.643500	-0.011444
497.643600	-0.016632
497.643700	-0.016327
497.643800	-0.014038
497.643900	-0.012665
497.644000	-0.008392
497.644100	0.000153
497.644200	0.002441
497.644300	-0.003967
497.644400	-0.010681
497.644500	-0.016785
497.644600	-0.016785
497.644700	-0.020294
497.644800	-0.026093
497.644900	-0.020142
497.645000	-0.007172
497.645100	0.030060
497.645200	0.081787
497.645300	0.111694
497.645400	0.097656
497.645500	0.060425
497.645600	-0.003204
497.645700	-0.068817
497.645800	-0.110779
497.645900	-0.139771
497.646000	-0.121307
497.646100	-0.052490
497.646200	0.049438
497.646300	0.138397
497.646400	0.168457
497.646500	0.163116
497.646600	0.122223
497.646700	0.025940
497.646800	-0.063019
497.646900	-0.136566
497.647000	-0.164642
497.647100	-0.166779
497.647200	-0.153961
497.647300	-0.114594
497.647400	-0.066223
497.647500	-0.037384
497.647600	-0.028076
497.647700	-0.018311
497.647800	-0.014801
497.647900	-0.020142
497.648000	-0.021667
497.648100	-0.026398
497.648200	-0.021210
497.648300	-0.028992
497.648400	-0.028534
497.648500	-0.030365
497.648600	-0.025024
497.648700	-0.026703
497.648800	-0.021667
497.648900	-0.015564
497.649000	-0.012207
497.649100	-0.011597
497.649200	-0.009308
497.649300	-0.005188
497.649400	-0.007324
497.649500	-0.010834
497.649600	-0.014496
497.649700	-0.026245
497.649800	-0.030060
497.649900	-0.033264
497.650000	-0.035095
497.650100	-0.037537
497.650200	-0.036926
497.650300	-0.032806
497.650400	-0.028381
497.650500	-0.026550
497.650600	-0.028687
497.650700	-0.029449
497.650800	-0.026855
497.650900	-0.020752
497.651000	-0.021667
497.651100	-0.018158
497.651200	-0.020447
497.651300	-0.021210
497.651400	-0.022430
497.651500	-0.019531
497.651600	-0.018311
497.651700	-0.021362
497.651800	-0.017242
497.651900	-0.015564
497.652000	-0.014343
497.652100	0.017853
497.652200	0.093231
497.652300	0.219269
497.652400	0.355835
497.652500	0.411377
497.652600	0.393677
497.652700	0.305634
497.652800	0.111542
497.652900	-0.140381
497.653000	-0.316467
497.653100	-0.394440
497.653200	-0.401001
497.653300	-0.361023
497.653400	-0.242615
497.653500	-0.134277
497.653600	-0.068054
497.653700	-0.050507
497.653800	-0.046387
497.653900	-0.058136
497.654000	-0.056000
497.654100	-0.053406
497.654200	-0.053253
497.654300	-0.050964
497.654400	-0.040741
497.654500	-0.042572
497.654600	-0.043640
497.654700	-0.043335
497.654800	-0.030365
497.654900	-0.030670
497.655000	-0.027618
497.655100	-0.022736
497.655200	-0.016174
497.655300	-0.013885
497.655400	-0.011902
497.655500	-0.011749
497.655600	-0.012054
497.655700	-0.013428
497.655800	-0.015869
497.655900	-0.021057
497.656000	-0.025024
497.656100	-0.022583
497.656200	-0.024567
497.656300	-0.022583
497.656400	-0.022583
497.656500	-0.023346
497.656600	-0.018768
497.656700	-0.017548
497.656800	-0.017395
497.656900	-0.011902
497.657000	-0.011139
497.657100	-0.012665
497.657200	-0.011749
497.657300	-0.006714
497.657400	0.000000
497.657500	-0.002441
497.657600	0.002441
497.657700	0.003510
497.657800	0.012207
497.657900	0.027771
497.658000	0.023651
497.658100	0.014191
497.658200	0.006409
497.658300	-0.004730
497.658400	-0.033569
497.658500	-0.052948
497.658600	-0.060577
497.658700	-0.022888
497.658800	0.044250
497.658900	0.151672
497.659000	0.240631
497.659100	0.260620
497.659200	0.202179
497.659300	0.086670
497.659400	-0.046234
497.659500	-0.170593
497.659600	-0.268555
497.659700	-0.331268
497.659800	-0.314789
497.659900	-0.232086
497.660000	-0.132446
497.660100	-0.062256
497.660200	-0.025330
497.660300	-0.020905
497.660400	-0.019989
497.660500	-0.019073
497.660600	-0.020752
497.660700	-0.020447
497.660800	-0.019073
497.660900	-0.016022
497.661000	-0.015717
497.661100	-0.005951
497.661200	-0.003510
497.661300	-0.004883
497.661400	-0.008545
497.661500	-0.014191
497.661600	-0.010529
497.661700	-0.009308
497.661800	-0.013123
497.661900	-0.013428
497.662000	-0.016937
497.662100	-0.022583
497.662200	-0.020599
497.662300	-0.030060
497.662400	-0.027771
497.662500	-0.024261
497.662600	-0.016632
497.662700	-0.023193
497.662800	-0.015564
497.662900	-0.014648
497.663000	-0.007019
497.663100	0.006866
497.663200	0.059662
497.663300	0.149231
497.663400	0.196533
497.663500	0.210724
497.663600	0.187683
497.663700	0.076447
497.663800	-0.063934
497.663900	-0.194702
497.664000	-0.242767
