377.648900	0.086060
377.649000	0.089417
377.649100	0.092468
377.649200	0.093689
377.649300	0.086975
377.649400	0.097351
377.649500	0.102692
377.649600	0.102234
377.649700	0.099792
377.649800	0.105133
377.649900	0.107574
377.650000	0.109406
377.650100	0.114441
377.650200	0.124207
377.650300	0.126801
377.650400	0.135498
377.650500	0.140228
377.650600	0.143433
377.650700	0.151062
377.650800	0.160828
377.650900	0.171204
377.651000	0.191345
377.651100	0.218506
377.651200	0.258636
377.651300	0.306549
377.651400	0.372620
377.651500	0.459900
377.651600	0.548706
377.651700	0.659485
377.651800	0.786591
377.651900	0.928345
377.652000	1.085663
377.652100	1.252594
377.652200	1.428986
377.652300	1.617737
377.652400	1.799927
377.652500	1.982117
377.652600	2.137909
377.652700	2.275848
377.652800	2.398376
377.652900	2.493439
377.653000	2.563477
377.653100	2.616272
377.653200	2.646179
377.653300	2.661133
377.653400	2.666931
377.653500	2.655945
377.653600	2.608643
377.653700	2.541809
377.653800	2.449341
377.653900	2.304230
377.654000	2.119446
377.654100	1.899414
377.654200	1.637573
377.654300	1.339569
377.654400	1.009216
377.654500	0.648804
377.654600	0.280151
377.654700	-0.110016
377.654800	-0.537415
377.654900	-0.911255
377.655000	-1.289978
377.655100	-1.627808
377.655200	-1.968079
377.655300	-2.292023
377.655400	-2.588959
377.655500	-2.854614
377.655600	-3.077240
377.655700	-3.261261
377.655800	-3.405304
377.655900	-3.507385
377.656000	-3.573456
377.656100	-3.621674
377.656200	-3.622894
377.656300	-3.601074
377.656400	-3.545685
377.656500	-3.468018
377.656600	-3.353577
377.656700	-3.210754
377.656800	-3.038025
377.656900	-2.826691
377.657000	-2.585297
377.657100	-2.307129
377.657200	-2.021637
377.657300	-1.741180
377.657400	-1.486206
377.657500	-1.302185
377.657600	-0.966949
377.657700	-0.689240
377.657800	-0.465088
377.657900	-0.281982
377.658000	-0.128174
377.658100	-0.009155
377.658200	0.093079
377.658300	0.173950
377.658400	0.238037
377.658500	0.290527
377.658600	0.325928
377.658700	0.357666
377.658800	0.372620
377.658900	0.391541
377.659000	0.402374
377.659100	0.400543
377.659200	0.408478
377.659300	0.405426
377.659400	0.401764
377.659500	0.393677
377.659600	0.396423
377.659700	0.391998
377.659800	0.378876
377.659900	0.373077
377.660000	0.364990
377.660100	0.355530
377.660200	0.352325
377.660300	0.343933
377.660400	0.339966
377.660500	0.332642
377.660600	0.327606
377.660700	0.317688
377.660800	0.314941
377.660900	0.313568
377.661000	0.302734
377.661100	0.295868
377.661200	0.288086
377.661300	0.289459
377.661400	0.279694
377.661500	0.273437
377.661600	0.271454
377.661700	0.275421
377.661800	0.266724
377.661900	0.262451
377.662000	0.261536
377.662100	0.257416
377.662200	0.256653
377.662300	0.248718
377.662400	0.245819
377.662500	0.242310
377.662600	0.242920
377.662700	0.241089
377.662800	0.233154
377.662900	0.230408
377.663000	0.236206
377.663100	0.235291
377.663200	0.236359
377.663300	0.234985
377.663400	0.238495
377.663500	0.241241
377.663600	0.239563
377.663700	0.243683
377.663800	0.240784
377.663900	0.243073
377.664000	0.236664
377.664100	0.234375
377.664200	0.238495
377.664300	0.242920
377.664400	0.244141
377.664500	0.246124
377.664600	0.245056
377.664700	0.244293
377.664800	0.239258
377.664900	0.231323
377.665000	0.231171
377.665100	0.228424
377.665200	0.221405
377.665300	0.228424
377.665400	0.224609
377.665500	0.222168
377.665600	0.211639
377.665700	0.213470
377.665800	0.208740
377.665900	0.204468
377.666000	0.202332
377.666100	0.202637
377.666200	0.201569
377.666300	0.203247
377.666400	0.194397
377.666500	0.192108
377.666600	0.188446
377.666700	0.188293
377.666800	0.193329
377.666900	0.196075
377.667000	0.190582
377.667100	0.193024
377.667200	0.195007
377.667300	0.194092
377.667400	0.192871
377.667500	0.191040
377.667600	0.189514
377.667700	0.192871
377.667800	0.193329
377.667900	0.192871
377.668000	0.192566
377.668100	0.190887
377.668200	0.189819
377.668300	0.190125
377.668400	0.185852
377.668500	0.187683
377.668600	0.190582
377.668700	0.191193
377.668800	0.186310
377.668900	0.182953
377.669000	0.179596
377.669100	0.185394
377.669200	0.180969
377.669300	0.180054
377.669400	0.179901
377.669500	0.176849
377.669600	0.178833
377.669700	0.179596
377.669800	0.177460
377.669900	0.167084
377.670000	0.168304
377.670100	0.161743
377.670200	0.160675
377.670300	0.157471
377.670400	0.165100
377.670500	0.162811
377.670600	0.156860
377.670700	0.161743
377.670800	0.165100
377.670900	0.167847
377.671000	0.163269
377.671100	0.165710
377.671200	0.166626
377.671300	0.154877
377.671400	0.152130
377.671500	0.146332
377.671600	0.141144
377.671700	0.137787
377.671800	0.131683
377.671900	0.123291
377.672000	0.118866
377.672100	0.107727
377.672200	0.107574
377.672300	0.106201
377.672400	0.107117
377.672500	0.103912
377.672600	0.103760
377.672700	0.092773
377.672800	0.085449
377.672900	0.080261
377.673000	0.075836
377.673100	0.078125
377.673200	0.065308
377.673300	0.062256
377.673400	0.056763
377.673500	0.058899
377.673600	0.048065
377.673700	0.046082
377.673800	0.049133
377.673900	0.046082
377.674000	0.047150
377.674100	0.045929
377.674200	0.052338
377.674300	0.056152
377.674400	0.064240
377.674500	0.066528
377.674600	0.076294
377.674700	0.080566
377.674800	0.081940
377.674900	0.083313
377.675000	0.091095
377.675100	0.094757
377.675200	0.100098
377.675300	0.107269
377.675400	0.111694
377.675500	0.116425
377.675600	0.119324
377.675700	0.126801
377.675800	0.128326
377.675900	0.130310
377.676000	0.126190
377.676100	0.130615
377.676200	0.128632
377.676300	0.133362
377.676400	0.136719
377.676500	0.134125
377.676600	0.135498
377.676700	0.135498
377.676800	0.134888
377.676900	0.136261
377.677000	0.124817
377.677100	0.126953
377.677200	0.132751
377.677300	0.125732
377.677400	0.123138
377.677500	0.127106
377.677600	0.117798
377.677700	0.117493
377.677800	0.122833
377.677900	0.119324
377.678000	0.128937
377.678100	0.123749
377.678200	0.115967
377.678300	0.121002
377.678400	0.122375
377.678500	0.112457
377.678600	0.116425
377.678700	0.110931
377.678800	0.119934
377.678900	0.120087
377.679000	0.121002
377.679100	0.113220
377.679200	0.112305
377.679300	0.111237
377.679400	0.107269
377.679500	0.107269
377.679600	0.103455
377.679700	0.098877
377.679800	0.099640
377.679900	0.102997
377.680000	0.108032
377.680100	0.119171
377.680200	0.135193
377.680300	0.151672
377.680400	0.177155
377.680500	0.205078
377.680600	0.235291
377.680700	0.276184
377.680800	0.325623
377.680900	0.377960
377.681000	0.436707
377.681100	0.501404
377.681200	0.562744
377.681300	0.621796
377.681400	0.661774
377.681500	0.696716
377.681600	0.715485
377.681700	0.718384
377.681800	0.708771
377.681900	0.689392
377.682000	0.673065
377.682100	0.659943
377.682200	0.636902
377.682300	0.605621
377.682400	0.578918
377.682500	0.548096
377.682600	0.506134
377.682700	0.465393
377.682800	0.409546
377.682900	0.346680
377.683000	0.277863
377.683100	0.201263
377.683200	0.109406
377.683300	0.024872
377.683400	-0.066376
377.683500	-0.155945
377.683600	-0.242462
377.683700	-0.321960
377.683800	-0.395203
377.683900	-0.455627
377.684000	-0.513611
377.684100	-0.556641
377.684200	-0.598755
377.684300	-0.620728
377.684400	-0.647430
377.684500	-0.661469
377.684600	-0.667267
377.684700	-0.678558
377.684800	-0.682983
377.684900	-0.697632
377.685000	-0.692596
377.685100	-0.694580
377.685200	-0.677338
377.685300	-0.654755
377.685400	-0.628662
377.685500	-0.576782
377.685600	-0.507660
377.685700	-0.431671
377.685800	-0.354462
377.685900	-0.281372
377.686000	-0.202789
377.686100	-0.137177
377.686200	-0.082550
377.686300	-0.027313
377.686400	0.015411
377.686500	0.050201
377.686600	0.078735
377.686700	0.108643
377.686800	0.132599
377.686900	0.148315
377.687000	0.162506
377.687100	0.159302
377.687200	0.163574
377.687300	0.173492
377.687400	0.171967
377.687500	0.166168
377.687600	0.171356
377.687700	0.168915
377.687800	0.171509
377.687900	0.172577
377.688000	0.167389
377.688100	0.166168
377.688200	0.163879
377.688300	0.165405
377.688400	0.165253
377.688500	0.158234
377.688600	0.155792
377.688700	0.155487
377.688800	0.158081
377.688900	0.153046
377.689000	0.153046
377.689100	0.148010
377.689200	0.146332
377.689300	0.146942
377.689400	0.145721
377.689500	0.146332
377.689600	0.151062
377.689700	0.168152
377.689800	0.179749
377.689900	0.202026
377.690000	0.222015
377.690100	0.240173
377.690200	0.281372
377.690300	0.323792
377.690400	0.377655
377.690500	0.436096
377.690600	0.499420
377.690700	0.567017
377.690800	0.644684
377.690900	0.730133
377.691000	0.818939
377.691100	0.907135
377.691200	0.986786
377.691300	1.056366
377.691400	1.130981
377.691500	1.187897
377.691600	1.231995
377.691700	1.264954
377.691800	1.289978
377.691900	1.303711
377.692000	1.302490
377.692100	1.300049
377.692200	1.277771
377.692300	1.245575
377.692400	1.202698
377.692500	1.148834
377.692600	1.086426
377.692700	1.007233
377.692800	0.911407
377.692900	0.788574
377.693000	0.671387
377.693100	0.536194
377.693200	0.395813
377.693300	0.244751
377.693400	0.084991
377.693500	-0.067444
377.693600	-0.221710
377.693700	-0.377655
377.693800	-0.540924
377.693900	-0.702362
377.694000	-0.843048
377.694100	-0.969696
377.694200	-1.097260
377.694300	-1.154633
377.694400	-1.319580
377.694500	-1.394958
377.694600	-1.454010
377.694700	-1.498718
377.694800	-1.523743
377.694900	-1.535187
377.695000	-1.532440
377.695100	-1.510925
377.695200	-1.480560
377.695300	-1.446228
377.695400	-1.400146
377.695500	-1.351624
377.695600	-1.287537
377.695700	-1.228333
377.695800	-1.134644
377.695900	-1.031647
377.696000	-0.938873
377.696100	-0.841522
377.696200	-0.730133
377.696300	-0.609283
377.696400	-0.499115
377.696500	-0.398407
377.696600	-0.304718
377.696700	-0.210724
377.696800	-0.133209
377.696900	-0.066681
377.697000	-0.010681
377.697100	0.042267
377.697200	0.087280
377.697300	0.128937
377.697400	0.162964
377.697500	0.192871
377.697600	0.230865
377.697700	0.266418
377.697800	0.305176
377.697900	0.344849
377.698000	0.392456
377.698100	0.436707
377.698200	0.495300
377.698300	0.560303
377.698400	0.633240
377.698500	0.721283
377.698600	0.819092
377.698700	0.924988
377.698800	1.031799
377.698900	1.133881
377.699000	1.214447
377.699100	1.271973
377.699200	1.308899
377.699300	1.326141
377.699400	1.328430
377.699500	1.319885
377.699600	1.317139
377.699700	1.317139
377.699800	1.317596
377.699900	1.322632
377.700000	1.321106
377.700100	1.322021
377.700200	1.306305
377.700300	1.267853
377.700400	1.204529
377.700500	1.106873
377.700600	0.975952
377.700700	0.814819
377.700800	0.636292
377.700900	0.436707
377.701000	0.238800
377.701100	0.041504
377.701200	-0.159760
377.701300	-0.361481
377.701400	-0.569000
377.701500	-0.768127
377.701600	-0.937042
377.701700	-1.097107
377.701800	-1.163330
377.701900	-1.320953
377.702000	-1.377258
377.702100	-1.403046
377.702200	-1.398773
377.702300	-1.385651
377.702400	-1.360016
