217.751300	0.050507
217.751400	0.055542
217.751500	0.053406
217.751600	0.058594
217.751700	0.054474
217.751800	0.056152
217.751900	0.055237
217.752000	0.056458
217.752100	0.059662
217.752200	0.059357
217.752300	0.064392
217.752400	0.059814
217.752500	0.061951
217.752600	0.058289
217.752700	0.059357
217.752800	0.061340
217.752900	0.058441
217.753000	0.057220
217.753100	0.057831
217.753200	0.058746
217.753300	0.054321
217.753400	0.062561
217.753500	0.056763
217.753600	0.058594
217.753700	0.060425
217.753800	0.063019
217.753900	0.063629
217.754000	0.059204
217.754100	0.064087
217.754200	0.068665
217.754300	0.075531
217.754400	0.074768
217.754500	0.076141
217.754600	0.075073
217.754700	0.088501
217.754800	0.087280
217.754900	0.086975
217.755000	0.075531
217.755100	0.078278
217.755200	0.069427
217.755300	0.061188
217.755400	0.057983
217.755500	0.049744
217.755600	0.049286
217.755700	0.038910
217.755800	0.043488
217.755900	0.045013
217.756000	0.049133
217.756100	0.045776
217.756200	0.048828
217.756300	0.048523
217.756400	0.049744
217.756500	0.057831
217.756600	0.065613
217.756700	0.060120
217.756800	0.067444
217.756900	0.070343
217.757000	0.063629
217.757100	0.058441
217.757200	0.060577
217.757300	0.059662
217.757400	0.058594
217.757500	0.058899
217.757600	0.055237
217.757700	0.054779
217.757800	0.059204
217.757900	0.065155
217.758000	0.061951
217.758100	0.064240
217.758200	0.068817
217.758300	0.066071
217.758400	0.064392
217.758500	0.064087
217.758600	0.059967
217.758700	0.060120
217.758800	0.061798
217.758900	0.059662
217.759000	0.058136
217.759100	0.053711
217.759200	0.052338
217.759300	0.056305
217.759400	0.051575
217.759500	0.065613
217.759600	0.086060
217.759700	0.159149
217.759800	0.275879
217.759900	0.443115
217.760000	0.573425
217.760100	0.591736
217.760200	0.536652
217.760300	0.429993
217.760400	0.276184
217.760500	0.096283
217.760600	-0.095520
217.760700	-0.264893
217.760800	-0.396118
217.760900	-0.474548
217.761000	-0.504456
217.761100	-0.450592
217.761200	-0.293274
217.761300	-0.133057
217.761400	-0.019379
217.761500	0.042877
217.761600	0.057220
217.761700	0.054474
217.761800	0.045013
217.761900	0.054626
217.762000	0.132904
217.762100	0.324402
217.762200	0.698853
217.762300	1.253967
217.762400	1.778870
217.762500	2.037354
217.762600	2.165375
217.762700	2.261047
217.762800	2.077026
217.762900	1.289978
217.763000	0.118713
217.763100	-1.052094
217.763200	-1.967926
217.763300	-2.279205
217.763400	-2.266388
217.763500	-2.195740
217.763600	-2.038574
217.763700	-1.615906
217.763800	-1.206055
217.763900	-0.523682
217.764000	-0.185852
217.764100	-0.022583
217.764200	0.059357
217.764300	0.089569
217.764400	0.099487
217.764500	0.106049
217.764600	0.113220
217.764700	0.111694
217.764800	0.108643
217.764900	0.096893
217.765000	0.081329
217.765100	0.075378
217.765200	0.067596
217.765300	0.058136
217.765400	0.057983
217.765500	0.061951
217.765600	0.062408
217.765700	0.067902
217.765800	0.074615
217.765900	0.081940
217.766000	0.085297
217.766100	0.084076
217.766200	0.090179
217.766300	0.088959
217.766400	0.099792
217.766500	0.107269
217.766600	0.123901
217.766700	0.150146
217.766800	0.179443
217.766900	0.203552
217.767000	0.208740
217.767100	0.220642
217.767200	0.212097
217.767300	0.175934
217.767400	0.122070
217.767500	0.052032
217.767600	-0.032806
217.767700	-0.087280
217.767800	-0.106964
217.767900	-0.108337
217.768000	-0.106354
217.768100	-0.090942
217.768200	-0.053406
217.768300	-0.007782
217.768400	0.027313
217.768500	0.047607
217.768600	0.062561
217.768700	0.062714
217.768800	0.063782
217.768900	0.065460
217.769000	0.062256
217.769100	0.066376
217.769200	0.069885
217.769300	0.073395
217.769400	0.074463
217.769500	0.081482
217.769600	0.082855
217.769700	0.085449
217.769800	0.081024
217.769900	0.085907
217.770000	0.084686
217.770100	0.079651
217.770200	0.087891
217.770300	0.084839
217.770400	0.085449
217.770500	0.089111
217.770600	0.106964
217.770700	0.171204
217.770800	0.296631
217.770900	0.514526
217.771000	0.852051
217.771100	1.184540
217.771200	1.294098
217.771300	1.285095
217.771400	1.261597
217.771500	1.123657
217.771600	0.728149
217.771700	0.219727
217.771800	-0.293427
217.771900	-0.762177
217.772000	-1.064911
217.772100	-1.051331
217.772200	-0.856476
217.772300	-0.630951
217.772400	-0.404510
217.772500	-0.098724
217.772600	0.131836
217.772700	0.213776
217.772800	0.137634
217.772900	-0.032654
217.773000	-0.250397
217.773100	-0.438232
217.773200	-0.556641
217.773300	-0.616150
217.773400	-0.574799
217.773500	-0.382233
217.773600	0.019379
217.773700	0.632019
217.773800	1.387787
217.773900	2.179565
217.774000	3.016968
217.774100	3.573303
217.774200	3.727112
217.774300	3.472748
217.774400	2.869110
217.774500	1.692047
217.774600	0.150604
217.774700	-1.085815
217.774800	-2.362671
217.774900	-3.246613
217.775000	-3.539124
217.775100	-3.385773
217.775200	-3.142090
217.775300	-2.856293
217.775400	-2.259064
217.775500	-1.564178
217.775600	-1.108246
217.775700	-0.466003
217.775800	-0.095215
217.775900	0.142822
217.776000	0.284882
217.776100	0.366058
217.776200	0.386353
217.776300	0.370483
217.776400	0.312500
217.776500	0.201569
217.776600	0.071106
217.776700	-0.043945
217.776800	-0.105896
217.776900	-0.130463
217.777000	-0.130157
217.777100	-0.094757
217.777200	-0.035858
217.777300	0.025330
217.777400	0.074310
217.777500	0.099487
217.777600	0.104980
217.777700	0.104523
217.777800	0.097351
217.777900	0.087585
217.778000	0.081787
217.778100	0.083313
217.778200	0.107269
217.778300	0.160065
217.778400	0.254059
217.778500	0.405884
217.778600	0.618134
217.778700	0.776367
217.778800	0.814209
217.778900	0.769806
217.779000	0.702820
217.779100	0.625458
217.779200	0.517426
217.779300	0.368958
217.779400	0.167847
217.779500	-0.041351
217.779600	-0.233765
217.779700	-0.412140
217.779800	-0.572968
217.779900	-0.682526
217.780000	-0.664368
217.780100	-0.546722
217.780200	-0.423737
217.780300	-0.322571
217.780400	-0.253448
217.780500	-0.206146
217.780600	-0.177460
217.780700	-0.134125
217.780800	-0.069122
217.780900	-0.005035
217.781000	0.044403
217.781100	0.094910
217.781200	0.124359
217.781300	0.157013
217.781400	0.190277
217.781500	0.225372
217.781600	0.242767
217.781700	0.251465
217.781800	0.264587
217.781900	0.269470
217.782000	0.226135
217.782100	0.155029
217.782200	0.066528
217.782300	-0.010529
217.782400	-0.056152
217.782500	-0.061646
217.782600	-0.053101
217.782700	-0.052795
217.782800	-0.028076
217.782900	0.025482
217.783000	0.062714
217.783100	0.094910
217.783200	0.112915
217.783300	0.109711
217.783400	0.118713
217.783500	0.121002
217.783600	0.112457
217.783700	0.120544
217.783800	0.115204
217.783900	0.119476
217.784000	0.121918
217.784100	0.120087
217.784200	0.123596
217.784300	0.114288
217.784400	0.110016
217.784500	0.108948
217.784600	0.109253
217.784700	0.104980
217.784800	0.097961
217.784900	0.097198
217.785000	0.098877
217.785100	0.092163
217.785200	0.103912
217.785300	0.107117
217.785400	0.146942
217.785500	0.236816
217.785600	0.415344
217.785700	0.666809
217.785800	0.922089
217.785900	1.105499
217.786000	1.180420
217.786100	1.121368
217.786200	0.908203
217.786300	0.546570
217.786400	0.121460
217.786500	-0.336609
217.786600	-0.712891
217.786700	-0.965881
217.786800	-1.075134
217.786900	-1.051331
217.787000	-0.921326
217.787100	-0.642548
217.787200	-0.270844
217.787300	0.130310
217.787400	0.457916
217.787500	0.681915
217.787600	0.788116
217.787700	0.798035
217.787800	0.709229
217.787900	0.502472
217.788000	0.199127
217.788100	-0.126801
217.788200	-0.416107
217.788300	-0.602570
217.788400	-0.688324
217.788500	-0.696106
217.788600	-0.619812
217.788700	-0.461426
217.788800	-0.264893
217.788900	-0.088806
217.789000	0.027771
217.789100	0.085602
217.789200	0.098724
217.789300	0.108490
217.789400	0.102539
217.789500	0.091858
217.789600	0.078735
217.789700	0.072327
217.789800	0.064240
217.789900	0.060425
217.790000	0.056458
217.790100	0.058594
217.790200	0.070038
217.790300	0.099945
217.790400	0.188141
217.790500	0.412140
217.790600	0.813599
217.790700	1.456451
217.790800	2.353058
217.790900	3.161163
217.791000	3.518982
217.791100	3.540039
217.791200	3.446350
217.791300	3.187866
217.791400	2.494507
217.791500	1.385345
217.791600	0.203247
217.791700	-0.908508
217.791800	-2.031097
217.791900	-2.882385
217.792000	-3.226318
217.792100	-3.197784
217.792200	-3.030548
217.792300	-2.770844
217.792400	-2.295532
217.792500	-1.631622
217.792600	-1.199493
217.792700	-0.505371
217.792800	-0.173187
217.792900	-0.020142
217.793000	0.044250
217.793100	0.064087
217.793200	0.077362
217.793300	0.082245
217.793400	0.085754
217.793500	0.079346
217.793600	0.075836
217.793700	0.067291
217.793800	0.070953
217.793900	0.074158
217.794000	0.073090
217.794100	0.066986
217.794200	0.074768
217.794300	0.073853
217.794400	0.077667
217.794500	0.077820
217.794600	0.082397
217.794700	0.096130
217.794800	0.102234
217.794900	0.100861
217.795000	0.099030
217.795100	0.101929
217.795200	0.101471
217.795300	0.104828
217.795400	0.096741
217.795500	0.091858
217.795600	0.079803
217.795700	0.078278
217.795800	0.067444
217.795900	0.066833
217.796000	0.065613
217.796100	0.063629
217.796200	0.064545
217.796300	0.067749
217.796400	0.068359
217.796500	0.070648
217.796600	0.105133
217.796700	0.219879
217.796800	0.479279
217.796900	0.976257
217.797000	1.670227
217.797100	2.342682
217.797200	2.743378
217.797300	2.855835
217.797400	2.610931
217.797500	1.890411
217.797600	0.794830
217.797700	-0.448608
217.797800	-1.561890
217.797900	-2.416229
217.798000	-2.825623
217.798100	-2.863617
217.798200	-2.620392
217.798300	-2.081604
217.798400	-1.402435
217.798500	-0.773926
217.798600	-0.304108
217.798700	-0.055695
217.798800	0.046082
217.798900	0.081635
217.799000	0.092316
217.799100	0.100403
217.799200	0.097504
217.799300	0.102692
217.799400	0.109253
217.799500	0.103912
217.799600	0.108490
217.799700	0.110016
217.799800	0.106049
217.799900	0.107727
217.800000	0.107117
217.800100	0.108490
217.800200	0.101624
217.800300	0.105896
217.800400	0.107117
217.800500	0.104065
217.800600	0.100250
217.800700	0.091705
217.800800	0.092010
217.800900	0.094910
217.801000	0.084229
217.801100	0.082703
217.801200	0.080414
217.801300	0.083618
217.801400	0.088348
217.801500	0.098267
217.801600	0.114288
217.801700	0.137939
217.801800	0.157776
217.801900	0.164795
217.802000	0.158386
217.802100	0.143738
217.802200	0.120697
217.802300	0.087738
217.802400	0.067749
217.802500	0.040588
217.802600	0.022125
217.802700	0.008698
217.802800	0.003510
217.802900	0.016937
217.803000	0.033569
217.803100	0.048828
217.803200	0.062866
217.803300	0.076599
217.803400	0.077057
217.803500	0.076752
217.803600	0.084839
217.803700	0.076752
217.803800	0.072327
217.803900	0.072937
217.804000	0.075226
217.804100	0.082245
217.804200	0.082092
217.804300	0.081177
217.804400	0.085907
217.804500	0.083008
217.804600	0.087585
217.804700	0.086670
217.804800	0.082092
