349.079300	0.014954
349.079400	0.017090
349.079500	0.017090
349.079600	0.021057
349.079700	0.022736
349.079800	0.023041
349.079900	0.020142
349.080000	0.017090
349.080100	0.017548
349.080200	0.015411
349.080300	0.020447
349.080400	0.019226
349.080500	0.018921
349.080600	0.021515
349.080700	0.021515
349.080800	0.021057
349.080900	0.018005
349.081000	0.021362
349.081100	0.017700
349.081200	0.014038
349.081300	0.016174
349.081400	0.021973
349.081500	0.018616
349.081600	0.017395
349.081700	0.015869
349.081800	0.018616
349.081900	0.018311
349.082000	0.017242
349.082100	0.020447
349.082200	0.015717
349.082300	0.014801
349.082400	0.015411
349.082500	0.021057
349.082600	0.019379
349.082700	0.025482
349.082800	0.023499
349.082900	0.019684
349.083000	0.024719
349.083100	0.024719
349.083200	0.017242
349.083300	0.018921
349.083400	0.016632
349.083500	0.016327
349.083600	0.018921
349.083700	0.017090
349.083800	0.018158
349.083900	0.021210
349.084000	0.017853
349.084100	0.012970
349.084200	0.010529
349.084300	0.012512
349.084400	0.017242
349.084500	0.012360
349.084600	0.014191
349.084700	0.018768
349.084800	0.016327
349.084900	0.019684
349.085000	0.016785
349.085100	0.020599
349.085200	0.018005
349.085300	0.023956
349.085400	0.028076
349.085500	0.023956
349.085600	0.024109
349.085700	0.020294
349.085800	0.023346
349.085900	0.020905
349.086000	0.023651
349.086100	0.023041
349.086200	0.021057
349.086300	0.017700
349.086400	0.021667
349.086500	0.025330
349.086600	0.021515
349.086700	0.022430
349.086800	0.023193
349.086900	0.019836
349.087000	0.017395
349.087100	0.016479
349.087200	0.011597
349.087300	0.016937
349.087400	0.020142
349.087500	0.014801
349.087600	0.015564
349.087700	0.015411
349.087800	0.017700
349.087900	0.016174
349.088000	0.015869
349.088100	0.017548
349.088200	0.012970
349.088300	0.012817
349.088400	0.012970
349.088500	0.012665
349.088600	0.011292
349.088700	0.006714
349.088800	0.000000
349.088900	0.007324
349.089000	0.008392
349.089100	0.002747
349.089200	0.000763
349.089300	0.000458
349.089400	0.000610
349.089500	-0.000153
349.089600	-0.000153
349.089700	0.002289
349.089800	-0.000305
349.089900	-0.000458
349.090000	-0.004272
349.090100	0.000458
349.090200	0.000000
349.090300	-0.001831
349.090400	0.001984
349.090500	0.001373
349.090600	0.001373
349.090700	-0.003052
349.090800	0.003510
349.090900	0.002747
349.091000	0.008087
349.091100	0.000305
349.091200	0.000610
349.091300	0.003204
349.091400	0.005188
349.091500	0.006256
349.091600	0.005035
349.091700	0.002136
349.091800	0.003204
349.091900	-0.001068
349.092000	0.003052
349.092100	0.002899
349.092200	0.002594
349.092300	0.000610
349.092400	0.006561
349.092500	0.011292
349.092600	0.010376
349.092700	0.014648
349.092800	0.014038
349.092900	0.012665
349.093000	0.014191
349.093100	0.013275
349.093200	0.013733
349.093300	0.017700
349.093400	0.017090
349.093500	0.017853
349.093600	0.017242
349.093700	0.014801
349.093800	0.019379
349.093900	0.021667
349.094000	0.024567
349.094100	0.023193
349.094200	0.021362
349.094300	0.023956
349.094400	0.021973
349.094500	0.020142
349.094600	0.022736
349.094700	0.025024
349.094800	0.025940
349.094900	0.026398
349.095000	0.030365
349.095100	0.026550
349.095200	0.028381
349.095300	0.029449
349.095400	0.027008
349.095500	0.024567
349.095600	0.023804
349.095700	0.025024
349.095800	0.023346
349.095900	0.018311
349.096000	0.015564
349.096100	0.018158
349.096200	0.015717
349.096300	0.012360
349.096400	0.015717
349.096500	0.008087
349.096600	0.005951
349.096700	0.000305
349.096800	-0.000153
349.096900	0.000610
349.097000	-0.003204
349.097100	-0.012207
349.097200	-0.019836
349.097300	-0.023499
349.097400	-0.030975
349.097500	-0.039062
349.097600	-0.049286
349.097700	-0.060730
349.097800	-0.070496
349.097900	-0.086060
349.098000	-0.088196
349.098100	-0.097656
349.098200	-0.110321
349.098300	-0.124512
349.098400	-0.132446
349.098500	-0.146942
349.098600	-0.162354
349.098700	-0.173035
349.098800	-0.187836
349.098900	-0.204468
349.099000	-0.212402
349.099100	-0.235901
349.099200	-0.247345
349.099300	-0.264740
349.099400	-0.280609
349.099500	-0.293579
349.099600	-0.314178
349.099700	-0.331268
349.099800	-0.349274
349.099900	-0.366669
349.100000	-0.376434
349.100100	-0.386505
349.100200	-0.402374
349.100300	-0.404205
349.100400	-0.410309
349.100500	-0.408783
349.100600	-0.408325
349.100700	-0.407715
349.100800	-0.391541
349.100900	-0.382538
349.101000	-0.375366
349.101100	-0.355835
349.101200	-0.347443
349.101300	-0.334778
349.101400	-0.319214
349.101500	-0.302582
349.101600	-0.285187
349.101700	-0.270233
349.101800	-0.257874
349.101900	-0.244904
349.102000	-0.229340
349.102100	-0.213165
349.102200	-0.204163
349.102300	-0.193176
349.102400	-0.172424
349.102500	-0.165558
349.102600	-0.149689
349.102700	-0.139923
349.102800	-0.120392
349.102900	-0.108490
349.103000	-0.096741
349.103100	-0.079346
349.103200	-0.065765
349.103300	-0.054932
349.103400	-0.039062
349.103500	-0.028534
349.103600	-0.013123
349.103700	-0.001373
349.103800	0.015259
349.103900	0.030518
349.104000	0.040436
349.104100	0.048523
349.104200	0.063171
349.104300	0.074768
349.104400	0.096283
349.104500	0.105743
349.104600	0.119476
349.104700	0.136719
349.104800	0.148163
349.104900	0.165253
349.105000	0.181580
349.105100	0.195770
349.105200	0.214386
349.105300	0.225830
349.105400	0.234528
349.105500	0.254822
349.105600	0.269012
349.105700	0.283051
349.105800	0.296936
349.105900	0.319824
349.106000	0.329437
349.106100	0.342255
349.106200	0.358582
349.106300	0.370178
349.106400	0.379791
349.106500	0.390472
349.106600	0.397949
349.106700	0.407410
349.106800	0.420227
349.106900	0.429077
349.107000	0.435333
349.107100	0.443268
349.107200	0.450134
349.107300	0.451813
349.107400	0.461426
349.107500	0.468445
349.107600	0.473480
349.107700	0.479126
349.107800	0.486298
349.107900	0.492859
349.108000	0.500183
349.108100	0.497131
349.108200	0.500031
349.108300	0.506134
349.108400	0.506592
349.108500	0.508728
349.108600	0.521240
349.108700	0.519104
349.108800	0.520477
349.108900	0.527344
349.109000	0.530548
349.109100	0.536041
349.109200	0.538177
349.109300	0.536652
349.109400	0.542297
349.109500	0.544739
349.109600	0.542145
349.109700	0.543365
349.109800	0.544739
349.109900	0.537567
349.110000	0.528870
349.110100	0.515289
349.110200	0.504761
349.110300	0.487823
349.110400	0.466309
349.110500	0.435486
349.110600	0.416870
349.110700	0.384979
349.110800	0.345917
349.110900	0.320282
349.111000	0.292206
349.111100	0.260162
349.111200	0.233765
349.111300	0.205231
349.111400	0.183105
349.111500	0.161133
349.111600	0.141144
349.111700	0.115356
349.111800	0.094299
349.111900	0.072021
349.112000	0.060120
349.112100	0.037994
349.112200	0.021057
349.112300	0.009918
349.112400	-0.001373
349.112500	-0.018768
349.112600	-0.024109
349.112700	-0.037384
349.112800	-0.042725
349.112900	-0.055847
349.113000	-0.062561
349.113100	-0.068512
349.113200	-0.074768
349.113300	-0.084686
349.113400	-0.091400
349.113500	-0.094299
349.113600	-0.095062
349.113700	-0.102844
349.113800	-0.096283
349.113900	-0.101929
349.114000	-0.102997
349.114100	-0.107269
349.114200	-0.106201
349.114300	-0.105896
349.114400	-0.107880
349.114500	-0.104370
349.114600	-0.102844
349.114700	-0.102386
349.114800	-0.104523
349.114900	-0.102692
349.115000	-0.099182
349.115100	-0.096741
349.115200	-0.093994
349.115300	-0.088501
349.115400	-0.089722
349.115500	-0.087433
349.115600	-0.088501
349.115700	-0.083160
349.115800	-0.081635
349.115900	-0.087433
349.116000	-0.080872
349.116100	-0.078735
349.116200	-0.073090
349.116300	-0.073242
349.116400	-0.067902
349.116500	-0.067139
349.116600	-0.070038
349.116700	-0.068817
349.116800	-0.071411
349.116900	-0.066223
349.117000	-0.066071
349.117100	-0.062561
349.117200	-0.060425
349.117300	-0.056000
349.117400	-0.057678
349.117500	-0.057373
349.117600	-0.059814
349.117700	-0.046997
349.117800	-0.055847
349.117900	-0.048676
349.118000	-0.049286
349.118100	-0.047607
349.118200	-0.044403
349.118300	-0.041351
349.118400	-0.041656
349.118500	-0.039368
349.118600	-0.037994
349.118700	-0.032959
349.118800	-0.030670
349.118900	-0.031738
349.119000	-0.033264
349.119100	-0.033875
349.119200	-0.022125
349.119300	-0.026245
349.119400	-0.024567
349.119500	-0.025635
349.119600	-0.016022
349.119700	-0.020752
349.119800	-0.022430
349.119900	-0.022430
349.120000	-0.021210
349.120100	-0.021820
349.120200	-0.022430
349.120300	-0.023956
349.120400	-0.019379
349.120500	-0.023041
349.120600	-0.022583
349.120700	-0.018463
349.120800	-0.016479
349.120900	-0.014648
349.121000	-0.015411
349.121100	-0.011749
349.121200	-0.008850
349.121300	-0.011597
349.121400	-0.009003
349.121500	-0.010681
349.121600	-0.010223
349.121700	-0.007935
349.121800	-0.010681
349.121900	-0.013733
349.122000	-0.010834
349.122100	-0.008850
349.122200	-0.013733
349.122300	-0.016937
349.122400	-0.014648
349.122500	-0.014038
349.122600	-0.014343
349.122700	-0.018921
349.122800	-0.015869
349.122900	-0.018463
349.123000	-0.014038
349.123100	-0.017090
349.123200	-0.016785
349.123300	-0.021057
349.123400	-0.015869
349.123500	-0.012970
349.123600	-0.012512
349.123700	-0.021057
349.123800	-0.015717
349.123900	-0.007629
349.124000	-0.010376
349.124100	-0.013123
349.124200	-0.013580
349.124300	-0.011139
349.124400	-0.010681
349.124500	-0.008087
349.124600	-0.010986
349.124700	-0.010681
349.124800	-0.001526
349.124900	-0.000458
349.125000	-0.002594
349.125100	-0.001984
349.125200	0.000610
349.125300	0.001678
349.125400	0.001221
349.125500	-0.003052
349.125600	-0.000610
349.125700	0.003967
349.125800	-0.002441
349.125900	-0.000916
349.126000	-0.001373
349.126100	-0.000610
349.126200	0.002747
349.126300	-0.004578
349.126400	-0.000305
349.126500	-0.005493
349.126600	-0.001221
349.126700	-0.005798
349.126800	-0.006256
349.126900	-0.012512
349.127000	-0.011749
349.127100	-0.009155
349.127200	-0.009613
349.127300	-0.014191
349.127400	-0.015259
349.127500	-0.013428
349.127600	-0.019226
349.127700	-0.019989
349.127800	-0.019836
349.127900	-0.024109
349.128000	-0.027618
349.128100	-0.025787
349.128200	-0.027618
349.128300	-0.036621
349.128400	-0.039520
349.128500	-0.040283
349.128600	-0.039062
349.128700	-0.034637
349.128800	-0.041809
349.128900	-0.044250
349.129000	-0.044403
349.129100	-0.042572
349.129200	-0.043945
349.129300	-0.043182
349.129400	-0.046539
349.129500	-0.047607
349.129600	-0.046387
349.129700	-0.048523
349.129800	-0.052643
349.129900	-0.048676
349.130000	-0.047302
349.130100	-0.041809
349.130200	-0.038300
349.130300	-0.038910
349.130400	-0.038605
349.130500	-0.040588
349.130600	-0.039978
349.130700	-0.039062
349.130800	-0.035553
349.130900	-0.035248
349.131000	-0.031891
349.131100	-0.032196
349.131200	-0.028381
349.131300	-0.021820
349.131400	-0.028229
349.131500	-0.026703
349.131600	-0.021973
349.131700	-0.017853
349.131800	-0.015106
349.131900	-0.012360
349.132000	-0.003815
349.132100	-0.000610
349.132200	-0.000458
349.132300	0.000153
349.132400	0.007629
349.132500	0.009766
349.132600	0.017090
349.132700	0.017700
349.132800	0.025177
