580.861700	0.013428
580.861800	0.014191
580.861900	0.011292
580.862000	0.017548
580.862100	0.016632
580.862200	0.018311
580.862300	0.013275
580.862400	0.013428
580.862500	0.012512
580.862600	0.011597
580.862700	0.013275
580.862800	0.018921
580.862900	0.015717
580.863000	0.012207
580.863100	0.012512
580.863200	0.019836
580.863300	0.019226
580.863400	0.021515
580.863500	0.016937
580.863600	0.011597
580.863700	0.017242
580.863800	0.018768
580.863900	0.016479
580.864000	0.018158
580.864100	0.022888
580.864200	0.017853
580.864300	0.017242
580.864400	0.012512
580.864500	0.015259
580.864600	0.013275
580.864700	0.008850
580.864800	0.011444
580.864900	0.013885
580.865000	0.016479
580.865100	0.016479
580.865200	0.014954
580.865300	0.017548
580.865400	0.016022
580.865500	0.014038
580.865600	0.017090
580.865700	0.015259
580.865800	0.016174
580.865900	0.012360
580.866000	0.018616
580.866100	0.014648
580.866200	0.018921
580.866300	0.017548
580.866400	0.019379
580.866500	0.012207
580.866600	0.017700
580.866700	0.014801
580.866800	0.017242
580.866900	0.019531
580.867000	0.017395
580.867100	0.018158
580.867200	0.019836
580.867300	0.017395
580.867400	0.018311
580.867500	0.015869
580.867600	0.016937
580.867700	0.023193
580.867800	0.017700
580.867900	0.012665
580.868000	0.014954
580.868100	0.016022
580.868200	0.015869
580.868300	0.017853
580.868400	0.016785
580.868500	0.019379
580.868600	0.020447
580.868700	0.016937
580.868800	0.013733
580.868900	0.017853
580.869000	0.017548
580.869100	0.015717
580.869200	0.015869
580.869300	0.018311
580.869400	0.018005
580.869500	0.019684
580.869600	0.016937
580.869700	0.020905
580.869800	0.016174
580.869900	0.015869
580.870000	0.020294
580.870100	0.021515
580.870200	0.020142
580.870300	0.014954
580.870400	0.012817
580.870500	0.018768
580.870600	0.018921
580.870700	0.019379
580.870800	0.022278
580.870900	0.020447
580.871000	0.017700
580.871100	0.019684
580.871200	0.014191
580.871300	0.019073
580.871400	0.018463
580.871500	0.013733
580.871600	0.015869
580.871700	0.016479
580.871800	0.020752
580.871900	0.020752
580.872000	0.018921
580.872100	0.015717
580.872200	0.019531
580.872300	0.017853
580.872400	0.015869
580.872500	0.018616
580.872600	0.016937
580.872700	0.016479
580.872800	0.017853
580.872900	0.017090
580.873000	0.019379
580.873100	0.020905
580.873200	0.017090
580.873300	0.017700
580.873400	0.018158
580.873500	0.018463
580.873600	0.012665
580.873700	0.015869
580.873800	0.018768
580.873900	0.013733
580.874000	0.013733
580.874100	0.017700
580.874200	0.015564
580.874300	0.017090
580.874400	0.022125
580.874500	0.020142
580.874600	0.020142
580.874700	0.017853
580.874800	0.019684
580.874900	0.018311
580.875000	0.017090
580.875100	0.020752
580.875200	0.019836
580.875300	0.020142
580.875400	0.019836
580.875500	0.020752
580.875600	0.019836
580.875700	0.017700
580.875800	0.018616
580.875900	0.016937
580.876000	0.015411
580.876100	0.017090
580.876200	0.016022
580.876300	0.013123
580.876400	0.015106
580.876500	0.016022
580.876600	0.011292
580.876700	0.018616
580.876800	0.019836
580.876900	0.017090
580.877000	0.016479
580.877100	0.016785
580.877200	0.012665
580.877300	0.016174
580.877400	0.020447
580.877500	0.017853
580.877600	0.016785
580.877700	0.014191
580.877800	0.016022
580.877900	0.018463
580.878000	0.016022
580.878100	0.019073
580.878200	0.016022
580.878300	0.016632
580.878400	0.018616
580.878500	0.016022
580.878600	0.014038
580.878700	0.019989
580.878800	0.018311
580.878900	0.016479
580.879000	0.016785
580.879100	0.016479
580.879200	0.018921
580.879300	0.018616
580.879400	0.013885
580.879500	0.017853
580.879600	0.017090
580.879700	0.016785
580.879800	0.016937
580.879900	0.018158
580.880000	0.014954
580.880100	0.014954
580.880200	0.020447
580.880300	0.017548
580.880400	0.016174
580.880500	0.018768
580.880600	0.015869
580.880700	0.018005
580.880800	0.014954
580.880900	0.014648
580.881000	0.021973
580.881100	0.018311
580.881200	0.016632
580.881300	0.017853
580.881400	0.016174
580.881500	0.018616
580.881600	0.017700
580.881700	0.018005
580.881800	0.022125
580.881900	0.015869
580.882000	0.018311
580.882100	0.013275
580.882200	0.016174
580.882300	0.016632
580.882400	0.017242
580.882500	0.012817
580.882600	0.019836
580.882700	0.019989
580.882800	0.016937
580.882900	0.022583
580.883000	0.016632
580.883100	0.017700
580.883200	0.012817
580.883300	0.012817
580.883400	0.009155
580.883500	0.014343
580.883600	0.016022
580.883700	0.014954
580.883800	0.017548
580.883900	0.020447
580.884000	0.016327
580.884100	0.012817
580.884200	0.017548
580.884300	0.013733
580.884400	0.010071
580.884500	0.014038
580.884600	0.016937
580.884700	0.020599
580.884800	0.018768
580.884900	0.018921
580.885000	0.019379
580.885100	0.016479
580.885200	0.015411
580.885300	0.018616
580.885400	0.015717
580.885500	0.013580
580.885600	0.014954
580.885700	0.018158
580.885800	0.014648
580.885900	0.011749
580.886000	0.011444
580.886100	0.016632
580.886200	0.013580
580.886300	0.016785
580.886400	0.013580
580.886500	0.015259
580.886600	0.017700
580.886700	0.018158
580.886800	0.016785
580.886900	0.012970
580.887000	0.014801
580.887100	0.021362
580.887200	0.018768
580.887300	0.016022
580.887400	0.017700
580.887500	0.013123
580.887600	0.015259
580.887700	0.014343
580.887800	0.014954
580.887900	0.014343
580.888000	0.013885
580.888100	0.014648
580.888200	0.021057
580.888300	0.014496
580.888400	0.016022
580.888500	0.018921
580.888600	0.016479
580.888700	0.017395
580.888800	0.021973
580.888900	0.018311
580.889000	0.017090
580.889100	0.020752
580.889200	0.015717
580.889300	0.014648
580.889400	0.014496
580.889500	0.016022
580.889600	0.014954
580.889700	0.019684
580.889800	0.020142
580.889900	0.014496
580.890000	0.017700
580.890100	0.020142
580.890200	0.017700
580.890300	0.016174
580.890400	0.016632
580.890500	0.015411
580.890600	0.018616
580.890700	0.013885
580.890800	0.017090
580.890900	0.020752
580.891000	0.018921
580.891100	0.018921
580.891200	0.016632
580.891300	0.016785
580.891400	0.017548
580.891500	0.013885
580.891600	0.015411
580.891700	0.016174
580.891800	0.019989
580.891900	0.020447
580.892000	0.018768
580.892100	0.013275
580.892200	0.015564
580.892300	0.015717
580.892400	0.015259
580.892500	0.018921
580.892600	0.019531
580.892700	0.022125
580.892800	0.020905
580.892900	0.015717
580.893000	0.021210
580.893100	0.018921
580.893200	0.015259
580.893300	0.017090
580.893400	0.013885
580.893500	0.014801
580.893600	0.022736
580.893700	0.018921
580.893800	0.014343
580.893900	0.013428
580.894000	0.010529
580.894100	0.014801
580.894200	0.015564
580.894300	0.013428
580.894400	0.018005
580.894500	0.017853
580.894600	0.018158
580.894700	0.019073
580.894800	0.021973
580.894900	0.017548
580.895000	0.019073
580.895100	0.017395
580.895200	0.019226
580.895300	0.021973
580.895400	0.016022
580.895500	0.012054
580.895600	0.012665
580.895700	0.018463
580.895800	0.015869
580.895900	0.017090
580.896000	0.017242
580.896100	0.018158
580.896200	0.019531
580.896300	0.018158
580.896400	0.017242
580.896500	0.016785
580.896600	0.014038
580.896700	0.017395
580.896800	0.018311
580.896900	0.015106
580.897000	0.020447
580.897100	0.018463
580.897200	0.017395
580.897300	0.016479
580.897400	0.014801
580.897500	0.018768
580.897600	0.016785
580.897700	0.017853
580.897800	0.014954
580.897900	0.012512
580.898000	0.014191
580.898100	0.018463
580.898200	0.017853
580.898300	0.017853
580.898400	0.014496
580.898500	0.019073
580.898600	0.020599
580.898700	0.018005
580.898800	0.023804
580.898900	0.018616
580.899000	0.019226
580.899100	0.017395
580.899200	0.016937
580.899300	0.017090
580.899400	0.021057
580.899500	0.023193
580.899600	0.018005
580.899700	0.016022
580.899800	0.015564
580.899900	0.017548
580.900000	0.015411
580.900100	0.016022
580.900200	0.015259
580.900300	0.014801
580.900400	0.017853
580.900500	0.020447
580.900600	0.021515
580.900700	0.018616
580.900800	0.016174
580.900900	0.020905
580.901000	0.018311
580.901100	0.019379
580.901200	0.018158
580.901300	0.022125
580.901400	0.014496
580.901500	0.016632
580.901600	0.017700
580.901700	0.014954
580.901800	0.015717
580.901900	0.018768
580.902000	0.014954
580.902100	0.013123
580.902200	0.012207
580.902300	0.014496
580.902400	0.013885
580.902500	0.013123
580.902600	0.016022
580.902700	0.016174
580.902800	0.017242
580.902900	0.016937
580.903000	0.018005
580.903100	0.013123
580.903200	0.010834
580.903300	0.016022
580.903400	0.015106
580.903500	0.016022
580.903600	0.015564
580.903700	0.017395
580.903800	0.016632
580.903900	0.017090
580.904000	0.018311
580.904100	0.024109
580.904200	0.016479
580.904300	0.015259
580.904400	0.015411
580.904500	0.016632
580.904600	0.017090
580.904700	0.020142
580.904800	0.017090
580.904900	0.019379
580.905000	0.016785
580.905100	0.017548
580.905200	0.015259
580.905300	0.019073
580.905400	0.014648
580.905500	0.013733
580.905600	0.015564
580.905700	0.017090
580.905800	0.014954
580.905900	0.022278
580.906000	0.021515
580.906100	0.020294
580.906200	0.014648
580.906300	0.013428
580.906400	0.015564
580.906500	0.016022
580.906600	0.014801
580.906700	0.018005
580.906800	0.019073
580.906900	0.013580
580.907000	0.014038
580.907100	0.015564
580.907200	0.012360
580.907300	0.017700
580.907400	0.017395
580.907500	0.020599
580.907600	0.019989
580.907700	0.015717
580.907800	0.016327
580.907900	0.019073
580.908000	0.019379
580.908100	0.017548
580.908200	0.020599
580.908300	0.016174
580.908400	0.013428
580.908500	0.017548
580.908600	0.018921
580.908700	0.019531
580.908800	0.016632
580.908900	0.012512
580.909000	0.016632
580.909100	0.009003
580.909200	0.010986
580.909300	0.015869
580.909400	0.015564
580.909500	0.017700
580.909600	0.013275
580.909700	0.011292
580.909800	0.015106
580.909900	0.017090
580.910000	0.016785
580.910100	0.018616
580.910200	0.018158
580.910300	0.017090
580.910400	0.015106
580.910500	0.014954
580.910600	0.015411
580.910700	0.015259
580.910800	0.019531
580.910900	0.017090
580.911000	0.016174
580.911100	0.021057
580.911200	0.018311
580.911300	0.021362
580.911400	0.014648
580.911500	0.022736
580.911600	0.017090
580.911700	0.019531
580.911800	0.017700
580.911900	0.019989
580.912000	0.023346
580.912100	0.018921
580.912200	0.018921
580.912300	0.019073
580.912400	0.016479
580.912500	0.020447
580.912600	0.021515
580.912700	0.023346
580.912800	0.015717
580.912900	0.020447
580.913000	0.020599
580.913100	0.016785
580.913200	0.022736
580.913300	0.019989
580.913400	0.015411
580.913500	0.016479
580.913600	0.018921
580.913700	0.019684
580.913800	0.021973
580.913900	0.020599
580.914000	0.021820
580.914100	0.017700
580.914200	0.019226
580.914300	0.014343
580.914400	0.016327
580.914500	0.020447
580.914600	0.016479
580.914700	0.015259
580.914800	0.014648
580.914900	0.018921
580.915000	0.015564
580.915100	0.012360
580.915200	0.012360
