585.316100	0.007629
585.316200	0.008392
585.316300	0.007324
585.316400	0.010529
585.316500	0.009460
585.316600	0.010834
585.316700	0.010986
585.316800	0.008392
585.316900	0.007324
585.317000	0.005341
585.317100	0.003662
585.317200	0.007782
585.317300	0.007935
585.317400	0.005951
585.317500	0.008240
585.317600	0.004883
585.317700	0.008850
585.317800	0.009155
585.317900	0.010223
585.318000	0.005646
585.318100	0.014648
585.318200	0.009918
585.318300	0.006561
585.318400	0.008698
585.318500	0.010529
585.318600	0.011292
585.318700	0.010681
585.318800	0.011292
585.318900	0.010071
585.319000	0.010376
585.319100	0.009308
585.319200	0.007324
585.319300	0.007019
585.319400	0.010986
585.319500	0.007019
585.319600	0.010986
585.319700	0.006866
585.319800	0.003967
585.319900	0.005341
585.320000	0.005188
585.320100	0.012512
585.320200	0.012817
585.320300	0.013428
585.320400	0.007782
585.320500	0.010376
585.320600	0.014343
585.320700	0.008698
585.320800	0.007324
585.320900	0.010681
585.321000	0.008545
585.321100	0.008545
585.321200	0.009613
585.321300	0.010681
585.321400	0.012512
585.321500	0.013580
585.321600	0.009308
585.321700	0.011902
585.321800	0.008698
585.321900	0.007324
585.322000	0.009155
585.322100	0.005798
585.322200	0.011749
585.322300	0.011444
585.322400	0.008850
585.322500	0.008545
585.322600	0.006561
585.322700	0.012665
585.322800	0.013580
585.322900	0.006256
585.323000	0.007629
585.323100	0.008392
585.323200	0.005341
585.323300	0.010986
585.323400	0.007477
585.323500	0.011139
585.323600	0.006256
585.323700	0.009918
585.323800	0.007629
585.323900	-0.000305
585.324000	0.007019
585.324100	0.007172
585.324200	0.007324
585.324300	0.009918
585.324400	0.012360
585.324500	0.009613
585.324600	0.008545
585.324700	0.014038
585.324800	0.010529
585.324900	0.009613
585.325000	0.006866
585.325100	0.012207
585.325200	0.007324
585.325300	0.008392
585.325400	0.007172
585.325500	0.006561
585.325600	0.009155
585.325700	0.010376
585.325800	0.013428
585.325900	0.009155
585.326000	0.013580
585.326100	0.013580
585.326200	0.009918
585.326300	0.008850
585.326400	0.007935
585.326500	0.007629
585.326600	0.007324
585.326700	0.009613
585.326800	0.010376
585.326900	0.012207
585.327000	0.010529
585.327100	0.012054
585.327200	0.005646
585.327300	0.010986
585.327400	0.011292
585.327500	0.008087
585.327600	0.011139
585.327700	0.004730
585.327800	0.006104
585.327900	0.009155
585.328000	0.013275
585.328100	0.011749
585.328200	0.010376
585.328300	0.010529
585.328400	0.001068
585.328500	0.004730
585.328600	0.004425
585.328700	0.011444
585.328800	0.012665
585.328900	0.009308
585.329000	0.010681
585.329100	0.009308
585.329200	0.005493
585.329300	0.009613
585.329400	0.010376
585.329500	0.007935
585.329600	0.011749
585.329700	0.013275
585.329800	0.014801
585.329900	0.009155
585.330000	0.007172
585.330100	0.016479
585.330200	0.014191
585.330300	0.009918
585.330400	0.011902
585.330500	0.012054
585.330600	0.007019
585.330700	0.003662
585.330800	0.007019
585.330900	0.008698
585.331000	0.011902
585.331100	0.010223
585.331200	0.005493
585.331300	0.010223
585.331400	0.011139
585.331500	0.009766
585.331600	0.003662
585.331700	0.005493
585.331800	0.007629
585.331900	0.009003
585.332000	0.008392
585.332100	0.010376
585.332200	0.006409
585.332300	0.007629
585.332400	0.009308
585.332500	0.006256
585.332600	0.004883
585.332700	0.004120
585.332800	0.006256
585.332900	0.011597
585.333000	0.009460
585.333100	0.014343
585.333200	0.013123
585.333300	0.008087
585.333400	0.008850
585.333500	0.008087
585.333600	0.008545
585.333700	0.007019
585.333800	0.007629
585.333900	0.008087
585.334000	0.009460
585.334100	0.009613
585.334200	0.012360
585.334300	0.006561
585.334400	0.007782
585.334500	0.010071
585.334600	0.013580
585.334700	0.005646
585.334800	0.006866
585.334900	0.003815
585.335000	0.008240
585.335100	0.004425
585.335200	0.008545
585.335300	0.005951
585.335400	0.003357
585.335500	0.003967
585.335600	0.006104
585.335700	0.008545
585.335800	0.007019
585.335900	0.004425
585.336000	0.002747
585.336100	0.006104
585.336200	0.011139
585.336300	0.010681
585.336400	0.009155
585.336500	0.006561
585.336600	0.012360
585.336700	0.014038
585.336800	0.005493
585.336900	0.007477
585.337000	0.009308
585.337100	0.011749
585.337200	0.009155
585.337300	0.006409
585.337400	0.010834
585.337500	0.011597
585.337600	0.009918
585.337700	0.005035
585.337800	0.007324
585.337900	0.009613
585.338000	0.011597
585.338100	0.009613
585.338200	0.010376
585.338300	0.011902
585.338400	0.008392
585.338500	0.007324
585.338600	0.010376
585.338700	0.015564
585.338800	0.010529
585.338900	0.010071
585.339000	0.010529
585.339100	0.012665
585.339200	0.011292
585.339300	0.010529
585.339400	0.004883
585.339500	0.011139
585.339600	0.016327
585.339700	0.008240
585.339800	0.010681
585.339900	0.008240
585.340000	0.009003
585.340100	0.008392
585.340200	0.008545
585.340300	0.012665
585.340400	0.012512
585.340500	0.013275
585.340600	0.010834
585.340700	0.012054
585.340800	0.011292
585.340900	0.012817
585.341000	0.010223
585.341100	0.010071
585.341200	0.010834
585.341300	0.011444
585.341400	0.011597
585.341500	0.011139
585.341600	0.007324
585.341700	0.013428
585.341800	0.009460
585.341900	0.009155
585.342000	0.007935
585.342100	0.013428
585.342200	0.011749
585.342300	0.008545
585.342400	0.008850
585.342500	0.007782
585.342600	0.007782
585.342700	0.009613
585.342800	0.010376
585.342900	0.014496
585.343000	0.015106
585.343100	0.012207
585.343200	0.010376
585.343300	0.011139
585.343400	0.010986
585.343500	0.009766
585.343600	0.012512
585.343700	0.008392
585.343800	0.010529
585.343900	0.010529
585.344000	0.007324
585.344100	0.010071
585.344200	0.005798
585.344300	0.012054
585.344400	0.013733
585.344500	0.008087
585.344600	0.009308
585.344700	0.008087
585.344800	0.009155
585.344900	0.010071
585.345000	0.011749
585.345100	0.008087
585.345200	0.008392
585.345300	0.013580
585.345400	0.016327
585.345500	0.011444
585.345600	0.007019
585.345700	0.015869
585.345800	0.014496
585.345900	0.010681
585.346000	0.014038
585.346100	0.009003
585.346200	0.010376
585.346300	0.006866
585.346400	0.006256
585.346500	0.009155
585.346600	0.014801
585.346700	0.007935
585.346800	0.008240
585.346900	0.007019
585.347000	0.010834
585.347100	0.007172
585.347200	0.004578
585.347300	0.009308
585.347400	0.011749
585.347500	0.008240
585.347600	0.007019
585.347700	0.010071
585.347800	0.011597
585.347900	0.010376
585.348000	0.008087
585.348100	0.008392
585.348200	0.008698
585.348300	0.007782
585.348400	0.012817
585.348500	0.007019
585.348600	0.007019
585.348700	0.013123
585.348800	0.012817
585.348900	0.011902
585.349000	0.011597
585.349100	0.015411
585.349200	0.015411
585.349300	0.012817
585.349400	0.011749
585.349500	0.007477
585.349600	0.008392
585.349700	0.013275
585.349800	0.010376
585.349900	0.006866
585.350000	0.006104
585.350100	0.012054
585.350200	0.012665
585.350300	0.011749
585.350400	0.013733
585.350500	0.012054
585.350600	0.008240
585.350700	0.007782
585.350800	0.010834
585.350900	0.013580
585.351000	0.009003
585.351100	0.006866
585.351200	0.009155
585.351300	0.006256
585.351400	0.011597
585.351500	0.011444
585.351600	0.006714
585.351700	0.009766
585.351800	0.009155
585.351900	0.009155
585.352000	0.012360
585.352100	0.013885
585.352200	0.009460
585.352300	0.006409
585.352400	0.013275
585.352500	0.012970
585.352600	0.012207
585.352700	0.007172
585.352800	0.009460
585.352900	0.009613
585.353000	0.011139
585.353100	0.011444
585.353200	0.008850
585.353300	0.008545
585.353400	0.008087
585.353500	0.007477
585.353600	0.007629
585.353700	0.007019
585.353800	0.013580
585.353900	0.014191
585.354000	0.010223
585.354100	0.014191
585.354200	0.011749
585.354300	0.010071
585.354400	0.012360
585.354500	0.010681
585.354600	0.008392
585.354700	0.013123
585.354800	0.010986
585.354900	0.011597
585.355000	0.010223
585.355100	0.009308
585.355200	0.011597
585.355300	0.009766
585.355400	0.010681
585.355500	0.009613
585.355600	0.010986
585.355700	0.008545
585.355800	0.016785
585.355900	0.010376
585.356000	0.010529
585.356100	0.015869
585.356200	0.014496
585.356300	0.009460
585.356400	0.011292
585.356500	0.006561
585.356600	0.009003
585.356700	0.012512
585.356800	0.011749
585.356900	0.012360
585.357000	0.009003
585.357100	0.009155
585.357200	0.016632
585.357300	0.010376
585.357400	0.010376
585.357500	0.003510
585.357600	0.006256
585.357700	0.007935
585.357800	0.009003
585.357900	0.008240
585.358000	0.009308
585.358100	0.009766
585.358200	0.015411
585.358300	0.013123
585.358400	0.011902
585.358500	0.009003
585.358600	0.010071
585.358700	0.011139
585.358800	0.013580
585.358900	0.011902
585.359000	0.013428
585.359100	0.014191
585.359200	0.011597
585.359300	0.009613
585.359400	0.014648
585.359500	0.010071
585.359600	0.012817
585.359700	0.014191
585.359800	0.014496
585.359900	0.013580
585.360000	0.010834
585.360100	0.006409
585.360200	0.009918
585.360300	0.007019
585.360400	0.009003
585.360500	0.007935
585.360600	0.009613
585.360700	0.009918
585.360800	0.011902
585.360900	0.009766
585.361000	0.011444
585.361100	0.011597
585.361200	0.014191
585.361300	0.009918
585.361400	0.009003
585.361500	0.010376
585.361600	0.013275
585.361700	0.011902
585.361800	0.011444
585.361900	0.013885
585.362000	0.010529
585.362100	0.007935
585.362200	0.009003
585.362300	0.009155
585.362400	0.005035
585.362500	0.007324
585.362600	0.010376
585.362700	0.013580
585.362800	0.016022
585.362900	0.012512
585.363000	0.013733
585.363100	0.015869
585.363200	0.006104
585.363300	0.011597
585.363400	0.005951
585.363500	0.007782
585.363600	0.013428
585.363700	0.012054
585.363800	0.011444
585.363900	0.014801
585.364000	0.009613
585.364100	0.010529
585.364200	0.006409
585.364300	0.010071
585.364400	0.006866
585.364500	0.007629
585.364600	0.009155
585.364700	0.012054
585.364800	0.010681
585.364900	0.012970
585.365000	0.009308
585.365100	0.009308
585.365200	0.009155
585.365300	0.010681
585.365400	0.005188
585.365500	0.007324
585.365600	0.011597
585.365700	0.010376
585.365800	0.013123
585.365900	0.010223
585.366000	0.013123
585.366100	0.010223
585.366200	0.012207
585.366300	0.005798
585.366400	0.006866
585.366500	0.004120
585.366600	0.008545
585.366700	0.011749
585.366800	0.011902
585.366900	0.007172
585.367000	0.005951
585.367100	0.009460
585.367200	0.009918
585.367300	0.013885
585.367400	0.009308
585.367500	0.011444
585.367600	0.011139
585.367700	0.012207
585.367800	0.014038
585.367900	0.013428
585.368000	0.009308
585.368100	0.010223
585.368200	0.012665
585.368300	0.012207
585.368400	0.006104
585.368500	0.011597
585.368600	0.008698
585.368700	0.007019
585.368800	0.007782
585.368900	0.005646
585.369000	0.002899
585.369100	0.006256
585.369200	0.007324
585.369300	0.010681
585.369400	0.008087
585.369500	0.005035
585.369600	0.009003
