432.944900	0.033875
432.945000	0.032501
432.945100	0.026550
432.945200	0.025482
432.945300	0.023956
432.945400	0.012817
432.945500	0.016022
432.945600	0.019379
432.945700	0.019379
432.945800	0.023041
432.945900	0.022888
432.946000	0.024567
432.946100	0.026398
432.946200	0.023956
432.946300	0.025787
432.946400	0.026245
432.946500	0.025482
432.946600	0.030060
432.946700	0.048676
432.946800	0.103760
432.946900	0.199738
432.947000	0.345459
432.947100	0.500183
432.947200	0.576477
432.947300	0.570526
432.947400	0.517578
432.947500	0.413818
432.947600	0.239716
432.947700	0.025482
432.947800	-0.207825
432.947900	-0.386200
432.948000	-0.501709
432.948100	-0.574341
432.948200	-0.600433
432.948300	-0.559845
432.948400	-0.428772
432.948500	-0.266876
432.948600	-0.137634
432.948700	-0.041809
432.948800	-0.002747
432.948900	0.019073
432.949000	0.023651
432.949100	0.031433
432.949200	0.025940
432.949300	0.027161
432.949400	0.023346
432.949500	0.025330
432.949600	0.022583
432.949700	0.019989
432.949800	0.018616
432.949900	0.016022
432.950000	0.017700
432.950100	0.018921
432.950200	0.027008
432.950300	0.037994
432.950400	0.037537
432.950500	0.045624
432.950600	0.040283
432.950700	0.041656
432.950800	0.035095
432.950900	0.026245
432.951000	0.016174
432.951100	0.013275
432.951200	0.010681
432.951300	0.010834
432.951400	0.006866
432.951500	0.010529
432.951600	0.008698
432.951700	0.014648
432.951800	0.010071
432.951900	0.013580
432.952000	0.009613
432.952100	0.018921
432.952200	0.027313
432.952300	0.026703
432.952400	0.030823
432.952500	0.033112
432.952600	0.033722
432.952700	0.024109
432.952800	0.020447
432.952900	0.015411
432.953000	0.014496
432.953100	0.020905
432.953200	0.026093
432.953300	0.043030
432.953400	0.063019
432.953500	0.068970
432.953600	0.070190
432.953700	0.069122
432.953800	0.062714
432.953900	0.057373
432.954000	0.066376
432.954100	0.137024
432.954200	0.282135
432.954300	0.520477
432.954400	0.875397
432.954500	1.142883
432.954600	1.247253
432.954700	1.315155
432.954800	1.391602
432.954900	1.333008
432.955000	0.949249
432.955100	0.354767
432.955200	-0.281525
432.955300	-0.914917
432.955400	-1.347351
432.955500	-1.404724
432.955600	-1.251221
432.955700	-1.054840
432.955800	-0.589294
432.955900	0.000000
432.956000	0.797882
432.956100	1.803436
432.956200	2.897491
432.956300	3.681641
432.956400	3.816681
432.956500	3.446655
432.956600	2.656708
432.956700	1.397095
432.956800	-0.033875
432.956900	-1.516113
432.957000	-2.953033
432.957100	-3.916779
432.957200	-4.252319
432.957300	-4.048615
432.957400	-3.563080
432.957500	-2.843933
432.957600	-1.902618
432.957700	-1.218719
432.957800	-0.474701
432.957900	-0.190735
432.958000	-0.106354
432.958100	-0.135803
432.958200	-0.212555
432.958300	-0.254364
432.958400	-0.258331
432.958500	-0.243683
432.958600	-0.226288
432.958700	-0.209961
432.958800	-0.154419
432.958900	-0.079041
432.959000	-0.008240
432.959100	0.039978
432.959200	0.074158
432.959300	0.086212
432.959400	0.108032
432.959500	0.123291
432.959600	0.157776
432.959700	0.181274
432.959800	0.192871
432.959900	0.193176
432.960000	0.190887
432.960100	0.162048
432.960200	0.119324
432.960300	0.079193
432.960400	0.033569
432.960500	-0.001526
432.960600	-0.034180
432.960700	-0.058289
432.960800	-0.067596
432.960900	-0.060883
432.961000	-0.038452
432.961100	-0.012665
432.961200	0.019531
432.961300	0.046692
432.961400	0.063019
432.961500	0.076141
432.961600	0.075378
432.961700	0.084534
432.961800	0.083771
432.961900	0.086670
432.962000	0.086212
432.962100	0.086975
432.962200	0.083160
432.962300	0.080566
432.962400	0.072479
432.962500	0.077820
432.962600	0.073700
432.962700	0.073090
432.962800	0.071106
432.962900	0.066833
432.963000	0.057220
432.963100	0.057220
432.963200	0.054169
432.963300	0.053101
432.963400	0.055542
432.963500	0.090179
432.963600	0.166016
432.963700	0.289764
432.963800	0.467834
432.963900	0.655823
432.964000	0.767670
432.964100	0.760651
432.964200	0.667419
432.964300	0.503845
432.964400	0.293579
432.964500	0.070190
432.964600	-0.187378
432.964700	-0.413361
432.964800	-0.605774
432.964900	-0.752411
432.965000	-0.826263
432.965100	-0.824432
432.965200	-0.706787
432.965300	-0.502014
432.965400	-0.304871
432.965500	-0.160522
432.965600	-0.070496
432.965700	-0.010986
432.965800	0.030060
432.965900	0.045776
432.966000	0.062256
432.966100	0.073395
432.966200	0.072327
432.966300	0.069122
432.966400	0.066833
432.966500	0.060883
432.966600	0.060425
432.966700	0.051727
432.966800	0.048065
432.966900	0.057373
432.967000	0.061340
432.967100	0.067444
432.967200	0.069580
432.967300	0.072937
432.967400	0.082855
432.967500	0.097504
432.967600	0.110321
432.967700	0.125275
432.967800	0.134277
432.967900	0.134735
432.968000	0.124359
432.968100	0.115814
432.968200	0.097351
432.968300	0.079956
432.968400	0.048065
432.968500	0.031128
432.968600	0.018463
432.968700	0.024872
432.968800	0.058594
432.968900	0.118408
432.969000	0.158997
432.969100	0.193176
432.969200	0.207672
432.969300	0.202637
432.969400	0.155029
432.969500	0.065460
432.969600	-0.039673
432.969700	-0.130920
432.969800	-0.177917
432.969900	-0.196686
432.970000	-0.202179
432.970100	-0.173950
432.970200	-0.122833
432.970300	-0.058594
432.970400	-0.008240
432.970500	0.020294
432.970600	0.033722
432.970700	0.045471
432.970800	0.044403
432.970900	0.043488
432.971000	0.042877
432.971100	0.050507
432.971200	0.060272
432.971300	0.076447
432.971400	0.115204
432.971500	0.181580
432.971600	0.260315
432.971700	0.339966
432.971800	0.386200
432.971900	0.388336
432.972000	0.355682
432.972100	0.320740
432.972200	0.288849
432.972300	0.280457
432.972400	0.305176
432.972500	0.345459
432.972600	0.376282
432.972700	0.373383
432.972800	0.341492
432.972900	0.263672
432.973000	0.150146
432.973100	-0.025330
432.973200	-0.214844
432.973300	-0.377808
432.973400	-0.519867
432.973500	-0.615540
432.973600	-0.660553
432.973700	-0.656128
432.973800	-0.607300
432.973900	-0.527344
432.974000	-0.411987
432.974100	-0.272675
432.974200	-0.145111
432.974300	-0.053864
432.974400	0.005035
432.974500	0.030365
432.974600	0.047302
432.974700	0.053558
432.974800	0.053253
432.974900	0.051117
432.975000	0.047302
432.975100	0.045624
432.975200	0.047302
432.975300	0.055237
432.975400	0.092926
432.975500	0.174561
432.975600	0.310822
432.975700	0.530243
432.975800	0.817871
432.975900	1.069031
432.976000	1.214600
432.976100	1.316986
432.976200	1.449738
432.976300	1.585693
432.976400	1.576691
432.976500	1.359558
432.976600	1.033630
432.976700	0.625763
432.976800	0.097809
432.976900	-0.522766
432.977000	-1.064301
432.977100	-1.509094
432.977200	-1.817474
432.977300	-1.973267
432.977400	-1.910706
432.977500	-1.644897
432.977600	-1.309204
432.977700	-0.984497
432.977800	-0.605164
432.977900	-0.345764
432.978000	-0.177917
432.978100	-0.099030
432.978200	-0.059662
432.978300	-0.032196
432.978400	-0.006104
432.978500	0.045776
432.978600	0.116272
432.978700	0.216522
432.978800	0.350952
432.978900	0.477905
432.979000	0.512238
432.979100	0.489807
432.979200	0.427399
432.979300	0.338593
432.979400	0.238495
432.979500	0.129852
432.979600	0.020905
432.979700	-0.090179
432.979800	-0.196686
432.979900	-0.291138
432.980000	-0.364685
432.980100	-0.420837
432.980200	-0.457153
432.980300	-0.445557
432.980400	-0.361938
432.980500	-0.246277
432.980600	-0.126801
432.980700	-0.029297
432.980800	0.070801
432.980900	0.192719
432.981000	0.359650
432.981100	0.629272
432.981200	0.955048
432.981300	1.146088
432.981400	1.144409
432.981500	1.055298
432.981600	0.915527
432.981700	0.723572
432.981800	0.458069
432.981900	0.127869
432.982000	-0.221558
432.982100	-0.540466
432.982200	-0.788727
432.982300	-0.953979
432.982400	-1.065674
432.982500	-1.146088
432.982600	-1.180420
432.982700	-1.007843
432.982800	-0.673218
432.982900	-0.388031
432.983000	-0.188904
432.983100	-0.052643
432.983200	0.022888
432.983300	0.050049
432.983400	0.058899
432.983500	0.057983
432.983600	0.058594
432.983700	0.052032
432.983800	0.059357
432.983900	0.096588
432.984000	0.181122
432.984100	0.333405
432.984200	0.583038
432.984300	0.917358
432.984400	1.145172
432.984500	1.213684
432.984600	1.257019
432.984700	1.332397
432.984800	1.313782
432.984900	0.997620
432.985000	0.453949
432.985100	-0.147552
432.985200	-0.760345
432.985300	-1.164398
432.985400	-1.322784
432.985500	-1.287994
432.985600	-1.254730
432.985700	-1.240082
432.985800	-1.199188
432.985900	-0.802765
432.986000	-0.442200
432.986100	-0.210571
432.986200	-0.063934
432.986300	0.021667
432.986400	0.054932
432.986500	0.063477
432.986600	0.068359
432.986700	0.069122
432.986800	0.063782
432.986900	0.057678
432.987000	0.052490
432.987100	0.053406
432.987200	0.054016
432.987300	0.049896
432.987400	0.047302
432.987500	0.045319
432.987600	0.055695
432.987700	0.057373
432.987800	0.060730
432.987900	0.053864
432.988000	0.056610
432.988100	0.055847
432.988200	0.055237
432.988300	0.056610
432.988400	0.054626
432.988500	0.064850
432.988600	0.081940
432.988700	0.103760
432.988800	0.128021
432.988900	0.141144
432.989000	0.140381
432.989100	0.132751
432.989200	0.108337
432.989300	0.068054
432.989400	0.023041
432.989500	-0.016937
432.989600	-0.031128
432.989700	-0.031433
432.989800	-0.008545
432.989900	0.048523
432.990000	0.135956
432.990100	0.259857
432.990200	0.446167
432.990300	0.679321
432.990400	0.788574
432.990500	0.789490
432.990600	0.780182
432.990700	0.792389
432.990800	0.798340
432.990900	0.637207
432.991000	0.342255
432.991100	0.043640
432.991200	-0.264130
432.991300	-0.591736
432.991400	-0.807953
432.991500	-0.833740
432.991600	-0.800018
432.991700	-0.768585
432.991800	-0.783234
432.991900	-0.737762
432.992000	-0.530243
432.992100	-0.331421
432.992200	-0.182648
432.992300	-0.073547
432.992400	-0.005798
432.992500	0.023346
432.992600	0.032806
432.992700	0.037689
432.992800	0.041656
432.992900	0.041046
432.993000	0.051727
432.993100	0.051117
432.993200	0.052490
432.993300	0.052185
432.993400	0.054932
432.993500	0.051575
432.993600	0.041962
432.993700	0.029602
432.993800	0.018768
432.993900	0.014496
432.994000	0.027924
432.994100	0.059357
432.994200	0.113220
432.994300	0.199432
432.994400	0.310211
432.994500	0.384979
432.994600	0.391541
432.994700	0.353699
432.994800	0.294342
432.994900	0.222931
432.995000	0.135803
432.995100	0.041962
432.995200	-0.054321
432.995300	-0.155640
432.995400	-0.236816
432.995500	-0.289459
432.995600	-0.329895
432.995700	-0.336304
432.995800	-0.308533
432.995900	-0.228882
432.996000	-0.135345
432.996100	-0.053253
432.996200	0.002289
432.996300	0.033722
432.996400	0.038910
432.996500	0.030823
432.996600	0.029297
432.996700	0.027466
432.996800	0.018158
432.996900	0.022888
432.997000	0.026855
432.997100	0.027161
432.997200	0.028992
432.997300	0.030975
432.997400	0.034637
432.997500	0.036926
432.997600	0.038300
432.997700	0.038300
432.997800	0.039978
432.997900	0.041504
432.998000	0.042267
432.998100	0.039062
432.998200	0.034027
432.998300	0.040283
432.998400	0.037842
