565.962500	0.009460
565.962600	0.008545
565.962700	0.012665
565.962800	0.013123
565.962900	0.009766
565.963000	0.006714
565.963100	0.009766
565.963200	0.007782
565.963300	0.006409
565.963400	0.005493
565.963500	0.007629
565.963600	0.009766
565.963700	0.009918
565.963800	0.008698
565.963900	0.006561
565.964000	0.009003
565.964100	0.007629
565.964200	0.009155
565.964300	0.007782
565.964400	0.009766
565.964500	0.010529
565.964600	0.008087
565.964700	0.010529
565.964800	0.010529
565.964900	0.012817
565.965000	0.012360
565.965100	0.012207
565.965200	0.011902
565.965300	0.007324
565.965400	0.007019
565.965500	0.009308
565.965600	0.008240
565.965700	0.007629
565.965800	0.006866
565.965900	0.008240
565.966000	0.006561
565.966100	0.005341
565.966200	0.008850
565.966300	0.011139
565.966400	0.012512
565.966500	0.010223
565.966600	0.014648
565.966700	0.015564
565.966800	0.013123
565.966900	0.013733
565.967000	0.013885
565.967100	0.008240
565.967200	0.007782
565.967300	0.008545
565.967400	0.010529
565.967500	0.009613
565.967600	0.008087
565.967700	0.008545
565.967800	0.007477
565.967900	0.006256
565.968000	0.007019
565.968100	0.009460
565.968200	0.006409
565.968300	0.011597
565.968400	0.008545
565.968500	0.006104
565.968600	0.009003
565.968700	0.012054
565.968800	0.011292
565.968900	0.010071
565.969000	0.011749
565.969100	0.011597
565.969200	0.009308
565.969300	0.008240
565.969400	0.009155
565.969500	0.009460
565.969600	0.008240
565.969700	0.008087
565.969800	0.009003
565.969900	0.009613
565.970000	0.013123
565.970100	0.012512
565.970200	0.009003
565.970300	0.011444
565.970400	0.011292
565.970500	0.008545
565.970600	0.008545
565.970700	0.009766
565.970800	0.012054
565.970900	0.007782
565.971000	0.010376
565.971100	0.005646
565.971200	0.010529
565.971300	0.011597
565.971400	0.008240
565.971500	0.002441
565.971600	0.006104
565.971700	0.009766
565.971800	0.008240
565.971900	0.007629
565.972000	0.008545
565.972100	0.008545
565.972200	0.006866
565.972300	0.005188
565.972400	0.006866
565.972500	0.011902
565.972600	0.005951
565.972700	0.010376
565.972800	0.012817
565.972900	0.012054
565.973000	0.011902
565.973100	0.010986
565.973200	0.006561
565.973300	0.006714
565.973400	0.006561
565.973500	0.015717
565.973600	0.013733
565.973700	0.008240
565.973800	0.010071
565.973900	0.010986
565.974000	0.013885
565.974100	0.010986
565.974200	0.010529
565.974300	0.009003
565.974400	0.009766
565.974500	0.009766
565.974600	0.009766
565.974700	0.008240
565.974800	0.006866
565.974900	0.005951
565.975000	0.005951
565.975100	0.007172
565.975200	0.015411
565.975300	0.007782
565.975400	0.004272
565.975500	0.011902
565.975600	0.010834
565.975700	0.011292
565.975800	0.009460
565.975900	0.012665
565.976000	0.010834
565.976100	0.007782
565.976200	0.009766
565.976300	0.009155
565.976400	0.006866
565.976500	0.011139
565.976600	0.005798
565.976700	0.009766
565.976800	0.008240
565.976900	0.008240
565.977000	0.009766
565.977100	0.008850
565.977200	0.010071
565.977300	0.011139
565.977400	0.008240
565.977500	0.006866
565.977600	0.009155
565.977700	0.011139
565.977800	0.008545
565.977900	0.008545
565.978000	0.006714
565.978100	0.004425
565.978200	0.006561
565.978300	0.009460
565.978400	0.010681
565.978500	0.011292
565.978600	0.009918
565.978700	0.009766
565.978800	0.009003
565.978900	0.009918
565.979000	0.008698
565.979100	0.008240
565.979200	0.009460
565.979300	0.008698
565.979400	0.009308
565.979500	0.009155
565.979600	0.007782
565.979700	0.010986
565.979800	0.006866
565.979900	0.009155
565.980000	0.009918
565.980100	0.006409
565.980200	0.009155
565.980300	0.010834
565.980400	0.008240
565.980500	0.007019
565.980600	0.005493
565.980700	0.008850
565.980800	0.006104
565.980900	0.010681
565.981000	0.007782
565.981100	0.009460
565.981200	0.003967
565.981300	0.008850
565.981400	0.005493
565.981500	0.004425
565.981600	0.004272
565.981700	0.010376
565.981800	0.011292
565.981900	0.010223
565.982000	0.008240
565.982100	0.007935
565.982200	0.014954
565.982300	0.011444
565.982400	0.007172
565.982500	0.012817
565.982600	0.009155
565.982700	0.014038
565.982800	0.008392
565.982900	0.007477
565.983000	0.011292
565.983100	0.012054
565.983200	0.010986
565.983300	0.009460
565.983400	0.007019
565.983500	0.005493
565.983600	0.010071
565.983700	0.009766
565.983800	0.010376
565.983900	0.014343
565.984000	0.012207
565.984100	0.011597
565.984200	0.011292
565.984300	0.008087
565.984400	0.011749
565.984500	0.011139
565.984600	0.011749
565.984700	0.011749
565.984800	0.009308
565.984900	0.011597
565.985000	0.010529
565.985100	0.011597
565.985200	0.011902
565.985300	0.010986
565.985400	0.007324
565.985500	0.011902
565.985600	0.010071
565.985700	0.015717
565.985800	0.014343
565.985900	0.009613
565.986000	0.010529
565.986100	0.013428
565.986200	0.017548
565.986300	0.018005
565.986400	0.017395
565.986500	0.016174
565.986600	0.010986
565.986700	0.013123
565.986800	0.008545
565.986900	0.010376
565.987000	0.008545
565.987100	0.010986
565.987200	0.012360
565.987300	0.007782
565.987400	0.009308
565.987500	0.011292
565.987600	0.009308
565.987700	0.010376
565.987800	0.015564
565.987900	0.016479
565.988000	0.014343
565.988100	0.009766
565.988200	0.017548
565.988300	0.014038
565.988400	0.014801
565.988500	0.015411
565.988600	0.011597
565.988700	0.015106
565.988800	0.013275
565.988900	0.012054
565.989000	0.009766
565.989100	0.011902
565.989200	0.011139
565.989300	0.009460
565.989400	0.015869
565.989500	0.006104
565.989600	0.009918
565.989700	0.007477
565.989800	0.007019
565.989900	0.011444
565.990000	0.007935
565.990100	0.010376
565.990200	0.012207
565.990300	0.013733
565.990400	0.009308
565.990500	0.005493
565.990600	0.007629
565.990700	0.009155
565.990800	0.010834
565.990900	0.012207
565.991000	0.017853
565.991100	0.011444
565.991200	0.010986
565.991300	0.011902
565.991400	0.009766
565.991500	0.014191
565.991600	0.010834
565.991700	0.011597
565.991800	0.012360
565.991900	0.014191
565.992000	0.015717
565.992100	0.012817
565.992200	0.010376
565.992300	0.010986
565.992400	0.011597
565.992500	0.009003
565.992600	0.015259
565.992700	0.011292
565.992800	0.013580
565.992900	0.010986
565.993000	0.011139
565.993100	0.012512
565.993200	0.009918
565.993300	0.011597
565.993400	0.010834
565.993500	0.014954
565.993600	0.013275
565.993700	0.012512
565.993800	0.012817
565.993900	0.008240
565.994000	0.012970
565.994100	0.011292
565.994200	0.008850
565.994300	0.013123
565.994400	0.014038
565.994500	0.012970
565.994600	0.012360
565.994700	0.012970
565.994800	0.015411
565.994900	0.008698
565.995000	0.010223
565.995100	0.012054
565.995200	0.012512
565.995300	0.009918
565.995400	0.011902
565.995500	0.012360
565.995600	0.009003
565.995700	0.015411
565.995800	0.015106
565.995900	0.012665
565.996000	0.009918
565.996100	0.005341
565.996200	0.014343
565.996300	0.012207
565.996400	0.005493
565.996500	0.006866
565.996600	0.011902
565.996700	0.008698
565.996800	0.007782
565.996900	0.007935
565.997000	0.006714
565.997100	0.009613
565.997200	0.008240
565.997300	0.009003
565.997400	0.010376
565.997500	0.012207
565.997600	0.012665
565.997700	0.016174
565.997800	0.009613
565.997900	0.012207
565.998000	0.015717
565.998100	0.012665
565.998200	0.009613
565.998300	0.011749
565.998400	0.011292
565.998500	0.010986
565.998600	0.013428
565.998700	0.011597
565.998800	0.005951
565.998900	0.010681
565.999000	0.011292
565.999100	0.010071
565.999200	0.014343
565.999300	0.014038
565.999400	0.012207
565.999500	0.013123
565.999600	0.014648
565.999700	0.011749
565.999800	0.013733
565.999900	0.006866
566.000000	0.013733
566.000100	0.007782
566.000200	0.010529
566.000300	0.010376
566.000400	0.017090
566.000500	0.016785
566.000600	0.008545
566.000700	0.005646
566.000800	0.009460
566.000900	0.011139
566.001000	0.011292
566.001100	0.009460
566.001200	0.006866
566.001300	0.007477
566.001400	0.008698
566.001500	0.010071
566.001600	0.013885
566.001700	0.009766
566.001800	0.009460
566.001900	0.010986
566.002000	0.008392
566.002100	0.012512
566.002200	0.008545
566.002300	0.015869
566.002400	0.010681
566.002500	0.010529
566.002600	0.013123
566.002700	0.014038
566.002800	0.011292
566.002900	0.017700
566.003000	0.014648
566.003100	0.015717
566.003200	0.009155
566.003300	0.009308
566.003400	0.015869
566.003500	0.010376
566.003600	0.012817
566.003700	0.017242
566.003800	0.016022
566.003900	0.014191
566.004000	0.010376
566.004100	0.011292
566.004200	0.014343
566.004300	0.010986
566.004400	0.008545
566.004500	0.013275
566.004600	0.016785
566.004700	0.011292
566.004800	0.010223
566.004900	0.012207
566.005000	0.011444
566.005100	0.007477
566.005200	0.009003
566.005300	0.011444
566.005400	0.013428
566.005500	0.015106
566.005600	0.012817
566.005700	0.013428
566.005800	0.009613
566.005900	0.008240
566.006000	0.015411
566.006100	0.014343
566.006200	0.014496
566.006300	0.010376
566.006400	0.014801
566.006500	0.008087
566.006600	0.008850
566.006700	0.008850
566.006800	0.010376
566.006900	0.011902
566.007000	0.011749
566.007100	0.013733
566.007200	0.012207
566.007300	0.010529
566.007400	0.012817
566.007500	0.012665
566.007600	0.010834
566.007700	0.009460
566.007800	0.012360
566.007900	0.014954
566.008000	0.010223
566.008100	0.010376
566.008200	0.014191
566.008300	0.012817
566.008400	0.014648
566.008500	0.009460
566.008600	0.013275
566.008700	0.011444
566.008800	0.011139
566.008900	0.016022
566.009000	0.013580
566.009100	0.015259
566.009200	0.013580
566.009300	0.012665
566.009400	0.010986
566.009500	0.012512
566.009600	0.015106
566.009700	0.008850
566.009800	0.008545
566.009900	0.012054
566.010000	0.013123
566.010100	0.010223
566.010200	0.012817
566.010300	0.015869
566.010400	0.013580
566.010500	0.010986
566.010600	0.016632
566.010700	0.009613
566.010800	0.009918
566.010900	0.013123
566.011000	0.009155
566.011100	0.009766
566.011200	0.011749
566.011300	0.010681
566.011400	0.010986
566.011500	0.005798
566.011600	0.010681
566.011700	0.009918
566.011800	0.012665
566.011900	0.013275
566.012000	0.014343
566.012100	0.012054
566.012200	0.009766
566.012300	0.013733
566.012400	0.017395
566.012500	0.013885
566.012600	0.014648
566.012700	0.012970
566.012800	0.015411
566.012900	0.011597
566.013000	0.009613
566.013100	0.005188
566.013200	0.014191
566.013300	0.012817
566.013400	0.009003
566.013500	0.009918
566.013600	0.011292
566.013700	0.013428
566.013800	0.010376
566.013900	0.007782
566.014000	0.009918
566.014100	0.009766
566.014200	0.009918
566.014300	0.009003
566.014400	0.009155
566.014500	0.010681
566.014600	0.009003
566.014700	0.011597
566.014800	0.007782
566.014900	0.010986
566.015000	0.011292
566.015100	0.009308
566.015200	0.010223
566.015300	0.006104
566.015400	0.009155
566.015500	0.011444
566.015600	0.013580
566.015700	0.012512
566.015800	0.012207
566.015900	0.016937
566.016000	0.011292
