544.919300	0.030060
544.919400	0.036926
544.919500	0.030823
544.919600	0.028687
544.919700	0.032959
544.919800	0.032654
544.919900	0.033264
544.920000	0.028381
544.920100	0.031128
544.920200	0.030212
544.920300	0.030365
544.920400	0.034180
544.920500	0.029755
544.920600	0.028839
544.920700	0.029602
544.920800	0.036163
544.920900	0.031738
544.921000	0.026550
544.921100	0.031433
544.921200	0.030823
544.921300	0.031128
544.921400	0.032959
544.921500	0.030975
544.921600	0.032196
544.921700	0.028839
544.921800	0.030518
544.921900	0.031738
544.922000	0.036011
544.922100	0.032959
544.922200	0.031128
544.922300	0.027924
544.922400	0.032959
544.922500	0.031433
544.922600	0.033264
544.922700	0.032349
544.922800	0.030365
544.922900	0.028076
544.923000	0.031281
544.923100	0.029297
544.923200	0.033112
544.923300	0.034943
544.923400	0.029602
544.923500	0.035553
544.923600	0.032959
544.923700	0.033417
544.923800	0.031281
544.923900	0.030975
544.924000	0.031281
544.924100	0.032959
544.924200	0.029755
544.924300	0.024261
544.924400	0.027313
544.924500	0.030670
544.924600	0.035400
544.924700	0.031891
544.924800	0.032501
544.924900	0.025330
544.925000	0.026703
544.925100	0.029449
544.925200	0.023651
544.925300	0.028687
544.925400	0.025940
544.925500	0.029907
544.925600	0.027771
544.925700	0.029449
544.925800	0.035095
544.925900	0.029602
544.926000	0.026550
544.926100	0.028534
544.926200	0.030212
544.926300	0.032501
544.926400	0.031738
544.926500	0.031281
544.926600	0.025635
544.926700	0.028229
544.926800	0.028229
544.926900	0.026550
544.927000	0.026550
544.927100	0.036163
544.927200	0.027618
544.927300	0.029449
544.927400	0.027924
544.927500	0.028381
544.927600	0.029297
544.927700	0.027466
544.927800	0.033112
544.927900	0.029297
544.928000	0.028992
544.928100	0.031433
544.928200	0.029602
544.928300	0.030975
544.928400	0.027771
544.928500	0.028076
544.928600	0.027924
544.928700	0.028381
544.928800	0.026398
544.928900	0.026703
544.929000	0.036774
544.929100	0.031128
544.929200	0.031281
544.929300	0.034332
544.929400	0.030823
544.929500	0.033112
544.929600	0.028076
544.929700	0.030823
544.929800	0.030060
544.929900	0.030975
544.930000	0.028992
544.930100	0.029907
544.930200	0.029602
544.930300	0.031433
544.930400	0.026398
544.930500	0.029602
544.930600	0.030975
544.930700	0.029297
544.930800	0.027008
544.930900	0.023651
544.931000	0.029449
544.931100	0.026550
544.931200	0.028839
544.931300	0.028687
544.931400	0.033569
544.931500	0.035400
544.931600	0.031433
544.931700	0.029144
544.931800	0.033722
544.931900	0.030365
544.932000	0.029144
544.932100	0.028381
544.932200	0.028076
544.932300	0.032043
544.932400	0.034180
544.932500	0.035248
544.932600	0.027313
544.932700	0.028992
544.932800	0.028076
544.932900	0.031586
544.933000	0.033875
544.933100	0.034332
544.933200	0.028534
544.933300	0.030365
544.933400	0.032349
544.933500	0.032196
544.933600	0.035095
544.933700	0.029907
544.933800	0.032196
544.933900	0.033722
544.934000	0.029755
544.934100	0.034943
544.934200	0.038300
544.934300	0.035400
544.934400	0.034180
544.934500	0.028229
544.934600	0.029297
544.934700	0.031891
544.934800	0.031891
544.934900	0.030823
544.935000	0.034637
544.935100	0.029907
544.935200	0.033569
544.935300	0.032501
544.935400	0.036926
544.935500	0.037231
544.935600	0.040131
544.935700	0.036163
544.935800	0.037384
544.935900	0.033875
544.936000	0.031738
544.936100	0.032806
544.936200	0.036163
544.936300	0.030823
544.936400	0.027618
544.936500	0.030212
544.936600	0.032043
544.936700	0.032501
544.936800	0.038757
544.936900	0.029144
544.937000	0.030518
544.937100	0.028992
544.937200	0.030670
544.937300	0.030365
544.937400	0.033569
544.937500	0.032196
544.937600	0.026398
544.937700	0.034790
544.937800	0.030060
544.937900	0.031128
544.938000	0.032349
544.938100	0.030365
544.938200	0.028534
544.938300	0.028076
544.938400	0.027771
544.938500	0.029755
544.938600	0.033112
544.938700	0.027618
544.938800	0.032806
544.938900	0.035095
544.939000	0.030823
544.939100	0.025940
544.939200	0.030060
544.939300	0.032349
544.939400	0.028687
544.939500	0.030823
544.939600	0.029907
544.939700	0.030975
544.939800	0.030518
544.939900	0.031433
544.940000	0.029144
544.940100	0.033112
544.940200	0.037079
544.940300	0.034027
544.940400	0.033875
544.940500	0.031738
544.940600	0.029297
544.940700	0.031281
544.940800	0.034943
544.940900	0.032349
544.941000	0.032349
544.941100	0.034180
544.941200	0.031433
544.941300	0.032501
544.941400	0.033875
544.941500	0.030975
544.941600	0.030518
544.941700	0.031891
544.941800	0.036774
544.941900	0.036011
544.942000	0.034332
544.942100	0.031891
544.942200	0.032349
544.942300	0.035095
544.942400	0.030212
544.942500	0.030518
544.942600	0.032043
544.942700	0.033569
544.942800	0.030212
544.942900	0.034180
544.943000	0.031128
544.943100	0.036316
544.943200	0.032501
544.943300	0.025635
544.943400	0.026550
544.943500	0.032806
544.943600	0.034943
544.943700	0.027466
544.943800	0.032196
544.943900	0.032654
544.944000	0.028229
544.944100	0.029907
544.944200	0.030975
544.944300	0.031738
544.944400	0.026550
544.944500	0.029602
544.944600	0.032349
544.944700	0.033417
544.944800	0.031281
544.944900	0.032654
544.945000	0.032654
544.945100	0.037842
544.945200	0.031738
544.945300	0.032501
544.945400	0.028381
544.945500	0.028381
544.945600	0.031586
544.945700	0.033264
544.945800	0.033875
544.945900	0.035553
544.946000	0.036774
544.946100	0.033722
544.946200	0.034637
544.946300	0.029602
544.946400	0.036774
544.946500	0.029602
544.946600	0.030975
544.946700	0.029602
544.946800	0.033112
544.946900	0.034790
544.947000	0.031433
544.947100	0.029144
544.947200	0.034485
544.947300	0.032349
544.947400	0.032654
544.947500	0.032654
544.947600	0.030518
544.947700	0.031128
544.947800	0.028687
544.947900	0.034332
544.948000	0.032501
544.948100	0.033112
544.948200	0.030975
544.948300	0.030975
544.948400	0.036621
544.948500	0.029755
544.948600	0.029449
544.948700	0.028381
544.948800	0.033112
544.948900	0.030212
544.949000	0.029755
544.949100	0.032196
544.949200	0.027618
544.949300	0.030670
544.949400	0.035400
544.949500	0.031586
544.949600	0.030975
544.949700	0.030212
544.949800	0.028534
544.949900	0.032959
544.950000	0.034332
544.950100	0.032501
544.950200	0.031891
544.950300	0.032043
544.950400	0.033569
544.950500	0.028229
544.950600	0.031128
544.950700	0.031586
544.950800	0.035400
544.950900	0.031738
544.951000	0.034332
544.951100	0.033112
544.951200	0.028687
544.951300	0.032349
544.951400	0.033112
544.951500	0.027313
544.951600	0.033264
544.951700	0.032806
544.951800	0.033569
544.951900	0.033417
544.952000	0.035400
544.952100	0.033112
544.952200	0.030823
544.952300	0.024567
544.952400	0.034485
544.952500	0.037537
544.952600	0.033722
544.952700	0.032501
544.952800	0.034027
544.952900	0.036469
544.953000	0.032349
544.953100	0.033417
544.953200	0.031128
544.953300	0.035706
544.953400	0.033569
544.953500	0.032806
544.953600	0.030823
544.953700	0.034027
544.953800	0.034943
544.953900	0.036163
544.954000	0.031128
544.954100	0.029907
544.954200	0.034943
544.954300	0.034180
544.954400	0.030518
544.954500	0.033264
544.954600	0.023804
544.954700	0.030212
544.954800	0.030212
544.954900	0.032806
544.955000	0.034332
544.955100	0.032806
544.955200	0.031891
544.955300	0.031433
544.955400	0.031281
544.955500	0.027771
544.955600	0.030670
544.955700	0.032501
544.955800	0.033722
544.955900	0.028687
544.956000	0.028534
544.956100	0.030975
544.956200	0.033875
544.956300	0.031281
544.956400	0.031281
544.956500	0.036011
544.956600	0.033417
544.956700	0.033722
544.956800	0.030670
544.956900	0.032501
544.957000	0.030365
544.957100	0.028381
544.957200	0.026855
544.957300	0.032043
544.957400	0.030670
544.957500	0.031281
544.957600	0.036316
544.957700	0.029602
544.957800	0.031433
544.957900	0.036621
544.958000	0.034637
544.958100	0.032959
544.958200	0.031891
544.958300	0.032196
544.958400	0.028992
544.958500	0.030365
544.958600	0.034790
544.958700	0.030975
544.958800	0.029907
544.958900	0.035400
544.959000	0.030365
544.959100	0.032349
544.959200	0.032501
544.959300	0.035248
544.959400	0.034943
544.959500	0.031891
544.959600	0.031281
544.959700	0.033112
544.959800	0.036316
544.959900	0.034332
544.960000	0.032654
544.960100	0.033722
544.960200	0.033722
544.960300	0.032349
544.960400	0.034180
544.960500	0.032043
544.960600	0.032196
544.960700	0.034180
544.960800	0.030823
544.960900	0.032043
544.961000	0.031128
544.961100	0.031891
544.961200	0.033417
544.961300	0.030060
544.961400	0.033722
544.961500	0.030212
544.961600	0.030365
544.961700	0.030518
544.961800	0.029602
544.961900	0.027924
544.962000	0.032654
544.962100	0.029144
544.962200	0.030060
544.962300	0.032654
544.962400	0.032196
544.962500	0.033112
544.962600	0.029907
544.962700	0.028687
544.962800	0.032349
544.962900	0.030365
544.963000	0.025177
544.963100	0.030823
544.963200	0.032654
544.963300	0.032654
544.963400	0.034027
544.963500	0.034790
544.963600	0.027008
544.963700	0.030823
544.963800	0.027924
544.963900	0.025177
544.964000	0.029602
544.964100	0.032806
544.964200	0.035400
544.964300	0.028381
544.964400	0.027008
544.964500	0.030823
544.964600	0.032959
544.964700	0.030365
544.964800	0.030060
544.964900	0.030518
544.965000	0.032806
544.965100	0.028687
544.965200	0.030823
544.965300	0.032196
544.965400	0.032196
544.965500	0.031433
544.965600	0.035400
544.965700	0.037689
544.965800	0.037537
544.965900	0.031128
544.966000	0.031128
544.966100	0.029907
544.966200	0.033569
544.966300	0.029449
544.966400	0.030365
544.966500	0.032501
544.966600	0.027008
544.966700	0.032501
544.966800	0.028992
544.966900	0.034180
544.967000	0.032196
544.967100	0.033417
544.967200	0.035706
544.967300	0.036621
544.967400	0.034790
544.967500	0.030823
544.967600	0.031281
544.967700	0.031281
544.967800	0.036774
544.967900	0.024261
544.968000	0.030365
544.968100	0.027618
544.968200	0.029297
544.968300	0.026855
544.968400	0.032349
544.968500	0.037079
544.968600	0.036316
544.968700	0.034027
544.968800	0.032196
544.968900	0.031738
544.969000	0.033264
544.969100	0.031738
544.969200	0.032959
544.969300	0.034180
544.969400	0.030060
544.969500	0.034180
544.969600	0.032806
544.969700	0.037537
544.969800	0.034637
544.969900	0.036926
544.970000	0.034180
544.970100	0.037079
544.970200	0.034180
544.970300	0.032654
544.970400	0.031128
544.970500	0.030518
544.970600	0.033722
544.970700	0.034180
544.970800	0.030060
544.970900	0.033417
544.971000	0.034180
544.971100	0.032654
544.971200	0.036011
544.971300	0.030823
544.971400	0.032349
544.971500	0.031891
544.971600	0.037079
544.971700	0.031281
544.971800	0.034180
544.971900	0.031128
544.972000	0.032501
544.972100	0.033264
544.972200	0.035706
544.972300	0.033875
544.972400	0.034637
544.972500	0.033112
544.972600	0.032806
544.972700	0.032043
544.972800	0.027313
