493.002500	-0.036469
493.002600	-0.042267
493.002700	-0.045624
493.002800	-0.043488
493.002900	-0.035553
493.003000	-0.031128
493.003100	-0.020905
493.003200	0.030365
493.003300	0.264893
493.003400	0.841217
493.003500	1.478729
493.003600	1.678772
493.003700	1.573944
493.003800	0.897217
493.003900	-0.273437
493.004000	-1.138611
493.004100	-1.679993
493.004200	-1.774445
493.004300	-1.379547
493.004400	-0.741272
493.004500	-0.323792
493.004600	-0.132141
493.004700	-0.067902
493.004800	-0.041351
493.004900	-0.031433
493.005000	-0.034332
493.005100	-0.024261
493.005200	-0.028687
493.005300	-0.028381
493.005400	-0.028534
493.005500	-0.031128
493.005600	-0.030212
493.005700	-0.026398
493.005800	-0.027008
493.005900	-0.024261
493.006000	-0.028229
493.006100	-0.022278
493.006200	-0.021515
493.006300	-0.026398
493.006400	-0.030518
493.006500	-0.028534
493.006600	-0.025787
493.006700	-0.027924
493.006800	-0.025635
493.006900	-0.023346
493.007000	-0.019379
493.007100	-0.003662
493.007200	0.019379
493.007300	0.055237
493.007400	0.081635
493.007500	0.078125
493.007600	0.063019
493.007700	0.051422
493.007800	0.004883
493.007900	-0.038300
493.008000	-0.072479
493.008100	-0.104980
493.008200	-0.113068
493.008300	-0.103760
493.008400	-0.093536
493.008500	-0.063782
493.008600	-0.023651
493.008700	0.000458
493.008800	0.009766
493.008900	-0.012054
493.009000	-0.043793
493.009100	-0.066376
493.009200	-0.082397
493.009300	-0.077362
493.009400	-0.063629
493.009500	-0.048523
493.009600	-0.033264
493.009700	-0.016632
493.009800	-0.013428
493.009900	-0.013580
493.010000	-0.017853
493.010100	-0.031433
493.010200	-0.046387
493.010300	-0.056305
493.010400	-0.057983
493.010500	-0.057526
493.010600	-0.047913
493.010700	-0.037079
493.010800	-0.024261
493.010900	-0.015717
493.011000	-0.015259
493.011100	-0.012665
493.011200	-0.012207
493.011300	-0.013428
493.011400	-0.018005
493.011500	-0.018158
493.011600	-0.033417
493.011700	-0.049896
493.011800	-0.060425
493.011900	-0.062103
493.012000	-0.069885
493.012100	-0.071259
493.012200	-0.074005
493.012300	-0.059509
493.012400	-0.052490
493.012500	-0.048981
493.012600	-0.044556
493.012700	-0.039978
493.012800	-0.041504
493.012900	-0.037994
493.013000	-0.041199
493.013100	-0.041504
493.013200	-0.038300
493.013300	-0.036163
493.013400	-0.034943
493.013500	-0.033264
493.013600	-0.030518
493.013700	-0.030365
493.013800	-0.019684
493.013900	-0.009613
493.014000	0.013428
493.014100	0.070953
493.014200	0.159302
493.014300	0.213776
493.014400	0.210876
493.014500	0.107422
493.014600	-0.060730
493.014700	-0.216827
493.014800	-0.285645
493.014900	-0.289764
493.015000	-0.221405
493.015100	-0.132904
493.015200	-0.078125
493.015300	-0.065613
493.015400	-0.062561
493.015500	-0.059204
493.015600	-0.054016
493.015700	-0.048218
493.015800	-0.044708
493.015900	-0.037689
493.016000	-0.035553
493.016100	-0.025330
493.016200	-0.017090
493.016300	-0.006866
493.016400	-0.001221
493.016500	-0.007019
493.016600	0.001831
493.016700	0.028839
493.016800	0.065155
493.016900	0.083618
493.017000	0.074005
493.017100	0.033875
493.017200	-0.036011
493.017300	-0.109100
493.017400	-0.162811
493.017500	-0.178375
493.017600	-0.153046
493.017700	-0.094452
493.017800	-0.041504
493.017900	-0.003052
493.018000	0.003357
493.018100	0.002594
493.018200	-0.012512
493.018300	-0.019989
493.018400	-0.040436
493.018500	-0.057983
493.018600	-0.075836
493.018700	-0.085907
493.018800	-0.081787
493.018900	-0.065308
493.019000	-0.053406
493.019100	-0.044098
493.019200	-0.030518
493.019300	-0.030670
493.019400	-0.027313
493.019500	-0.021515
493.019600	-0.015717
493.019700	-0.017853
493.019800	-0.013123
493.019900	-0.015259
493.020000	-0.019073
493.020100	-0.026550
493.020200	-0.037079
493.020300	-0.059509
493.020400	-0.073853
493.020500	-0.069427
493.020600	-0.064850
493.020700	-0.055237
493.020800	-0.048676
493.020900	-0.046692
493.021000	-0.037537
493.021100	-0.034180
493.021200	-0.032959
493.021300	-0.031586
493.021400	-0.029144
493.021500	-0.027618
493.021600	-0.028076
493.021700	-0.025635
493.021800	-0.023956
493.021900	-0.026245
493.022000	-0.026703
493.022100	-0.019836
493.022200	-0.026093
493.022300	-0.032043
493.022400	-0.037537
493.022500	-0.045929
493.022600	-0.045319
493.022700	-0.046844
493.022800	-0.044403
493.022900	-0.029602
493.023000	-0.014954
493.023100	-0.006256
493.023200	-0.005341
493.023300	-0.010071
493.023400	-0.015259
493.023500	-0.026093
493.023600	-0.029602
493.023700	-0.024414
493.023800	0.030365
493.023900	0.107269
493.024000	0.148315
493.024100	0.139465
493.024200	0.062256
493.024300	-0.072784
493.024400	-0.203552
493.024500	-0.257263
493.024600	-0.261230
493.024700	-0.207062
493.024800	-0.136719
493.024900	-0.073242
493.025000	-0.041504
493.025100	-0.034485
493.025200	-0.028687
493.025300	-0.023956
493.025400	-0.028534
493.025500	-0.025482
493.025600	-0.020752
493.025700	-0.028229
493.025800	-0.028381
493.025900	-0.029297
493.026000	-0.036011
493.026100	-0.034637
493.026200	-0.037384
493.026300	-0.032959
493.026400	-0.023956
493.026500	-0.027161
493.026600	-0.021820
493.026700	-0.021362
493.026800	-0.031128
493.026900	-0.042419
493.027000	-0.038757
493.027100	0.014954
493.027200	0.177307
493.027300	0.500488
493.027400	0.807037
493.027500	0.947266
493.027600	0.825500
493.027700	0.383911
493.027800	-0.203094
493.027900	-0.685120
493.028000	-0.936127
493.028100	-0.961609
493.028200	-0.773926
493.028300	-0.480804
493.028400	-0.236816
493.028500	-0.112000
493.028600	-0.062256
493.028700	-0.051270
493.028800	-0.044098
493.028900	-0.036316
493.029000	-0.039978
493.029100	-0.036011
493.029200	-0.034180
493.029300	-0.033112
493.029400	-0.030365
493.029500	-0.035706
493.029600	-0.048676
493.029700	-0.045471
493.029800	-0.041504
493.029900	-0.028076
493.030000	0.011139
493.030100	0.088043
493.030200	0.139618
493.030300	0.144501
493.030400	0.097656
493.030500	-0.018616
493.030600	-0.152130
493.030700	-0.228424
493.030800	-0.240479
493.030900	-0.211029
493.031000	-0.138245
493.031100	-0.081177
493.031200	-0.049591
493.031300	-0.038452
493.031400	-0.035858
493.031500	-0.033417
493.031600	-0.030670
493.031700	-0.026093
493.031800	-0.027771
493.031900	-0.026703
493.032000	-0.028076
493.032100	-0.032349
493.032200	-0.037079
493.032300	-0.042725
493.032400	-0.042419
493.032500	-0.044098
493.032600	-0.037994
493.032700	-0.036163
493.032800	-0.036926
493.032900	-0.038910
493.033000	-0.038605
493.033100	-0.041656
493.033200	-0.043488
493.033300	-0.030060
493.033400	-0.014954
493.033500	-0.001526
493.033600	0.008392
493.033700	0.006104
493.033800	-0.000458
493.033900	-0.021362
493.034000	-0.037994
493.034100	-0.050507
493.034200	-0.068970
493.034300	-0.076752
493.034400	-0.077209
493.034500	-0.073547
493.034600	-0.070953
493.034700	-0.061340
493.034800	-0.053558
493.034900	-0.045776
493.035000	-0.040588
493.035100	-0.033417
493.035200	-0.034943
493.035300	-0.034790
493.035400	-0.032043
493.035500	-0.032501
493.035600	-0.027313
493.035700	-0.026703
493.035800	-0.024109
493.035900	-0.025330
493.036000	-0.024261
493.036100	-0.026245
493.036200	-0.034790
493.036300	-0.035400
493.036400	-0.044861
493.036500	-0.048828
493.036600	-0.047302
493.036700	-0.044403
493.036800	-0.037079
493.036900	-0.031433
493.037000	-0.029144
493.037100	-0.024567
493.037200	-0.018311
493.037300	-0.020294
493.037400	-0.019073
493.037500	-0.019073
493.037600	-0.012054
493.037700	-0.003967
493.037800	-0.003052
493.037900	0.001373
493.038000	-0.009460
493.038100	-0.023804
493.038200	-0.050049
493.038300	-0.077362
493.038400	-0.095673
493.038500	-0.097656
493.038600	-0.083618
493.038700	-0.061493
493.038800	-0.042267
493.038900	-0.029755
493.039000	-0.026245
493.039100	-0.036774
493.039200	-0.042267
493.039300	-0.041962
493.039400	-0.051117
493.039500	-0.044098
493.039600	-0.035248
493.039700	0.009766
493.039800	0.100098
493.039900	0.212402
493.040000	0.282745
493.040100	0.263824
493.040200	0.179596
493.040300	0.062408
493.040400	-0.075226
493.040500	-0.203552
493.040600	-0.314636
493.040700	-0.363464
493.040800	-0.346375
493.040900	-0.253601
493.041000	-0.144348
493.041100	-0.076599
493.041200	-0.045929
493.041300	-0.031891
493.041400	-0.032959
493.041500	-0.026855
493.041600	-0.032349
493.041700	-0.027008
493.041800	-0.020447
493.041900	-0.013733
493.042000	-0.002747
493.042100	0.013275
493.042200	0.012207
493.042300	0.005035
493.042400	-0.012665
493.042500	-0.035400
493.042600	-0.065613
493.042700	-0.075226
493.042800	-0.081024
493.042900	-0.078430
493.043000	-0.060272
493.043100	-0.042572
493.043200	-0.036163
493.043300	-0.026855
493.043400	-0.014343
493.043500	-0.002747
493.043600	0.000305
493.043700	-0.011292
493.043800	-0.035248
493.043900	-0.045776
493.044000	-0.053864
493.044100	-0.042114
493.044200	-0.029907
493.044300	-0.027161
493.044400	-0.023193
493.044500	-0.033722
493.044600	-0.042877
493.044700	-0.035858
493.044800	-0.034332
493.044900	-0.020294
493.045000	-0.009155
493.045100	-0.019226
493.045200	-0.018768
493.045300	-0.034790
493.045400	-0.051880
493.045500	-0.061798
493.045600	-0.069580
493.045700	-0.071564
493.045800	-0.071564
493.045900	-0.076904
493.046000	-0.071564
493.046100	-0.054169
493.046200	-0.045166
493.046300	-0.035553
493.046400	-0.035400
493.046500	-0.034790
493.046600	-0.032959
493.046700	-0.035400
493.046800	-0.035400
493.046900	-0.034180
493.047000	-0.035553
493.047100	-0.036621
493.047200	-0.035706
493.047300	-0.035553
493.047400	-0.035553
493.047500	-0.034027
493.047600	-0.026703
493.047700	-0.015869
493.047800	-0.011902
493.047900	-0.011444
493.048000	-0.013428
493.048100	-0.030212
493.048200	-0.054016
493.048300	-0.061646
493.048400	-0.064697
493.048500	-0.070343
493.048600	-0.062408
493.048700	-0.052185
493.048800	-0.040436
493.048900	-0.031433
493.049000	-0.025330
493.049100	-0.028534
493.049200	-0.023499
493.049300	-0.022125
493.049400	-0.027161
493.049500	-0.011902
493.049600	0.069885
493.049700	0.270233
493.049800	0.579529
493.049900	0.823975
493.050000	0.869141
493.050100	0.688782
493.050200	0.309143
493.050300	-0.120239
493.050400	-0.467834
493.050500	-0.574493
493.050600	-0.341187
493.050700	0.051422
493.050800	0.414734
493.050900	0.628967
493.051000	0.547638
493.051100	0.161743
493.051200	-0.212555
493.051300	-0.415649
493.051400	-0.417023
493.051500	-0.288239
493.051600	-0.194397
493.051700	-0.201416
493.051800	-0.298004
493.051900	-0.441589
493.052000	-0.538330
493.052100	-0.518188
493.052200	-0.494995
493.052300	-0.489960
493.052400	-0.489960
493.052500	-0.428925
493.052600	-0.293427
493.052700	-0.164795
493.052800	-0.082550
493.052900	-0.047455
493.053000	-0.029602
493.053100	-0.020142
493.053200	-0.019226
493.053300	-0.001831
493.053400	0.008698
493.053500	0.009460
493.053600	-0.000610
493.053700	-0.016937
493.053800	-0.033722
493.053900	-0.038605
493.054000	-0.043030
493.054100	-0.036621
493.054200	-0.028839
493.054300	-0.017700
493.054400	-0.012817
493.054500	-0.010376
493.054600	-0.004425
493.054700	0.023041
493.054800	0.064087
493.054900	0.096436
493.055000	0.095978
493.055100	0.054932
493.055200	-0.000763
493.055300	-0.051270
493.055400	-0.093842
493.055500	-0.118408
493.055600	-0.131378
493.055700	-0.120544
493.055800	-0.097656
493.055900	-0.065918
493.056000	-0.038757
