388.554500	0.025177
388.554600	0.020142
388.554700	0.022583
388.554800	0.019836
388.554900	0.018463
388.555000	0.019073
388.555100	0.021210
388.555200	0.017700
388.555300	0.019531
388.555400	0.023499
388.555500	0.019531
388.555600	0.019684
388.555700	0.016174
388.555800	0.020752
388.555900	0.020447
388.556000	0.020294
388.556100	0.021973
388.556200	0.016937
388.556300	0.020752
388.556400	0.032959
388.556500	0.028534
388.556600	0.029297
388.556700	0.030823
388.556800	0.028992
388.556900	0.026855
388.557000	0.024719
388.557100	0.024567
388.557200	0.025635
388.557300	0.022583
388.557400	0.022583
388.557500	0.029449
388.557600	0.029602
388.557700	0.022736
388.557800	0.024109
388.557900	0.024719
388.558000	0.025177
388.558100	0.024567
388.558200	0.021362
388.558300	0.024719
388.558400	0.021667
388.558500	0.019684
388.558600	0.022125
388.558700	0.021973
388.558800	0.022736
388.558900	0.018616
388.559000	0.018005
388.559100	0.014038
388.559200	0.013123
388.559300	0.009003
388.559400	0.009613
388.559500	0.001831
388.559600	0.007935
388.559700	0.002747
388.559800	-0.001526
388.559900	0.001221
388.560000	-0.003967
388.560100	-0.006104
388.560200	-0.009155
388.560300	-0.012207
388.560400	-0.011749
388.560500	-0.013123
388.560600	-0.010834
388.560700	-0.011749
388.560800	0.000610
388.560900	0.006561
388.561000	0.018005
388.561100	0.037231
388.561200	0.057983
388.561300	0.074005
388.561400	0.097504
388.561500	0.120850
388.561600	0.133514
388.561700	0.139923
388.561800	0.150604
388.561900	0.152130
388.562000	0.151825
388.562100	0.146179
388.562200	0.137787
388.562300	0.126190
388.562400	0.099030
388.562500	0.064850
388.562600	0.024109
388.562700	-0.012360
388.562800	-0.050964
388.562900	-0.086212
388.563000	-0.123749
388.563100	-0.152435
388.563200	-0.177002
388.563300	-0.192261
388.563400	-0.204926
388.563500	-0.203247
388.563600	-0.196991
388.563700	-0.188599
388.563800	-0.189667
388.563900	-0.175781
388.564000	-0.161133
388.564100	-0.142059
388.564200	-0.129547
388.564300	-0.097504
388.564400	-0.078735
388.564500	-0.058594
388.564600	-0.046539
388.564700	-0.028534
388.564800	-0.013123
388.564900	-0.013275
388.565000	-0.006561
388.565100	-0.011444
388.565200	-0.003052
388.565300	-0.002899
388.565400	-0.002747
388.565500	0.005798
388.565600	0.021210
388.565700	0.034027
388.565800	0.059357
388.565900	0.090027
388.566000	0.133972
388.566100	0.174103
388.566200	0.228424
388.566300	0.289154
388.566400	0.352936
388.566500	0.407104
388.566600	0.455933
388.566700	0.473328
388.566800	0.475464
388.566900	0.461731
388.567000	0.434875
388.567100	0.400696
388.567200	0.346680
388.567300	0.295410
388.567400	0.232391
388.567500	0.179749
388.567600	0.111389
388.567700	0.044708
388.567800	-0.023651
388.567900	-0.096436
388.568000	-0.160522
388.568100	-0.229645
388.568200	-0.286713
388.568300	-0.340576
388.568400	-0.388947
388.568500	-0.433655
388.568600	-0.469055
388.568700	-0.494690
388.568800	-0.516968
388.568900	-0.526886
388.569000	-0.532074
388.569100	-0.523682
388.569200	-0.500183
388.569300	-0.460510
388.569400	-0.410461
388.569500	-0.349731
388.569600	-0.289764
388.569700	-0.227966
388.569800	-0.174713
388.569900	-0.127563
388.570000	-0.084534
388.570100	-0.051727
388.570200	-0.029602
388.570300	-0.022736
388.570400	-0.007324
388.570500	-0.002899
388.570600	0.000763
388.570700	0.000153
388.570800	-0.001678
388.570900	0.008087
388.571000	0.011292
388.571100	0.004883
388.571200	0.005341
388.571300	0.003052
388.571400	0.009918
388.571500	0.015106
388.571600	0.019379
388.571700	0.026093
388.571800	0.033722
388.571900	0.036316
388.572000	0.036774
388.572100	0.041046
388.572200	0.043945
388.572300	0.048828
388.572400	0.044403
388.572500	0.036774
388.572600	0.033112
388.572700	0.031738
388.572800	0.032806
388.572900	0.030823
388.573000	0.018463
388.573100	0.015717
388.573200	0.014954
388.573300	0.002594
388.573400	-0.003967
388.573500	-0.007629
388.573600	-0.014191
388.573700	-0.019836
388.573800	-0.017090
388.573900	-0.023041
388.574000	-0.030212
388.574100	-0.032959
388.574200	-0.036316
388.574300	-0.043030
388.574400	-0.042725
388.574500	-0.046844
388.574600	-0.054474
388.574700	-0.053253
388.574800	-0.050812
388.574900	-0.050201
388.575000	-0.043335
388.575100	-0.041504
388.575200	-0.038910
388.575300	-0.030365
388.575400	-0.027771
388.575500	-0.022430
388.575600	-0.018158
388.575700	-0.018005
388.575800	-0.014954
388.575900	-0.008698
388.576000	-0.003662
388.576100	-0.000763
388.576200	0.001526
388.576300	0.010834
388.576400	0.016632
388.576500	0.028381
388.576600	0.043335
388.576700	0.046997
388.576800	0.051270
388.576900	0.058289
388.577000	0.061188
388.577100	0.070190
388.577200	0.070801
388.577300	0.069275
388.577400	0.070953
388.577500	0.062256
388.577600	0.057678
388.577700	0.048523
388.577800	0.038452
388.577900	0.027466
388.578000	0.019989
388.578100	0.009155
388.578200	0.007019
388.578300	-0.001068
388.578400	-0.008545
388.578500	-0.019684
388.578600	-0.031586
388.578700	-0.039673
388.578800	-0.049744
388.578900	-0.058289
388.579000	-0.063324
388.579100	-0.074310
388.579200	-0.068665
388.579300	-0.064087
388.579400	-0.065918
388.579500	-0.071564
388.579600	-0.070496
388.579700	-0.069122
388.579800	-0.071564
388.579900	-0.070343
388.580000	-0.063782
388.580100	-0.060120
388.580200	-0.056152
388.580300	-0.055389
388.580400	-0.048370
388.580500	-0.050354
388.580600	-0.053101
388.580700	-0.058289
388.580800	-0.056763
388.580900	-0.055237
388.581000	-0.052185
388.581100	-0.048218
388.581200	-0.045929
388.581300	-0.041351
388.581400	-0.032349
388.581500	-0.027771
388.581600	-0.037537
388.581700	-0.029755
388.581800	-0.034637
388.581900	-0.037079
388.582000	-0.044250
388.582100	-0.040894
388.582200	-0.046844
388.582300	-0.038147
388.582400	-0.041809
388.582500	-0.037689
388.582600	-0.037842
388.582700	-0.027008
388.582800	-0.009766
388.582900	0.012970
388.583000	0.046387
388.583100	0.093231
388.583200	0.153961
388.583300	0.218964
388.583400	0.313416
388.583500	0.401917
388.583600	0.489197
388.583700	0.566559
388.583800	0.616455
388.583900	0.646515
388.584000	0.669403
388.584100	0.677948
388.584200	0.670166
388.584300	0.642090
388.584400	0.587616
388.584500	0.505829
388.584600	0.375519
388.584700	0.231781
388.584800	0.087585
388.584900	-0.071411
388.585000	-0.220032
388.585100	-0.370941
388.585200	-0.512695
388.585300	-0.637360
388.585400	-0.736084
388.585500	-0.804138
388.585600	-0.836182
388.585700	-0.845795
388.585800	-0.836792
388.585900	-0.818634
388.586000	-0.778656
388.586100	-0.739288
388.586200	-0.667725
388.586300	-0.591888
388.586400	-0.507660
388.586500	-0.407257
388.586600	-0.319977
388.586700	-0.241699
388.586800	-0.170135
388.586900	-0.121155
388.587000	-0.074768
388.587100	-0.048523
388.587200	-0.026093
388.587300	-0.007172
388.587400	-0.002441
388.587500	0.002289
388.587600	0.007782
388.587700	0.005951
388.587800	0.006104
388.587900	0.012207
388.588000	0.007782
388.588100	0.013428
388.588200	0.009460
388.588300	0.001221
388.588400	0.007172
388.588500	0.010376
388.588600	0.012207
388.588700	0.012360
388.588800	0.019989
388.588900	0.016327
388.589000	0.011139
388.589100	0.015564
388.589200	0.014343
388.589300	0.006866
388.589400	0.013580
388.589500	0.013580
388.589600	0.014191
388.589700	0.007172
388.589800	0.009918
388.589900	0.016632
388.590000	0.018005
388.590100	0.027008
388.590200	0.043182
388.590300	0.066071
388.590400	0.090179
388.590500	0.125732
388.590600	0.171814
388.590700	0.226593
388.590800	0.298920
388.590900	0.371399
388.591000	0.455017
388.591100	0.550842
388.591200	0.663300
388.591300	0.795288
388.591400	0.948639
388.591500	1.118774
388.591600	1.300964
388.591700	1.477814
388.591800	1.641083
388.591900	1.764679
388.592000	1.844940
388.592100	1.872559
388.592200	1.860962
388.592300	1.806641
388.592400	1.719055
388.592500	1.581268
388.592600	1.377106
388.592700	1.120453
388.592800	0.784607
388.592900	0.406036
388.593000	0.008392
388.593100	-0.390015
388.593200	-0.806885
388.593300	-1.122894
388.593400	-1.625824
388.593500	-1.943512
388.593600	-2.178040
388.593700	-2.350311
388.593800	-2.446594
388.593900	-2.486572
388.594000	-2.468262
388.594100	-2.397919
388.594200	-2.286072
388.594300	-2.143860
388.594400	-1.956329
388.594500	-1.733093
388.594600	-1.498260
388.594700	-1.255341
388.594800	-1.019592
388.594900	-0.797882
388.595000	-0.588837
388.595100	-0.436401
388.595200	-0.298920
388.595300	-0.194092
388.595400	-0.116577
388.595500	-0.056458
388.595600	-0.010681
388.595700	0.010376
388.595800	0.030975
388.595900	0.039673
388.596000	0.048828
388.596100	0.051422
388.596200	0.046387
388.596300	0.051270
388.596400	0.056915
388.596500	0.057678
388.596600	0.059509
388.596700	0.060577
388.596800	0.066376
388.596900	0.061340
388.597000	0.067444
388.597100	0.067291
388.597200	0.070038
388.597300	0.071106
388.597400	0.064697
388.597500	0.067596
388.597600	0.067444
388.597700	0.076141
388.597800	0.072632
388.597900	0.069122
388.598000	0.064240
388.598100	0.065460
388.598200	0.062714
388.598300	0.058289
388.598400	0.055084
388.598500	0.054474
388.598600	0.054321
388.598700	0.055237
388.598800	0.050659
388.598900	0.047913
388.599000	0.046997
388.599100	0.048981
388.599200	0.044708
388.599300	0.036926
388.599400	0.040588
388.599500	0.034332
388.599600	0.037079
388.599700	0.037689
388.599800	0.034943
388.599900	0.034027
388.600000	0.028534
388.600100	0.028229
388.600200	0.026398
388.600300	0.022125
388.600400	0.024872
388.600500	0.022278
388.600600	0.022888
388.600700	0.022888
388.600800	0.025024
388.600900	0.024872
388.601000	0.030212
388.601100	0.032959
388.601200	0.035858
388.601300	0.039062
388.601400	0.042114
388.601500	0.052643
388.601600	0.063477
388.601700	0.069885
388.601800	0.076599
388.601900	0.084991
388.602000	0.096893
388.602100	0.100708
388.602200	0.104675
388.602300	0.104980
388.602400	0.101166
388.602500	0.102997
388.602600	0.095978
388.602700	0.086517
388.602800	0.068665
388.602900	0.057526
388.603000	0.048676
388.603100	0.034180
388.603200	0.025787
388.603300	0.009155
388.603400	0.000153
388.603500	-0.013123
388.603600	-0.022736
388.603700	-0.027924
388.603800	-0.034485
388.603900	-0.031128
388.604000	-0.014648
388.604100	0.011139
388.604200	0.048218
388.604300	0.103760
388.604400	0.171356
388.604500	0.265656
388.604600	0.399933
388.604700	0.553894
388.604800	0.719452
388.604900	0.871887
388.605000	0.976562
388.605100	1.036377
388.605200	1.065369
388.605300	1.083527
388.605400	1.087799
388.605500	1.102753
388.605600	1.098328
388.605700	1.072998
388.605800	0.987549
388.605900	0.832672
388.606000	0.612335
388.606100	0.364227
388.606200	0.122681
388.606300	-0.112610
388.606400	-0.342712
388.606500	-0.577698
388.606600	-0.813599
388.606700	-1.021881
388.606800	-1.152802
388.606900	-1.252594
388.607000	-1.271362
388.607100	-1.257782
388.607200	-1.232605
388.607300	-1.202850
388.607400	-1.189423
388.607500	-1.181183
388.607600	-1.089325
388.607700	-1.014862
388.607800	-0.894775
388.607900	-0.727081
388.608000	-0.566864
