560.893700	0.062561
560.893800	0.063324
560.893900	0.064087
560.894000	0.063171
560.894100	0.057983
560.894200	0.053406
560.894300	0.057831
560.894400	0.059357
560.894500	0.057831
560.894600	0.060577
560.894700	0.060425
560.894800	0.065155
560.894900	0.064545
560.895000	0.065918
560.895100	0.061493
560.895200	0.061188
560.895300	0.064697
560.895400	0.058289
560.895500	0.060272
560.895600	0.052490
560.895700	0.055847
560.895800	0.052032
560.895900	0.060425
560.896000	0.061951
560.896100	0.062561
560.896200	0.059662
560.896300	0.058289
560.896400	0.052948
560.896500	0.054932
560.896600	0.058289
560.896700	0.052795
560.896800	0.050659
560.896900	0.053406
560.897000	0.060425
560.897100	0.051727
560.897200	0.052490
560.897300	0.055542
560.897400	0.053558
560.897500	0.052490
560.897600	0.051575
560.897700	0.049591
560.897800	0.051270
560.897900	0.054016
560.898000	0.047150
560.898100	0.053101
560.898200	0.052185
560.898300	0.055084
560.898400	0.051727
560.898500	0.052948
560.898600	0.057373
560.898700	0.056152
560.898800	0.052490
560.898900	0.056458
560.899000	0.055237
560.899100	0.056152
560.899200	0.056610
560.899300	0.056305
560.899400	0.058441
560.899500	0.057678
560.899600	0.053101
560.899700	0.055389
560.899800	0.062103
560.899900	0.062561
560.900000	0.057373
560.900100	0.060577
560.900200	0.054626
560.900300	0.055237
560.900400	0.056000
560.900500	0.055542
560.900600	0.061646
560.900700	0.055084
560.900800	0.054932
560.900900	0.050201
560.901000	0.048523
560.901100	0.045166
560.901200	0.054321
560.901300	0.054321
560.901400	0.051575
560.901500	0.050354
560.901600	0.052185
560.901700	0.049591
560.901800	0.050354
560.901900	0.050049
560.902000	0.049591
560.902100	0.044098
560.902200	0.046997
560.902300	0.049286
560.902400	0.053406
560.902500	0.050659
560.902600	0.052185
560.902700	0.051422
560.902800	0.051117
560.902900	0.046539
560.903000	0.048981
560.903100	0.046692
560.903200	0.049286
560.903300	0.050201
560.903400	0.054169
560.903500	0.046082
560.903600	0.047150
560.903700	0.044861
560.903800	0.045929
560.903900	0.056915
560.904000	0.049591
560.904100	0.052795
560.904200	0.052338
560.904300	0.053711
560.904400	0.051880
560.904500	0.046844
560.904600	0.044556
560.904700	0.043030
560.904800	0.047913
560.904900	0.046082
560.905000	0.047302
560.905100	0.049744
560.905200	0.048370
560.905300	0.055237
560.905400	0.052643
560.905500	0.051270
560.905600	0.048218
560.905700	0.047760
560.905800	0.046387
560.905900	0.050507
560.906000	0.053711
560.906100	0.055237
560.906200	0.049591
560.906300	0.053253
560.906400	0.050201
560.906500	0.051880
560.906600	0.050812
560.906700	0.054779
560.906800	0.051270
560.906900	0.048676
560.907000	0.049744
560.907100	0.050354
560.907200	0.050049
560.907300	0.053711
560.907400	0.050964
560.907500	0.046692
560.907600	0.052032
560.907700	0.050201
560.907800	0.047913
560.907900	0.051117
560.908000	0.052032
560.908100	0.046844
560.908200	0.047455
560.908300	0.044556
560.908400	0.044708
560.908500	0.049896
560.908600	0.052338
560.908700	0.048370
560.908800	0.052490
560.908900	0.052032
560.909000	0.052032
560.909100	0.048218
560.909200	0.048218
560.909300	0.047150
560.909400	0.051270
560.909500	0.051270
560.909600	0.041504
560.909700	0.047455
560.909800	0.050049
560.909900	0.049133
560.910000	0.047607
560.910100	0.051880
560.910200	0.047607
560.910300	0.044098
560.910400	0.046387
560.910500	0.049438
560.910600	0.049286
560.910700	0.048523
560.910800	0.050049
560.910900	0.048523
560.911000	0.050049
560.911100	0.053558
560.911200	0.049896
560.911300	0.055695
560.911400	0.053558
560.911500	0.050812
560.911600	0.053101
560.911700	0.052185
560.911800	0.054626
560.911900	0.052643
560.912000	0.048828
560.912100	0.047913
560.912200	0.055695
560.912300	0.052948
560.912400	0.054932
560.912500	0.050659
560.912600	0.049133
560.912700	0.050964
560.912800	0.053711
560.912900	0.053711
560.913000	0.049438
560.913100	0.047760
560.913200	0.046234
560.913300	0.050659
560.913400	0.053406
560.913500	0.051880
560.913600	0.047760
560.913700	0.045166
560.913800	0.045166
560.913900	0.044861
560.914000	0.041351
560.914100	0.050659
560.914200	0.051422
560.914300	0.047302
560.914400	0.047302
560.914500	0.047913
560.914600	0.052795
560.914700	0.048370
560.914800	0.050964
560.914900	0.053253
560.915000	0.049896
560.915100	0.049438
560.915200	0.051575
560.915300	0.049896
560.915400	0.053711
560.915500	0.049591
560.915600	0.056458
560.915700	0.053253
560.915800	0.053864
560.915900	0.054474
560.916000	0.048981
560.916100	0.045319
560.916200	0.049744
560.916300	0.045471
560.916400	0.053711
560.916500	0.050659
560.916600	0.050964
560.916700	0.044403
560.916800	0.047607
560.916900	0.047760
560.917000	0.052643
560.917100	0.055389
560.917200	0.054626
560.917300	0.053253
560.917400	0.049286
560.917500	0.056915
560.917600	0.052490
560.917700	0.053101
560.917800	0.048523
560.917900	0.056458
560.918000	0.050659
560.918100	0.051880
560.918200	0.052490
560.918300	0.049591
560.918400	0.050659
560.918500	0.045166
560.918600	0.043945
560.918700	0.047913
560.918800	0.048065
560.918900	0.048218
560.919000	0.051270
560.919100	0.053101
560.919200	0.047455
560.919300	0.043182
560.919400	0.043793
560.919500	0.051117
560.919600	0.050659
560.919700	0.047302
560.919800	0.051270
560.919900	0.048676
560.920000	0.048370
560.920100	0.044708
560.920200	0.048218
560.920300	0.045929
560.920400	0.052185
560.920500	0.050964
560.920600	0.052185
560.920700	0.050659
560.920800	0.049438
560.920900	0.050049
560.921000	0.048218
560.921100	0.042419
560.921200	0.048065
560.921300	0.050049
560.921400	0.051575
560.921500	0.049133
560.921600	0.048523
560.921700	0.047302
560.921800	0.045471
560.921900	0.047913
560.922000	0.049438
560.922100	0.041504
560.922200	0.047760
560.922300	0.042877
560.922400	0.046539
560.922500	0.044708
560.922600	0.042572
560.922700	0.047455
560.922800	0.050049
560.922900	0.055695
560.923000	0.057526
560.923100	0.056915
560.923200	0.055695
560.923300	0.053864
560.923400	0.053864
560.923500	0.051270
560.923600	0.048218
560.923700	0.050812
560.923800	0.052338
560.923900	0.055237
560.924000	0.055847
560.924100	0.055542
560.924200	0.052643
560.924300	0.045166
560.924400	0.053101
560.924500	0.050201
560.924600	0.053101
560.924700	0.053864
560.924800	0.048370
560.924900	0.047302
560.925000	0.047302
560.925100	0.050049
560.925200	0.048218
560.925300	0.052338
560.925400	0.054474
560.925500	0.051727
560.925600	0.054626
560.925700	0.057220
560.925800	0.054932
560.925900	0.059662
560.926000	0.055237
560.926100	0.046539
560.926200	0.053864
560.926300	0.053253
560.926400	0.044708
560.926500	0.047455
560.926600	0.050812
560.926700	0.053253
560.926800	0.056458
560.926900	0.051422
560.927000	0.050659
560.927100	0.054169
560.927200	0.049591
560.927300	0.046692
560.927400	0.043488
560.927500	0.048065
560.927600	0.052643
560.927700	0.045319
560.927800	0.047302
560.927900	0.050812
560.928000	0.054016
560.928100	0.055542
560.928200	0.047760
560.928300	0.048676
560.928400	0.052185
560.928500	0.043030
560.928600	0.051575
560.928700	0.050354
560.928800	0.048370
560.928900	0.044861
560.929000	0.047150
560.929100	0.048065
560.929200	0.042419
560.929300	0.043182
560.929400	0.043335
560.929500	0.048065
560.929600	0.047150
560.929700	0.045776
560.929800	0.050964
560.929900	0.053406
560.930000	0.052032
560.930100	0.045624
560.930200	0.049438
560.930300	0.048065
560.930400	0.042114
560.930500	0.046234
560.930600	0.050659
560.930700	0.052185
560.930800	0.046844
560.930900	0.048370
560.931000	0.043488
560.931100	0.046082
560.931200	0.052948
560.931300	0.049896
560.931400	0.054169
560.931500	0.051727
560.931600	0.052185
560.931700	0.057678
560.931800	0.053864
560.931900	0.051880
560.932000	0.053253
560.932100	0.053558
560.932200	0.050049
560.932300	0.050049
560.932400	0.049286
560.932500	0.052643
560.932600	0.052795
560.932700	0.056152
560.932800	0.053864
560.932900	0.057526
560.933000	0.056458
560.933100	0.053864
560.933200	0.054474
560.933300	0.055237
560.933400	0.054932
560.933500	0.052490
560.933600	0.045776
560.933700	0.051575
560.933800	0.053101
560.933900	0.042725
560.934000	0.044250
560.934100	0.045776
560.934200	0.047760
560.934300	0.046387
560.934400	0.049744
560.934500	0.050812
560.934600	0.048523
560.934700	0.046692
560.934800	0.051575
560.934900	0.059814
560.935000	0.055695
560.935100	0.055237
560.935200	0.058441
560.935300	0.056000
560.935400	0.053711
560.935500	0.053711
560.935600	0.054626
560.935700	0.046539
560.935800	0.050964
560.935900	0.051422
560.936000	0.055084
560.936100	0.052032
560.936200	0.050964
560.936300	0.055237
560.936400	0.062103
560.936500	0.057678
560.936600	0.054626
560.936700	0.055695
560.936800	0.050354
560.936900	0.047760
560.937000	0.048065
560.937100	0.053711
560.937200	0.052338
560.937300	0.049133
560.937400	0.045776
560.937500	0.042114
560.937600	0.038605
560.937700	0.043945
560.937800	0.047913
560.937900	0.048676
560.938000	0.052795
560.938100	0.048065
560.938200	0.048370
560.938300	0.046692
560.938400	0.043030
560.938500	0.049591
560.938600	0.054932
560.938700	0.044403
560.938800	0.050354
560.938900	0.051270
560.939000	0.050201
560.939100	0.044556
560.939200	0.048218
560.939300	0.053711
560.939400	0.048676
560.939500	0.049591
560.939600	0.045624
560.939700	0.050201
560.939800	0.043793
560.939900	0.048065
560.940000	0.046539
560.940100	0.046692
560.940200	0.043030
560.940300	0.046539
560.940400	0.047913
560.940500	0.054474
560.940600	0.052795
560.940700	0.055389
560.940800	0.048981
560.940900	0.053558
560.941000	0.053253
560.941100	0.051270
560.941200	0.049591
560.941300	0.050659
560.941400	0.044708
560.941500	0.044708
560.941600	0.044861
560.941700	0.045013
560.941800	0.048828
560.941900	0.051727
560.942000	0.046387
560.942100	0.048065
560.942200	0.049591
560.942300	0.048828
560.942400	0.051575
560.942500	0.057373
560.942600	0.048676
560.942700	0.053253
560.942800	0.051727
560.942900	0.052032
560.943000	0.054016
560.943100	0.048828
560.943200	0.052032
560.943300	0.047302
560.943400	0.046082
560.943500	0.048065
560.943600	0.050354
560.943700	0.048523
560.943800	0.047150
560.943900	0.043640
560.944000	0.044403
560.944100	0.047455
560.944200	0.041504
560.944300	0.043945
560.944400	0.045471
560.944500	0.045166
560.944600	0.046082
560.944700	0.046234
560.944800	0.039368
560.944900	0.042267
560.945000	0.044250
560.945100	0.043793
560.945200	0.042572
560.945300	0.044861
560.945400	0.048676
560.945500	0.046844
560.945600	0.051575
560.945700	0.048828
560.945800	0.049744
560.945900	0.044098
560.946000	0.049133
560.946100	0.042572
560.946200	0.044708
560.946300	0.048218
560.946400	0.037079
560.946500	0.044250
560.946600	0.041504
560.946700	0.044250
560.946800	0.045013
560.946900	0.046844
560.947000	0.044403
560.947100	0.047760
560.947200	0.050049
