170.442500	0.240021
170.442600	0.344543
170.442700	0.449677
170.442800	0.528107
170.442900	0.567474
170.443000	0.585175
170.443100	0.557861
170.443200	0.490265
170.443300	0.369263
170.443400	0.207214
170.443500	0.038147
170.443600	-0.113220
170.443700	-0.220184
170.443800	-0.267792
170.443900	-0.300903
170.444000	-0.313721
170.444100	-0.296326
170.444200	-0.233459
170.444300	-0.133667
170.444400	-0.033417
170.444500	0.020142
170.444600	0.026855
170.444700	0.000305
170.444800	-0.045776
170.444900	-0.113220
170.445000	-0.171661
170.445100	-0.193024
170.445200	-0.180359
170.445300	-0.166168
170.445400	-0.167847
170.445500	-0.171967
170.445600	-0.170746
170.445700	-0.141144
170.445800	-0.085144
170.445900	-0.033264
170.446000	0.006256
170.446100	0.041962
170.446200	0.059204
170.446300	0.071259
170.446400	0.077972
170.446500	0.075836
170.446600	0.078125
170.446700	0.084534
170.446800	0.086060
170.446900	0.085602
170.447000	0.089264
170.447100	0.091858
170.447200	0.088959
170.447300	0.091858
170.447400	0.086517
170.447500	0.090790
170.447600	0.086670
170.447700	0.091400
170.447800	0.087280
170.447900	0.093536
170.448000	0.096588
170.448100	0.112305
170.448200	0.132751
170.448300	0.156403
170.448400	0.178986
170.448500	0.199738
170.448600	0.214844
170.448700	0.216522
170.448800	0.208282
170.448900	0.192413
170.449000	0.160370
170.449100	0.122986
170.449200	0.087128
170.449300	0.049438
170.449400	0.021515
170.449500	0.008850
170.449600	0.015106
170.449700	0.021973
170.449800	0.025482
170.449900	0.052490
170.450000	0.062408
170.450100	0.060730
170.450200	0.050812
170.450300	0.027466
170.450400	-0.005493
170.450500	-0.030518
170.450600	-0.030518
170.450700	-0.044098
170.450800	-0.050354
170.450900	-0.048676
170.451000	-0.042572
170.451100	-0.016327
170.451200	0.004730
170.451300	0.034180
170.451400	0.041351
170.451500	0.053406
170.451600	0.061798
170.451700	0.069733
170.451800	0.068817
170.451900	0.074768
170.452000	0.087433
170.452100	0.100708
170.452200	0.120239
170.452300	0.142975
170.452400	0.158691
170.452500	0.162964
170.452600	0.178680
170.452700	0.180664
170.452800	0.176239
170.452900	0.166931
170.453000	0.144196
170.453100	0.126343
170.453200	0.096741
170.453300	0.069580
170.453400	0.034637
170.453500	0.008850
170.453600	-0.019226
170.453700	-0.042572
170.453800	-0.046997
170.453900	-0.059814
170.454000	-0.057373
170.454100	-0.045624
170.454200	-0.032349
170.454300	-0.018005
170.454400	-0.002594
170.454500	0.011749
170.454600	0.032654
170.454700	0.037842
170.454800	0.045929
170.454900	0.055389
170.455000	0.056000
170.455100	0.059967
170.455200	0.066528
170.455300	0.073242
170.455400	0.073242
170.455500	0.074310
170.455600	0.075378
170.455700	0.075073
170.455800	0.072937
170.455900	0.069733
170.456000	0.067139
170.456100	0.063782
170.456200	0.064392
170.456300	0.066681
170.456400	0.065155
170.456500	0.060577
170.456600	0.057831
170.456700	0.055695
170.456800	0.057373
170.456900	0.057831
170.457000	0.065002
170.457100	0.064240
170.457200	0.061188
170.457300	0.059357
170.457400	0.058136
170.457500	0.056915
170.457600	0.056000
170.457700	0.053253
170.457800	0.046387
170.457900	0.038605
170.458000	0.028534
170.458100	0.027618
170.458200	0.023193
170.458300	0.025330
170.458400	0.048065
170.458500	0.095673
170.458600	0.196838
170.458700	0.351868
170.458800	0.562744
170.458900	0.791931
170.459000	0.983582
170.459100	1.096649
170.459200	1.129303
170.459300	1.094666
170.459400	0.970459
170.459500	0.729980
170.459600	0.428314
170.459700	0.070343
170.459800	-0.288086
170.459900	-0.609436
170.460000	-0.859375
170.460100	-1.026611
170.460200	-1.091766
170.460300	-1.072540
170.460400	-0.991974
170.460500	-0.856934
170.460600	-0.676575
170.460700	-0.468445
170.460800	-0.272369
170.460900	-0.128784
170.461000	-0.027771
170.461100	0.036316
170.461200	0.058289
170.461300	0.061188
170.461400	0.055237
170.461500	0.041199
170.461600	0.034485
170.461700	0.017395
170.461800	0.008698
170.461900	0.008850
170.462000	0.013123
170.462100	0.012817
170.462200	0.023804
170.462300	0.034637
170.462400	0.040283
170.462500	0.055084
170.462600	0.063171
170.462700	0.062256
170.462800	0.069427
170.462900	0.072174
170.463000	0.083618
170.463100	0.095825
170.463200	0.105286
170.463300	0.120544
170.463400	0.131683
170.463500	0.140076
170.463600	0.140686
170.463700	0.136871
170.463800	0.124054
170.463900	0.100708
170.464000	0.070496
170.464100	0.032654
170.464200	0.006866
170.464300	-0.012207
170.464400	-0.021820
170.464500	-0.023804
170.464600	-0.028229
170.464700	-0.012665
170.464800	0.002441
170.464900	0.023346
170.465000	0.050049
170.465100	0.064697
170.465200	0.077820
170.465300	0.085602
170.465400	0.091095
170.465500	0.088654
170.465600	0.086212
170.465700	0.074615
170.465800	0.076294
170.465900	0.074615
170.466000	0.068512
170.466100	0.050201
170.466200	0.049133
170.466300	0.045319
170.466400	0.042267
170.466500	0.035706
170.466600	0.031891
170.466700	0.032196
170.466800	0.034943
170.466900	0.041504
170.467000	0.049438
170.467100	0.056610
170.467200	0.064240
170.467300	0.066986
170.467400	0.079498
170.467500	0.087585
170.467600	0.093689
170.467700	0.093231
170.467800	0.097046
170.467900	0.098572
170.468000	0.090790
170.468100	0.088806
170.468200	0.085449
170.468300	0.081177
170.468400	0.075226
170.468500	0.065155
170.468600	0.052643
170.468700	0.043640
170.468800	0.039062
170.468900	0.031433
170.469000	0.027161
170.469100	0.024719
170.469200	0.027618
170.469300	0.030670
170.469400	0.035553
170.469500	0.040436
170.469600	0.039978
170.469700	0.048828
170.469800	0.055237
170.469900	0.054779
170.470000	0.053864
170.470100	0.050812
170.470200	0.054626
170.470300	0.050049
170.470400	0.056152
170.470500	0.052185
170.470600	0.059052
170.470700	0.061188
170.470800	0.066376
170.470900	0.070038
170.471000	0.069733
170.471100	0.076447
170.471200	0.078583
170.471300	0.080566
170.471400	0.087280
170.471500	0.095978
170.471600	0.106354
170.471700	0.104065
170.471800	0.109100
170.471900	0.105286
170.472000	0.097504
170.472100	0.081024
170.472200	0.069733
170.472300	0.062561
170.472400	0.047455
170.472500	0.034027
170.472600	0.023651
170.472700	0.019226
170.472800	0.020752
170.472900	0.015259
170.473000	0.025940
170.473100	0.041809
170.473200	0.077667
170.473300	0.146484
170.473400	0.261993
170.473500	0.403900
170.473600	0.542603
170.473700	0.633087
170.473800	0.659485
170.473900	0.639343
170.474000	0.597229
170.474100	0.527496
170.474200	0.433655
170.474300	0.276947
170.474400	0.061035
170.474500	-0.170898
170.474600	-0.386047
170.474700	-0.528564
170.474800	-0.583344
170.474900	-0.564880
170.475000	-0.526276
170.475100	-0.482635
170.475200	-0.434570
170.475300	-0.379486
170.475400	-0.299225
170.475500	-0.204163
170.475600	-0.104370
170.475700	-0.027771
170.475800	0.016174
170.475900	0.035553
170.476000	0.043488
170.476100	0.038605
170.476200	0.038757
170.476300	0.044708
170.476400	0.047302
170.476500	0.049133
170.476600	0.048218
170.476700	0.052490
170.476800	0.056458
170.476900	0.050659
170.477000	0.050812
170.477100	0.050812
170.477200	0.056000
170.477300	0.050659
170.477400	0.051727
170.477500	0.053406
170.477600	0.053864
170.477700	0.050201
170.477800	0.049591
170.477900	0.051575
170.478000	0.045319
170.478100	0.044098
170.478200	0.047150
170.478300	0.043640
170.478400	0.041046
170.478500	0.042725
170.478600	0.045471
170.478700	0.039215
170.478800	0.037994
170.478900	0.040131
170.479000	0.044098
170.479100	0.049438
170.479200	0.048981
170.479300	0.054779
170.479400	0.049286
170.479500	0.046539
170.479600	0.047913
170.479700	0.055695
170.479800	0.050201
170.479900	0.046692
170.480000	0.045624
170.480100	0.048523
170.480200	0.046234
170.480300	0.042877
170.480400	0.045166
170.480500	0.049744
170.480600	0.048065
170.480700	0.050201
170.480800	0.052795
170.480900	0.054932
170.481000	0.055847
170.481100	0.053101
170.481200	0.057068
170.481300	0.063934
170.481400	0.063019
170.481500	0.063934
170.481600	0.070801
170.481700	0.065460
170.481800	0.066376
170.481900	0.062866
170.482000	0.061646
170.482100	0.065308
170.482200	0.065460
170.482300	0.066071
170.482400	0.060425
170.482500	0.048370
170.482600	0.057220
170.482700	0.052643
170.482800	0.048523
170.482900	0.049896
170.483000	0.044250
170.483100	0.043793
170.483200	0.047302
170.483300	0.042725
170.483400	0.046234
170.483500	0.043030
170.483600	0.043793
170.483700	0.048828
170.483800	0.046692
170.483900	0.042877
170.484000	0.048523
170.484100	0.050964
170.484200	0.046844
170.484300	0.048370
170.484400	0.043945
170.484500	0.046082
170.484600	0.047302
170.484700	0.052643
170.484800	0.056610
170.484900	0.057373
170.485000	0.055847
170.485100	0.058289
170.485200	0.056305
170.485300	0.053864
170.485400	0.052795
170.485500	0.052948
170.485600	0.053101
170.485700	0.056610
170.485800	0.055084
170.485900	0.052948
170.486000	0.054321
170.486100	0.052643
170.486200	0.058746
170.486300	0.059814
170.486400	0.056763
170.486500	0.061035
170.486600	0.056915
170.486700	0.067291
170.486800	0.061493
170.486900	0.064697
170.487000	0.060577
170.487100	0.054321
170.487200	0.049896
170.487300	0.052795
170.487400	0.058289
170.487500	0.061035
170.487600	0.062561
170.487700	0.059052
170.487800	0.059357
170.487900	0.060425
170.488000	0.057678
170.488100	0.054626
170.488200	0.047913
170.488300	0.045929
170.488400	0.043945
170.488500	0.041656
170.488600	0.040588
170.488700	0.042877
170.488800	0.045319
170.488900	0.043335
170.489000	0.037994
170.489100	0.045624
170.489200	0.049591
170.489300	0.050507
170.489400	0.053253
170.489500	0.058441
170.489600	0.062408
170.489700	0.068054
170.489800	0.069275
170.489900	0.066071
170.490000	0.068817
170.490100	0.070038
170.490200	0.064545
170.490300	0.061035
170.490400	0.063171
170.490500	0.055695
170.490600	0.052795
170.490700	0.043182
170.490800	0.043793
170.490900	0.044098
170.491000	0.050964
170.491100	0.060883
170.491200	0.066986
170.491300	0.071564
170.491400	0.074615
170.491500	0.080109
170.491600	0.076294
170.491700	0.073395
170.491800	0.076447
170.491900	0.070190
170.492000	0.068512
170.492100	0.054474
170.492200	0.051880
170.492300	0.046387
170.492400	0.034180
170.492500	0.029755
170.492600	0.028839
170.492700	0.024567
170.492800	0.021667
170.492900	0.025787
170.493000	0.022430
170.493100	0.031738
170.493200	0.026245
170.493300	0.030060
170.493400	0.041962
170.493500	0.041656
170.493600	0.045624
170.493700	0.061188
170.493800	0.086517
170.493900	0.130463
170.494000	0.173340
170.494100	0.218353
170.494200	0.233765
170.494300	0.224152
170.494400	0.205078
170.494500	0.180206
170.494600	0.136108
170.494700	0.096741
170.494800	0.040894
170.494900	-0.018158
170.495000	-0.074921
170.495100	-0.117950
170.495200	-0.148621
170.495300	-0.166626
170.495400	-0.182800
170.495500	-0.186157
170.495600	-0.186462
170.495700	-0.153198
170.495800	-0.101166
170.495900	-0.019531
170.496000	0.090637
