214.372100	0.058136
214.372200	0.063019
214.372300	0.063171
214.372400	0.062561
214.372500	0.058594
214.372600	0.055695
214.372700	0.055084
214.372800	0.057220
214.372900	0.056610
214.373000	0.060272
214.373100	0.054474
214.373200	0.054169
214.373300	0.054474
214.373400	0.056763
214.373500	0.054626
214.373600	0.058136
214.373700	0.060120
214.373800	0.063477
214.373900	0.061798
214.374000	0.072784
214.374100	0.093384
214.374200	0.130005
214.374300	0.198822
214.374400	0.279541
214.374500	0.346985
214.374600	0.394592
214.374700	0.383301
214.374800	0.333252
214.374900	0.262604
214.375000	0.166321
214.375100	0.066986
214.375200	-0.033875
214.375300	-0.134277
214.375400	-0.216064
214.375500	-0.274658
214.375600	-0.300751
214.375700	-0.298920
214.375800	-0.263672
214.375900	-0.188293
214.376000	-0.106354
214.376100	-0.028687
214.376200	0.019989
214.376300	0.042114
214.376400	0.057526
214.376500	0.061493
214.376600	0.057068
214.376700	0.053864
214.376800	0.043335
214.376900	0.040588
214.377000	0.032806
214.377100	0.025024
214.377200	0.026398
214.377300	0.027771
214.377400	0.029297
214.377500	0.034180
214.377600	0.035858
214.377700	0.038605
214.377800	0.046692
214.377900	0.046234
214.378000	0.049286
214.378100	0.048981
214.378200	0.050964
214.378300	0.052338
214.378400	0.057678
214.378500	0.071716
214.378600	0.095978
214.378700	0.128937
214.378800	0.180054
214.378900	0.214233
214.379000	0.222778
214.379100	0.233612
214.379200	0.216522
214.379300	0.163116
214.379400	0.072784
214.379500	-0.013123
214.379600	-0.092163
214.379700	-0.130768
214.379800	-0.142822
214.379900	-0.138855
214.380000	-0.128784
214.380100	-0.092316
214.380200	-0.037231
214.380300	0.009003
214.380400	0.037689
214.380500	0.056915
214.380600	0.058289
214.380700	0.063324
214.380800	0.062103
214.380900	0.050964
214.381000	0.056458
214.381100	0.063171
214.381200	0.059052
214.381300	0.057220
214.381400	0.056305
214.381500	0.057373
214.381600	0.057983
214.381700	0.062561
214.381800	0.081482
214.381900	0.129089
214.382000	0.246277
214.382100	0.443268
214.382200	0.691986
214.382300	0.919189
214.382400	1.076202
214.382500	1.154327
214.382600	1.137695
214.382700	0.987396
214.382800	0.718994
214.382900	0.384674
214.383000	0.040741
214.383100	-0.248871
214.383200	-0.445557
214.383300	-0.591888
214.383400	-0.728760
214.383500	-0.833130
214.383600	-0.927429
214.383700	-1.005859
214.383800	-1.047821
214.383900	-1.047668
214.384000	-0.990295
214.384100	-0.855408
214.384200	-0.630493
214.384300	-0.388184
214.384400	-0.199890
214.384500	-0.060883
214.384600	0.020142
214.384700	0.062103
214.384800	0.071411
214.384900	0.081024
214.385000	0.086365
214.385100	0.099640
214.385200	0.100555
214.385300	0.117340
214.385400	0.122070
214.385500	0.125580
214.385600	0.127258
214.385700	0.119476
214.385800	0.101013
214.385900	0.088348
214.386000	0.074921
214.386100	0.068512
214.386200	0.068054
214.386300	0.062866
214.386400	0.060272
214.386500	0.062256
214.386600	0.067596
214.386700	0.071716
214.386800	0.072174
214.386900	0.073547
214.387000	0.073700
214.387100	0.074310
214.387200	0.064392
214.387300	0.048523
214.387400	0.047455
214.387500	0.053253
214.387600	0.057220
214.387700	0.062256
214.387800	0.064240
214.387900	0.066223
214.388000	0.071259
214.388100	0.071106
214.388200	0.072937
214.388300	0.072632
214.388400	0.071106
214.388500	0.072479
214.388600	0.066681
214.388700	0.070953
214.388800	0.074463
214.388900	0.078278
214.389000	0.079041
214.389100	0.077820
214.389200	0.076141
214.389300	0.075226
214.389400	0.073547
214.389500	0.078735
214.389600	0.081787
214.389700	0.086517
214.389800	0.092010
214.389900	0.092926
214.390000	0.088806
214.390100	0.082397
214.390200	0.079041
214.390300	0.076447
214.390400	0.063629
214.390500	0.058594
214.390600	0.056458
214.390700	0.050659
214.390800	0.050659
214.390900	0.051727
214.391000	0.049591
214.391100	0.042114
214.391200	0.029907
214.391300	0.024872
214.391400	0.022888
214.391500	0.025330
214.391600	0.035095
214.391700	0.053101
214.391800	0.072937
214.391900	0.135193
214.392000	0.222168
214.392100	0.323639
214.392200	0.415802
214.392300	0.453644
214.392400	0.426483
214.392500	0.357361
214.392600	0.267334
214.392700	0.150909
214.392800	0.022888
214.392900	-0.103455
214.393000	-0.214844
214.393100	-0.308228
214.393200	-0.358124
214.393300	-0.368652
214.393400	-0.316772
214.393500	-0.210876
214.393600	-0.071716
214.393700	0.073395
214.393800	0.202332
214.393900	0.293121
214.394000	0.344391
214.394100	0.353546
214.394200	0.325012
214.394300	0.265198
214.394400	0.183716
214.394500	0.095215
214.394600	0.001678
214.394700	-0.088043
214.394800	-0.161133
214.394900	-0.216522
214.395000	-0.259094
214.395100	-0.264282
214.395200	-0.239868
214.395300	-0.193481
214.395400	-0.116730
214.395500	-0.029297
214.395600	0.095520
214.395700	0.277100
214.395800	0.535278
214.395900	0.821533
214.396000	1.052856
214.396100	1.220856
214.396200	1.354980
214.396300	1.446228
214.396400	1.524811
214.396500	1.542053
214.396600	1.258545
214.396700	0.875244
214.396800	0.657654
214.396900	0.565033
214.397000	0.279083
214.397100	-0.222015
214.397200	-0.693207
214.397300	-1.098785
214.397400	-1.508789
214.397500	-1.655731
214.397600	-1.596222
214.397700	-1.531219
214.397800	-1.520233
214.397900	-1.370697
214.398000	-1.123199
214.398100	-0.578766
214.398200	-0.292511
214.398300	-0.125122
214.398400	-0.055084
214.398500	-0.029297
214.398600	-0.016785
214.398700	-0.010681
214.398800	0.005646
214.398900	0.016937
214.399000	0.032349
214.399100	0.043182
214.399200	0.053864
214.399300	0.054016
214.399400	0.059509
214.399500	0.051880
214.399600	0.051880
214.399700	0.051117
214.399800	0.052490
214.399900	0.059357
214.400000	0.052032
214.400100	0.060730
214.400200	0.062561
214.400300	0.068512
214.400400	0.064697
214.400500	0.070038
214.400600	0.064087
214.400700	0.061646
214.400800	0.058899
214.400900	0.061188
214.401000	0.063934
214.401100	0.064697
214.401200	0.065613
214.401300	0.074615
214.401400	0.079498
214.401500	0.084839
214.401600	0.094299
214.401700	0.112305
214.401800	0.131683
214.401900	0.152283
214.402000	0.161438
214.402100	0.145721
214.402200	0.141907
214.402300	0.123291
214.402400	0.102692
214.402500	0.079193
214.402600	0.074921
214.402700	0.106812
214.402800	0.206604
214.402900	0.423889
214.403000	0.831451
214.403100	1.356354
214.403200	1.851959
214.403300	2.085724
214.403400	2.025299
214.403500	1.841278
214.403600	1.552429
214.403700	1.020660
214.403800	0.259705
214.403900	-0.579681
214.404000	-1.153412
214.404100	-1.888428
214.404200	-2.149353
214.404300	-2.167053
214.404400	-2.066956
214.404500	-1.891479
214.404600	-1.559906
214.404700	-1.208801
214.404800	-0.533905
214.404900	-0.034637
214.405000	0.401001
214.405100	0.733337
214.405200	0.832977
214.405300	0.823059
214.405400	0.783386
214.405500	0.697632
214.405600	0.499878
214.405700	0.169067
214.405800	-0.188904
214.405900	-0.467987
214.406000	-0.630035
214.406100	-0.715179
214.406200	-0.769043
214.406300	-0.820007
214.406400	-0.734100
214.406500	-0.483246
214.406600	-0.258942
214.406700	-0.095673
214.406800	0.012665
214.406900	0.066223
214.407000	0.083923
214.407100	0.097198
214.407200	0.095825
214.407300	0.098724
214.407400	0.091858
214.407500	0.099640
214.407600	0.106201
214.407700	0.115509
214.407800	0.114746
214.407900	0.109558
214.408000	0.096283
214.408100	0.087280
214.408200	0.079956
214.408300	0.071106
214.408400	0.058899
214.408500	0.055542
214.408600	0.058441
214.408700	0.054474
214.408800	0.061035
214.408900	0.074768
214.409000	0.083466
214.409100	0.103149
214.409200	0.113678
214.409300	0.118103
214.409400	0.126495
214.409500	0.119629
214.409600	0.109406
214.409700	0.080872
214.409800	0.053864
214.409900	0.027161
214.410000	0.007629
214.410100	-0.000305
214.410200	0.000305
214.410300	0.003204
214.410400	0.012512
214.410500	0.029449
214.410600	0.044098
214.410700	0.062408
214.410800	0.071259
214.410900	0.076599
214.411000	0.074921
214.411100	0.074615
214.411200	0.071106
214.411300	0.062714
214.411400	0.065918
214.411500	0.054016
214.411600	0.052032
214.411700	0.053406
214.411800	0.050964
214.411900	0.054321
214.412000	0.054016
214.412100	0.065918
214.412200	0.069122
214.412300	0.064392
214.412400	0.063324
214.412500	0.052490
214.412600	0.048981
214.412700	0.042267
214.412800	0.045624
214.412900	0.036621
214.413000	0.037842
214.413100	0.040131
214.413200	0.044556
214.413300	0.047913
214.413400	0.048676
214.413500	0.051880
214.413600	0.052643
214.413700	0.054626
214.413800	0.060425
214.413900	0.062561
214.414000	0.062714
214.414100	0.066071
214.414200	0.066986
214.414300	0.075073
214.414400	0.086060
214.414500	0.081482
214.414600	0.078735
214.414700	0.089417
214.414800	0.098419
214.414900	0.105286
214.415000	0.119324
214.415100	0.125580
214.415200	0.126343
214.415300	0.110474
214.415400	0.086670
214.415500	0.068054
214.415600	0.040436
214.415700	0.009460
214.415800	-0.015564
214.415900	-0.033875
214.416000	-0.045929
214.416100	-0.057220
214.416200	-0.062103
214.416300	-0.048828
214.416400	-0.020294
214.416500	0.007324
214.416600	0.024567
214.416700	0.038605
214.416800	0.047913
214.416900	0.053101
214.417000	0.061951
214.417100	0.061035
214.417200	0.061493
214.417300	0.067749
214.417400	0.060730
214.417500	0.054016
214.417600	0.050659
214.417700	0.055237
214.417800	0.084839
214.417900	0.160675
214.418000	0.312805
214.418100	0.551300
214.418200	0.841522
214.418300	1.081848
214.418400	1.224365
214.418500	1.230316
214.418600	1.121216
214.418700	0.860138
214.418800	0.485535
214.418900	0.074463
214.419000	-0.349579
214.419100	-0.763245
214.419200	-1.078491
214.419300	-1.181335
214.419400	-1.226807
214.419500	-1.145477
214.419600	-0.674744
214.419700	-0.144043
214.419800	0.416870
214.419900	0.868378
214.420000	1.119843
214.420100	1.204224
214.420200	1.174774
214.420300	0.992126
214.420400	0.642700
214.420500	0.225830
214.420600	-0.198212
214.420700	-0.626831
214.420800	-1.005707
214.420900	-1.181641
214.421000	-1.227417
214.421100	-1.190491
214.421200	-0.769196
214.421300	-0.269318
214.421400	0.292053
214.421500	0.775909
214.421600	1.094055
214.421700	1.303711
214.421800	1.464233
214.421900	1.602631
214.422000	1.815796
214.422100	1.910553
214.422200	1.686707
214.422300	1.417847
214.422400	1.219482
214.422500	0.906982
214.422600	0.274963
214.422700	-0.497894
214.422800	-1.142578
214.422900	-2.013092
214.423000	-2.423096
214.423100	-2.467499
214.423200	-2.404938
214.423300	-2.377625
214.423400	-2.195129
214.423500	-1.682739
214.423600	-1.222839
214.423700	-0.668640
214.423800	-0.300598
214.423900	-0.085907
214.424000	0.021210
214.424100	0.072021
214.424200	0.090790
214.424300	0.101318
214.424400	0.099945
214.424500	0.105896
214.424600	0.105286
214.424700	0.101624
214.424800	0.104980
214.424900	0.104065
214.425000	0.100250
214.425100	0.099945
214.425200	0.097961
214.425300	0.095673
214.425400	0.097656
214.425500	0.086060
214.425600	0.071259
