323.428100	4.999847
323.428200	4.999847
323.428300	4.999847
323.428400	4.999847
323.428500	4.668427
323.428600	3.954010
323.428700	3.141327
323.428800	2.378082
323.428900	1.730347
323.429000	1.202087
323.429100	0.766907
323.429200	0.422974
323.429300	0.164642
323.429400	-0.000610
323.429500	-0.086212
323.429600	-0.095978
323.429700	-0.068207
323.429800	-0.015259
323.429900	0.047607
323.430000	0.101318
323.430100	0.151062
323.430200	0.178223
323.430300	0.181580
323.430400	0.165100
323.430500	0.118256
323.430600	0.056152
323.430700	-0.026245
323.430800	-0.127563
323.430900	-0.225983
323.431000	-0.322266
323.431100	-0.409241
323.431200	-0.471802
323.431300	-0.505981
323.431400	-0.516205
323.431500	-0.501556
323.431600	-0.458374
323.431700	-0.397797
323.431800	-0.312805
323.431900	-0.219574
323.432000	-0.112610
323.432100	-0.001221
323.432200	0.103607
323.432300	0.202637
323.432400	0.289917
323.432500	0.358276
323.432600	0.418701
323.432700	0.455170
323.432800	0.476227
323.432900	0.485077
323.433000	0.465546
323.433100	0.433807
323.433200	0.384369
323.433300	0.312805
323.433400	0.235291
323.433500	0.157928
323.433600	0.077667
323.433700	0.022125
323.433800	-0.019226
323.433900	-0.054321
323.434000	-0.071564
323.434100	-0.083466
323.434200	-0.095978
323.434300	-0.092773
323.434400	-0.096741
323.434500	-0.099792
323.434600	-0.102234
323.434700	-0.097961
323.434800	-0.104828
323.434900	-0.107727
323.435000	-0.113068
323.435100	-0.115967
323.435200	-0.117950
323.435300	-0.120392
323.435400	-0.121307
323.435500	-0.114288
323.435600	-0.111694
323.435700	-0.106506
323.435800	-0.104980
323.435900	-0.098877
323.436000	-0.091248
323.436100	-0.081329
323.436200	-0.069580
323.436300	-0.055542
323.436400	-0.043945
323.436500	-0.031586
323.436600	-0.022125
323.436700	-0.017548
323.436800	-0.008087
323.436900	-0.006714
323.437000	-0.004120
323.437100	-0.003967
323.437200	-0.001526
323.437300	-0.004578
323.437400	-0.003967
323.437500	-0.009918
323.437600	-0.017395
323.437700	-0.018005
323.437800	-0.022736
323.437900	-0.028076
323.438000	-0.026550
323.438100	-0.029602
323.438200	-0.026093
323.438300	-0.033722
323.438400	-0.042572
323.438500	-0.060120
323.438600	-0.074310
323.438700	-0.099030
323.438800	-0.126953
323.438900	-0.159302
323.439000	-0.191040
323.439100	-0.221863
323.439200	-0.242615
323.439300	-0.259552
323.439400	-0.258789
323.439500	-0.270844
323.439600	-0.256195
323.439700	-0.241241
323.439800	-0.222168
323.439900	-0.202484
323.440000	-0.177460
323.440100	-0.148773
323.440200	-0.121613
323.440300	-0.087280
323.440400	-0.059509
323.440500	-0.032654
323.440600	-0.006409
323.440700	0.014801
323.440800	0.038757
323.440900	0.064087
323.441000	0.082550
323.441100	0.101624
323.441200	0.118256
323.441300	0.136261
323.441400	0.146637
323.441500	0.157166
323.441600	0.165863
323.441700	0.171967
323.441800	0.161133
323.441900	0.153198
323.442000	0.139771
323.442100	0.121002
323.442200	0.107269
323.442300	0.102386
323.442400	0.103607
323.442500	0.108032
323.442600	0.126038
323.442700	0.136261
323.442800	0.144501
323.442900	0.159149
323.443000	0.168762
323.443100	0.167999
323.443200	0.157166
323.443300	0.146484
323.443400	0.129395
323.443500	0.110474
323.443600	0.086975
323.443700	0.063629
323.443800	0.041504
323.443900	0.017242
323.444000	-0.004883
323.444100	-0.021820
323.444200	-0.035095
323.444300	-0.044708
323.444400	-0.045013
323.444500	-0.050812
323.444600	-0.045929
323.444700	-0.040283
323.444800	-0.030365
323.444900	-0.027771
323.445000	-0.011444
323.445100	0.006866
323.445200	0.017242
323.445300	0.021057
323.445400	0.027924
323.445500	0.041504
323.445600	0.053558
323.445700	0.071106
323.445800	0.083008
323.445900	0.086670
323.446000	0.091553
323.446100	0.096130
323.446200	0.094604
323.446300	0.093994
323.446400	0.091858
323.446500	0.090942
323.446600	0.094604
323.446700	0.087891
323.446800	0.081787
323.446900	0.072632
323.447000	0.065613
323.447100	0.059662
323.447200	0.050507
323.447300	0.038147
323.447400	0.030212
323.447500	0.019073
323.447600	0.012207
323.447700	0.011444
323.447800	-0.000153
323.447900	-0.006409
323.448000	-0.016785
323.448100	-0.025635
323.448200	-0.027618
323.448300	-0.031586
323.448400	-0.034027
323.448500	-0.035553
323.448600	-0.040283
323.448700	-0.039978
323.448800	-0.034485
323.448900	-0.031433
323.449000	-0.027618
323.449100	-0.017853
323.449200	0.003052
323.449300	0.023041
323.449400	0.032959
323.449500	0.054626
323.449600	0.065308
323.449700	0.077057
323.449800	0.083771
323.449900	0.088348
323.450000	0.092316
323.450100	0.091400
323.450200	0.088348
323.450300	0.084839
323.450400	0.082245
323.450500	0.075684
323.450600	0.068359
323.450700	0.061340
323.450800	0.056152
323.450900	0.050201
323.451000	0.046387
323.451100	0.046539
323.451200	0.040588
323.451300	0.036316
323.451400	0.032043
323.451500	0.032349
323.451600	0.030365
323.451700	0.020752
323.451800	0.013275
323.451900	0.003052
323.452000	-0.022430
323.452100	-0.050659
323.452200	-0.090179
323.452300	-0.138855
323.452400	-0.209656
323.452500	-0.304260
323.452600	-0.419617
323.452700	-0.548706
323.452800	-0.686493
323.452900	-0.811920
323.453000	-0.944366
323.453100	-1.094055
323.453200	-1.214600
323.453300	-1.433105
323.453400	-1.567230
323.453500	-1.624146
323.453600	-1.616821
323.453700	-1.551666
323.453800	-1.480408
323.453900	-1.419983
323.454000	-1.378174
323.454100	-1.354065
323.454200	-1.330719
323.454300	-1.296692
323.454400	-1.267090
323.454500	-0.986176
323.454600	-0.667877
323.454700	-0.305939
323.454800	0.038147
323.454900	0.368500
323.455000	0.672150
323.455100	0.961304
323.455200	1.236115
323.455300	1.506958
323.455400	1.764526
323.455500	1.957550
323.455600	2.053223
323.455700	2.051392
323.455800	1.997833
323.455900	1.929932
323.456000	1.876068
323.456100	1.845245
323.456200	1.842194
323.456300	1.841888
323.456400	1.805573
323.456500	1.676025
323.456600	1.449738
323.456700	1.158295
323.456800	0.889587
323.456900	0.646057
323.457000	0.446777
323.457100	0.273895
323.457200	0.104675
323.457300	-0.062256
323.457400	-0.224304
323.457500	-0.375977
323.457600	-0.531006
323.457700	-0.705414
323.457800	-0.898285
323.457900	-1.122284
323.458000	-1.357880
323.458100	-1.544495
323.458200	-1.663055
323.458300	-1.774139
323.458400	-1.905060
323.458500	-2.088776
323.458600	-2.342987
323.458700	-2.662506
323.458800	-2.997131
323.458900	-3.239746
323.459000	-3.290558
323.459100	-3.112335
323.459200	-2.791595
323.459300	-2.431946
323.459400	-2.076111
323.459500	-1.745148
323.459600	-1.412659
323.459700	-1.005707
323.459800	-0.445404
323.459900	0.115509
323.460000	0.630188
323.460100	1.083374
323.460200	1.490021
323.460300	1.868286
323.460400	2.219391
323.460500	2.542419
323.460600	2.810059
323.460700	2.954102
323.460800	2.922668
323.460900	2.719116
323.461000	2.421722
323.461100	2.134705
323.461200	1.887665
323.461300	1.669617
323.461400	1.443329
323.461500	1.164093
323.461600	0.849304
323.461700	0.534668
323.461800	0.294800
323.461900	0.146484
323.462000	0.082550
323.462100	0.091553
323.462200	0.144958
323.462300	0.245667
323.462400	0.374451
323.462500	0.531921
323.462600	0.699158
323.462700	0.852509
323.462800	0.994873
323.462900	1.105347
323.463000	1.174774
323.463100	1.224060
323.463200	1.235046
323.463300	1.221008
323.463400	1.174011
323.463500	1.092987
323.463600	0.988922
323.463700	0.851135
323.463800	0.700989
323.463900	0.540924
323.464000	0.393677
323.464100	0.272522
323.464200	0.167542
323.464300	0.087128
323.464400	0.030212
323.464500	-0.011444
323.464600	-0.035248
323.464700	-0.052795
323.464800	-0.062256
323.464900	-0.065918
323.465000	-0.069122
323.465100	-0.070953
323.465200	-0.070038
323.465300	-0.067596
323.465400	-0.068054
323.465500	-0.067444
323.465600	-0.069427
323.465700	-0.062866
323.465800	-0.069427
323.465900	-0.064545
323.466000	-0.063934
323.466100	-0.055695
323.466200	-0.068207
323.466300	-0.071869
323.466400	-0.088196
323.466500	-0.115356
323.466600	-0.146179
323.466700	-0.193634
323.466800	-0.252686
323.466900	-0.319824
323.467000	-0.385284
323.467100	-0.447845
323.467200	-0.496063
323.467300	-0.518799
323.467400	-0.516052
323.467500	-0.497284
323.467600	-0.465240
323.467700	-0.421753
323.467800	-0.374603
323.467900	-0.312347
323.468000	-0.243683
323.468100	-0.162201
323.468200	-0.078125
323.468300	0.003967
323.468400	0.086670
323.468500	0.169220
323.468600	0.245514
323.468700	0.311584
323.468800	0.368958
323.468900	0.417480
323.469000	0.460205
323.469100	0.487671
323.469200	0.501709
323.469300	0.497437
323.469400	0.472107
323.469500	0.423279
323.469600	0.350647
323.469700	0.269470
323.469800	0.193176
323.469900	0.132751
323.470000	0.081940
323.470100	0.043488
323.470200	0.016785
323.470300	0.002136
323.470400	-0.004272
323.470500	-0.008850
323.470600	-0.009155
323.470700	-0.008087
323.470800	-0.007324
323.470900	-0.005646
323.471000	-0.009766
323.471100	-0.008392
323.471200	-0.001831
323.471300	-0.008240
323.471400	-0.007935
323.471500	-0.012054
323.471600	-0.014496
323.471700	-0.024109
323.471800	-0.040741
323.471900	-0.072021
323.472000	-0.128021
323.472100	-0.205383
323.472200	-0.298309
323.472300	-0.424652
323.472400	-0.570221
323.472500	-0.747528
323.472600	-0.952606
323.472700	-1.174164
323.472800	-1.397552
323.472900	-1.566772
323.473000	-1.703949
323.473100	-1.815948
323.473200	-1.924744
323.473300	-2.035522
323.473400	-2.135162
323.473500	-2.212372
323.473600	-2.256165
323.473700	-2.251587
323.473800	-2.156982
323.473900	-1.950073
323.474000	-1.637421
323.474100	-1.302490
323.474200	-0.852356
323.474300	-0.362244
323.474400	0.107117
323.474500	0.571289
323.474600	1.052856
323.474700	1.533203
323.474800	1.994629
323.474900	2.369080
323.475000	2.608643
323.475100	2.715149
323.475200	2.744141
323.475300	2.726288
323.475400	2.692566
323.475500	2.651062
323.475600	2.593536
323.475700	2.482758
323.475800	2.303925
323.475900	2.018738
323.476000	1.668396
323.476100	1.296082
323.476200	0.963287
323.476300	0.688934
323.476400	0.466614
323.476500	0.300140
323.476600	0.168610
323.476700	0.073090
323.476800	0.013123
323.476900	-0.033417
323.477000	-0.052948
323.477100	-0.062866
323.477200	-0.068359
323.477300	-0.066528
323.477400	-0.068665
323.477500	-0.067444
323.477600	-0.063019
323.477700	-0.058899
323.477800	-0.057983
323.477900	-0.058289
323.478000	-0.055542
323.478100	-0.058594
323.478200	-0.059204
323.478300	-0.054321
323.478400	-0.057068
323.478500	-0.054626
323.478600	-0.052338
323.478700	-0.051270
323.478800	-0.049133
323.478900	-0.048981
323.479000	-0.044250
323.479100	-0.043488
323.479200	-0.043182
323.479300	-0.036926
323.479400	-0.039368
323.479500	-0.036621
323.479600	-0.037079
323.479700	-0.033264
323.479800	-0.027161
323.479900	-0.029602
323.480000	-0.026703
323.480100	-0.030975
323.480200	-0.026855
323.480300	-0.019684
323.480400	-0.021973
323.480500	-0.020142
323.480600	-0.021820
323.480700	-0.019379
323.480800	-0.021210
323.480900	-0.016022
323.481000	-0.016632
323.481100	-0.016632
323.481200	-0.017548
323.481300	-0.016785
323.481400	-0.019531
323.481500	-0.013580
323.481600	-0.016174
