520.957700	-0.028076
520.957800	-0.027313
520.957900	-0.028076
520.958000	-0.026703
520.958100	-0.027466
520.958200	-0.024414
520.958300	-0.019073
520.958400	-0.021362
520.958500	-0.016785
520.958600	-0.020905
520.958700	-0.021820
520.958800	-0.019531
520.958900	-0.016785
520.959000	-0.018616
520.959100	-0.019379
520.959200	-0.012970
520.959300	-0.014038
520.959400	-0.007935
520.959500	0.003052
520.959600	0.003204
520.959700	-0.004425
520.959800	-0.024719
520.959900	-0.041809
520.960000	-0.043945
520.960100	-0.033417
520.960200	-0.026245
520.960300	-0.018616
520.960400	-0.017395
520.960500	0.001373
520.960600	0.073242
520.960700	0.249329
520.960800	0.446167
520.960900	0.437469
520.961000	0.323029
520.961100	0.171661
520.961200	-0.016632
520.961300	-0.200195
520.961400	-0.356750
520.961500	-0.472565
520.961600	-0.506897
520.961700	-0.356445
520.961800	-0.179443
520.961900	-0.074768
520.962000	-0.042877
520.962100	-0.033417
520.962200	-0.029907
520.962300	-0.011749
520.962400	-0.005646
520.962500	-0.003052
520.962600	-0.001068
520.962700	0.060425
520.962800	0.225220
520.962900	0.422668
520.963000	0.460205
520.963100	0.341492
520.963200	0.140991
520.963300	-0.087891
520.963400	-0.307770
520.963500	-0.471802
520.963600	-0.543976
520.963700	-0.474091
520.963800	-0.266113
520.963900	-0.004883
520.964000	0.283813
520.964100	0.531311
520.964200	0.627136
520.964300	0.520172
520.964400	0.180664
520.964500	-0.242767
520.964600	-0.534058
520.964700	-0.651245
520.964800	-0.597229
520.964900	-0.397644
520.965000	-0.186768
520.965100	-0.067139
520.965200	-0.025635
520.965300	-0.025330
520.965400	-0.026550
520.965500	-0.028381
520.965600	0.038147
520.965700	0.280914
520.965800	0.804138
520.965900	1.098022
520.966000	1.164703
520.966100	1.091919
520.966200	0.283203
520.966300	-0.648499
520.966400	-1.079102
520.966500	-1.176605
520.966600	-1.190948
520.966700	-0.755463
520.966800	-0.341797
520.966900	-0.119629
520.967000	-0.041504
520.967100	-0.017090
520.967200	-0.022888
520.967300	-0.022583
520.967400	-0.024414
520.967500	-0.030060
520.967600	-0.037537
520.967700	-0.034027
520.967800	-0.021667
520.967900	-0.015259
520.968000	-0.009918
520.968100	-0.009003
520.968200	-0.014343
520.968300	-0.007629
520.968400	-0.007935
520.968500	-0.002594
520.968600	0.046997
520.968700	0.197906
520.968800	0.453033
520.968900	0.643311
520.969000	0.662537
520.969100	0.398102
520.969200	-0.067139
520.969300	-0.479431
520.969400	-0.665588
520.969500	-0.656128
520.969600	-0.498047
520.969700	-0.266418
520.969800	-0.102081
520.969900	-0.031128
520.970000	-0.011902
520.970100	-0.007324
520.970200	-0.006104
520.970300	-0.011292
520.970400	-0.012207
520.970500	-0.021820
520.970600	-0.020294
520.970700	-0.002899
520.970800	0.009613
520.970900	0.014038
520.971000	0.009155
520.971100	-0.015259
520.971200	-0.032806
520.971300	-0.052338
520.971400	-0.057526
520.971500	-0.045166
520.971600	-0.032654
520.971700	-0.022583
520.971800	-0.018311
520.971900	0.018463
520.972000	0.256500
520.972100	0.876160
520.972200	1.797180
520.972300	2.132263
520.972400	2.414703
520.972500	2.031097
520.972600	0.453339
520.972700	-1.123199
520.972800	-2.298889
520.972900	-2.355957
520.973000	-2.326660
520.973100	-1.576691
520.973200	-0.718079
520.973300	-0.266266
520.973400	-0.098419
520.973500	-0.054932
520.973600	-0.048218
520.973700	-0.040436
520.973800	-0.025177
520.973900	-0.009613
520.974000	0.045776
520.974100	0.216675
520.974200	0.607300
520.974300	1.083221
520.974400	1.245728
520.974500	1.151123
520.974600	0.605621
520.974700	-0.151978
520.974800	-0.811768
520.974900	-1.168060
520.975000	-1.165009
520.975100	-0.889282
520.975200	-0.484314
520.975300	-0.203400
520.975400	-0.078125
520.975500	-0.029144
520.975600	-0.012665
520.975700	-0.007477
520.975800	-0.012970
520.975900	-0.025024
520.976000	-0.032501
520.976100	-0.048065
520.976200	-0.050507
520.976300	-0.050507
520.976400	-0.041809
520.976500	-0.032501
520.976600	-0.026398
520.976700	-0.021057
520.976800	-0.027313
520.976900	-0.022125
520.977000	-0.020294
520.977100	-0.014496
520.977200	-0.013580
520.977300	-0.010986
520.977400	-0.012207
520.977500	-0.019531
520.977600	-0.027618
520.977700	-0.027618
520.977800	-0.029144
520.977900	-0.035095
520.978000	-0.032043
520.978100	-0.033417
520.978200	-0.028229
520.978300	-0.030365
520.978400	-0.025787
520.978500	-0.007019
520.978600	0.025787
520.978700	0.050659
520.978800	0.045319
520.978900	0.021210
520.979000	-0.017242
520.979100	-0.045624
520.979200	-0.053558
520.979300	-0.057831
520.979400	-0.045166
520.979500	-0.036316
520.979600	-0.051880
520.979700	-0.072174
520.979800	-0.073547
520.979900	-0.066528
520.980000	-0.056763
520.980100	-0.031128
520.980200	-0.004425
520.980300	0.012512
520.980400	0.008698
520.980500	-0.008240
520.980600	-0.028381
520.980700	-0.041199
520.980800	-0.060425
520.980900	-0.068512
520.981000	-0.071869
520.981100	-0.053101
520.981200	-0.018768
520.981300	0.076752
520.981400	0.295715
520.981500	0.590057
520.981600	0.756989
520.981700	0.680237
520.981800	0.325012
520.981900	-0.153809
520.982000	-0.555420
520.982100	-0.744781
520.982200	-0.727539
520.982300	-0.517273
520.982400	-0.266113
520.982500	-0.090790
520.982600	-0.014496
520.982700	0.017395
520.982800	0.016937
520.982900	0.016785
520.983000	0.017090
520.983100	-0.012665
520.983200	-0.042267
520.983300	-0.014954
520.983400	0.182190
520.983500	0.521393
520.983600	0.753174
520.983700	0.682983
520.983800	0.332642
520.983900	-0.177917
520.984000	-0.640259
520.984100	-0.962219
520.984200	-1.014404
520.984300	-0.676727
520.984400	-0.291901
520.984500	0.056152
520.984600	0.506744
520.984700	0.951233
520.984800	1.147156
520.984900	1.197815
520.985000	0.767975
520.985100	0.240326
520.985200	-0.144501
520.985300	-0.119934
520.985400	-0.273132
520.985500	-0.594025
520.985600	-1.025696
520.985700	-1.117249
520.985800	-1.066589
520.985900	-0.961609
520.986000	-0.543823
520.986100	-0.235291
520.986200	-0.087128
520.986300	-0.046234
520.986400	0.005035
520.986500	0.134888
520.986600	0.377655
520.986700	0.569916
520.986800	0.609283
520.986900	0.416260
520.987000	0.013733
520.987100	-0.376892
520.987200	-0.587769
520.987300	-0.619354
520.987400	-0.482635
520.987500	-0.255585
520.987600	-0.101776
520.987700	-0.031281
520.987800	-0.013733
520.987900	-0.001068
520.988000	-0.000458
520.988100	0.005646
520.988200	0.001678
520.988300	0.003662
520.988400	0.011444
520.988500	0.027161
520.988600	0.019073
520.988700	0.028534
520.988800	0.083160
520.988900	0.260468
520.989000	0.628204
520.989100	1.228333
520.989200	2.169342
520.989300	3.556519
520.989400	3.919983
520.989500	3.649902
520.989600	2.155914
520.989700	-0.570831
520.989800	-3.456268
520.989900	-4.421082
520.990000	-4.271240
520.990100	-3.502655
520.990200	-1.900177
520.990300	-0.740051
520.990400	-0.247650
520.990500	-0.089569
520.990600	-0.043488
520.990700	-0.024872
520.990800	-0.021057
520.990900	-0.011444
520.991000	0.000458
520.991100	0.007629
520.991200	0.013580
520.991300	0.011902
520.991400	0.014648
520.991500	0.011597
520.991600	0.012512
520.991700	0.011444
520.991800	0.012054
520.991900	0.012054
520.992000	0.009766
520.992100	0.011749
520.992200	0.005798
520.992300	0.004120
520.992400	0.003510
520.992500	0.000000
520.992600	0.000153
520.992700	0.003204
520.992800	0.007629
520.992900	0.010529
520.993000	0.011292
520.993100	0.009766
520.993200	0.004272
520.993300	0.005341
520.993400	-0.003815
520.993500	-0.014496
520.993600	-0.004730
520.993700	-0.009460
520.993800	-0.002899
520.993900	-0.008392
520.994000	-0.015106
520.994100	-0.014496
520.994200	-0.008392
520.994300	-0.001068
520.994400	-0.000610
520.994500	-0.005646
520.994600	-0.001068
520.994700	0.000610
520.994800	0.018311
520.994900	0.089569
520.995000	0.282898
520.995100	0.531311
520.995200	0.670319
520.995300	0.614014
520.995400	0.344543
520.995500	0.073700
520.995600	0.143890
520.995700	0.458374
520.995800	0.555878
520.995900	0.723419
520.996000	0.447235
520.996100	-0.164642
520.996200	-0.842896
520.996300	-1.179504
520.996400	-1.189270
520.996500	-1.193542
520.996600	-0.663300
520.996700	-0.281219
520.996800	-0.065460
520.996900	0.007629
520.997000	0.011292
520.997100	-0.003052
520.997200	-0.027008
520.997300	-0.050049
520.997400	-0.049896
520.997500	-0.031281
520.997600	-0.010681
520.997700	-0.004120
520.997800	-0.003815
520.997900	-0.005798
520.998000	-0.005951
520.998100	0.000763
520.998200	0.004272
520.998300	0.007782
520.998400	0.014343
520.998500	0.000763
520.998600	-0.019836
520.998700	-0.037537
520.998800	-0.046539
520.998900	-0.030975
520.999000	0.165863
520.999100	0.911865
520.999200	2.224121
520.999300	2.997284
520.999400	2.922974
520.999500	1.261444
520.999600	-0.940552
520.999700	-2.771606
520.999800	-3.140869
520.999900	-2.586517
521.000000	-1.321106
521.000100	-0.469971
521.000200	-0.141754
521.000300	-0.051270
521.000400	-0.026398
521.000500	-0.019684
521.000600	-0.015411
521.000700	-0.010834
521.000800	-0.008392
521.000900	-0.004120
521.001000	0.001678
521.001100	0.013428
521.001200	0.050201
521.001300	0.155792
521.001400	0.330963
521.001500	0.398102
521.001600	0.325317
521.001700	0.201874
521.001800	0.057983
521.001900	-0.093079
521.002000	-0.230713
521.002100	-0.340729
521.002200	-0.415039
521.002300	-0.369720
521.002400	-0.199738
521.002500	0.100861
521.002600	0.636749
521.002700	1.180115
521.002800	1.431274
521.002900	1.526489
521.003000	0.772705
521.003100	-0.504456
521.003200	-1.448517
521.003300	-1.653748
521.003400	-1.651764
521.003500	-1.224976
521.003600	-0.547485
521.003700	-0.174561
521.003800	-0.028992
521.003900	0.054932
521.004000	0.118713
521.004100	0.145111
521.004200	0.094757
521.004300	-0.008240
521.004400	-0.145111
521.004500	-0.246429
521.004600	-0.291290
521.004700	-0.294189
521.004800	-0.166321
521.004900	-0.040131
521.005000	-0.007477
521.005100	0.012512
521.005200	0.115051
521.005300	0.469666
521.005400	0.963440
521.005500	1.329498
521.005600	1.527557
521.005700	1.281586
521.005800	0.312500
521.005900	-0.550079
521.006000	-0.728149
521.006100	-0.501099
521.006200	-0.157166
521.006300	0.339050
521.006400	0.280914
521.006500	-0.319214
521.006600	-0.912170
521.006700	-1.189575
521.006800	-1.195221
521.006900	-0.602417
521.007000	0.021667
521.007100	0.387268
521.007200	0.467377
521.007300	0.270233
521.007400	-0.082245
521.007500	-0.381622
521.007600	-0.469208
521.007700	-0.416870
521.007800	-0.268555
521.007900	-0.109100
521.008000	0.017242
521.008100	0.188599
521.008200	0.478058
521.008300	0.703278
521.008400	0.737457
521.008500	0.426636
521.008600	-0.177917
521.008700	-0.714569
521.008800	-0.986328
521.008900	-0.922394
521.009000	-0.554047
521.009100	-0.211639
521.009200	0.046387
521.009300	0.311890
521.009400	0.652618
521.009500	0.926666
521.009600	0.974579
521.009700	0.693817
521.009800	0.143585
521.009900	-0.389557
521.010000	-0.749969
521.010100	-0.870667
521.010200	-0.750732
521.010300	-0.493622
521.010400	-0.231018
521.010500	-0.066986
521.010600	-0.003052
521.010700	0.016327
521.010800	0.021973
521.010900	0.017548
521.011000	0.012970
521.011100	0.005951
521.011200	-0.002441
