197.783300	-1.172485
197.783400	-1.287842
197.783500	-1.236267
197.783600	-1.194305
197.783700	-1.193237
197.783800	-0.965424
197.783900	-0.641479
197.784000	-0.370789
197.784100	-0.152435
197.784200	0.008240
197.784300	0.095215
197.784400	0.141907
197.784500	0.155640
197.784600	0.160828
197.784700	0.172119
197.784800	0.179443
197.784900	0.149536
197.785000	0.110168
197.785100	0.075684
197.785200	0.025330
197.785300	-0.037994
197.785400	-0.106354
197.785500	-0.158539
197.785600	-0.192108
197.785700	-0.201416
197.785800	-0.195465
197.785900	-0.177307
197.786000	-0.139771
197.786100	-0.092010
197.786200	-0.043182
197.786300	0.007324
197.786400	0.034790
197.786500	0.041504
197.786600	0.044250
197.786700	0.033417
197.786800	0.022583
197.786900	0.003967
197.787000	-0.011597
197.787100	-0.022736
197.787200	-0.030212
197.787300	-0.026855
197.787400	-0.022430
197.787500	-0.019226
197.787600	-0.003052
197.787700	0.014038
197.787800	0.036316
197.787900	0.081482
197.788000	0.153198
197.788100	0.250397
197.788200	0.367737
197.788300	0.469971
197.788400	0.518341
197.788500	0.514832
197.788600	0.453491
197.788700	0.352173
197.788800	0.196228
197.788900	0.018921
197.789000	-0.154419
197.789100	-0.305481
197.789200	-0.402832
197.789300	-0.471191
197.789400	-0.496674
197.789500	-0.468903
197.789600	-0.405731
197.789700	-0.306396
197.789800	-0.197754
197.789900	-0.108643
197.790000	-0.042572
197.790100	-0.011444
197.790200	0.010986
197.790300	0.021057
197.790400	0.015411
197.790500	0.015106
197.790600	0.017395
197.790700	0.012665
197.790800	0.018921
197.790900	0.021057
197.791000	0.017242
197.791100	0.019379
197.791200	0.017090
197.791300	0.027466
197.791400	0.017700
197.791500	0.021057
197.791600	0.019989
197.791700	0.027924
197.791800	0.014343
197.791900	0.014038
197.792000	0.011444
197.792100	0.010529
197.792200	0.010376
197.792300	0.011292
197.792400	0.014496
197.792500	0.016022
197.792600	0.025787
197.792700	0.023346
197.792800	0.025940
197.792900	0.021667
197.793000	0.014954
197.793100	0.009460
197.793200	0.000916
197.793300	-0.004272
197.793400	-0.000610
197.793500	0.000763
197.793600	0.009613
197.793700	0.009155
197.793800	0.015869
197.793900	0.020905
197.794000	0.021210
197.794100	0.012817
197.794200	0.010223
197.794300	0.008545
197.794400	-0.002289
197.794500	-0.013580
197.794600	-0.026703
197.794700	-0.032806
197.794800	-0.030365
197.794900	-0.032196
197.795000	-0.028229
197.795100	-0.018768
197.795200	-0.016174
197.795300	-0.010529
197.795400	-0.004120
197.795500	-0.003967
197.795600	0.000153
197.795700	-0.002136
197.795800	-0.008850
197.795900	-0.002899
197.796000	-0.002899
197.796100	-0.008698
197.796200	-0.009460
197.796300	-0.009460
197.796400	-0.007019
197.796500	-0.007172
197.796600	-0.004730
197.796700	-0.009918
197.796800	-0.005188
197.796900	0.002899
197.797000	0.003357
197.797100	0.006714
197.797200	0.001221
197.797300	0.000305
197.797400	0.000000
197.797500	-0.002441
197.797600	-0.004120
197.797700	-0.013733
197.797800	-0.011597
197.797900	-0.012207
197.798000	-0.004730
197.798100	0.000610
197.798200	0.012817
197.798300	0.026245
197.798400	0.044098
197.798500	0.069580
197.798600	0.103912
197.798700	0.127869
197.798800	0.141144
197.798900	0.141296
197.799000	0.124512
197.799100	0.112457
197.799200	0.090942
197.799300	0.042725
197.799400	-0.005951
197.799500	-0.063477
197.799600	-0.107574
197.799700	-0.154266
197.799800	-0.186768
197.799900	-0.189514
197.800000	-0.184174
197.800100	-0.170441
197.800200	-0.147400
197.800300	-0.131378
197.800400	-0.090942
197.800500	-0.058136
197.800600	-0.014038
197.800700	0.055695
197.800800	0.198669
197.800900	0.443115
197.801000	0.819397
197.801100	1.250763
197.801200	1.548767
197.801300	1.696472
197.801400	1.782684
197.801500	1.778259
197.801600	1.463013
197.801700	0.801392
197.801800	-0.024719
197.801900	-0.821533
197.802000	-1.625977
197.802100	-1.992340
197.802200	-2.036133
197.802300	-1.981201
197.802400	-1.905365
197.802500	-1.723022
197.802600	-1.289978
197.802700	-0.799408
197.802800	-0.429993
197.802900	-0.176392
197.803000	-0.032043
197.803100	0.023804
197.803200	0.045166
197.803300	0.049133
197.803400	0.048218
197.803500	0.042267
197.803600	0.036316
197.803700	0.044403
197.803800	0.051880
197.803900	0.083008
197.804000	0.141754
197.804100	0.231781
197.804200	0.364685
197.804300	0.520782
197.804400	0.615540
197.804500	0.617218
197.804600	0.554657
197.804700	0.486755
197.804800	0.401001
197.804900	0.303650
197.805000	0.188141
197.805100	0.077057
197.805200	0.001678
197.805300	-0.012970
197.805400	0.036163
197.805500	0.118103
197.805600	0.186157
197.805700	0.207977
197.805800	0.177002
197.805900	0.108337
197.806000	0.002747
197.806100	-0.151062
197.806200	-0.352783
197.806300	-0.529785
197.806400	-0.653687
197.806500	-0.707397
197.806600	-0.707703
197.806700	-0.663910
197.806800	-0.582733
197.806900	-0.447693
197.807000	-0.295715
197.807100	-0.166931
197.807200	-0.071869
197.807300	-0.005341
197.807400	0.076904
197.807500	0.198822
197.807600	0.372009
197.807700	0.593872
197.807800	0.787811
197.807900	0.857544
197.808000	0.829620
197.808100	0.769958
197.808200	0.675049
197.808300	0.484161
197.808400	0.165558
197.808500	-0.191803
197.808600	-0.470428
197.808700	-0.645905
197.808800	-0.753784
197.808900	-0.830841
197.809000	-0.898437
197.809100	-0.891724
197.809200	-0.712280
197.809300	-0.477600
197.809400	-0.285187
197.809500	-0.128784
197.809600	-0.031281
197.809700	0.030060
197.809800	0.058594
197.809900	0.059814
197.810000	0.051575
197.810100	0.041809
197.810200	0.031586
197.810300	0.028992
197.810400	0.022430
197.810500	0.025787
197.810600	0.025330
197.810700	0.030365
197.810800	0.035400
197.810900	0.039978
197.811000	0.048370
197.811100	0.046997
197.811200	0.044098
197.811300	0.047455
197.811400	0.039368
197.811500	0.040894
197.811600	0.039673
197.811700	0.037079
197.811800	0.034637
197.811900	0.026398
197.812000	0.033569
197.812100	0.040588
197.812200	0.040131
197.812300	0.043640
197.812400	0.047913
197.812500	0.042267
197.812600	0.043793
197.812700	0.051727
197.812800	0.055084
197.812900	0.083160
197.813000	0.130615
197.813100	0.203705
197.813200	0.307159
197.813300	0.423279
197.813400	0.480957
197.813500	0.460510
197.813600	0.404358
197.813700	0.335846
197.813800	0.272217
197.813900	0.205231
197.814000	0.129089
197.814100	0.044403
197.814200	-0.054932
197.814300	-0.137329
197.814400	-0.227051
197.814500	-0.302429
197.814600	-0.381165
197.814700	-0.449219
197.814800	-0.486908
197.814900	-0.457306
197.815000	-0.364685
197.815100	-0.262451
197.815200	-0.162354
197.815300	-0.080872
197.815400	-0.015259
197.815500	0.013428
197.815600	0.022888
197.815700	0.025330
197.815800	0.024414
197.815900	0.029907
197.816000	0.028534
197.816100	0.023956
197.816200	0.019836
197.816300	0.008240
197.816400	-0.000153
197.816500	-0.011749
197.816600	-0.018768
197.816700	-0.020752
197.816800	-0.019531
197.816900	-0.023651
197.817000	-0.022888
197.817100	-0.016632
197.817200	-0.022430
197.817300	-0.016327
197.817400	-0.002747
197.817500	0.008240
197.817600	0.013580
197.817700	0.011749
197.817800	0.014343
197.817900	0.014801
197.818000	0.013580
197.818100	0.015259
197.818200	0.017700
197.818300	0.015259
197.818400	0.021667
197.818500	0.019379
197.818600	0.034790
197.818700	0.045776
197.818800	0.063324
197.818900	0.091553
197.819000	0.108185
197.819100	0.108643
197.819200	0.107117
197.819300	0.103912
197.819400	0.075836
197.819500	0.030212
197.819600	-0.015717
197.819700	-0.052185
197.819800	-0.069275
197.819900	-0.077362
197.820000	-0.079498
197.820100	-0.065765
197.820200	-0.035400
197.820300	0.013428
197.820400	0.059357
197.820500	0.105743
197.820600	0.133514
197.820700	0.140381
197.820800	0.126038
197.820900	0.102692
197.821000	0.071869
197.821100	0.029449
197.821200	-0.018158
197.821300	-0.059662
197.821400	-0.088043
197.821500	-0.102692
197.821600	-0.099335
197.821700	-0.088806
197.821800	-0.085754
197.821900	-0.081940
197.822000	-0.064392
197.822100	-0.044556
197.822200	-0.025787
197.822300	-0.005951
197.822400	0.009766
197.822500	0.011597
197.822600	0.015564
197.822700	0.040588
197.822800	0.082397
197.822900	0.162506
197.823000	0.278015
197.823100	0.388336
197.823200	0.437927
197.823300	0.413666
197.823400	0.349426
197.823500	0.258942
197.823600	0.143738
197.823700	0.008545
197.823800	-0.124512
197.823900	-0.243225
197.824000	-0.337372
197.824100	-0.401001
197.824200	-0.443115
197.824300	-0.446320
197.824400	-0.375977
197.824500	-0.260620
197.824600	-0.122375
197.824700	-0.006714
197.824800	0.076904
197.824900	0.124969
197.825000	0.135651
197.825100	0.130920
197.825200	0.095978
197.825300	0.060730
197.825400	0.032196
197.825500	-0.012970
197.825600	-0.054016
197.825700	-0.086823
197.825800	-0.105896
197.825900	-0.118256
197.826000	-0.128326
197.826100	-0.113983
197.826200	-0.092316
197.826300	-0.065155
197.826400	-0.040741
197.826500	-0.018921
197.826600	-0.007324
197.826700	-0.007324
197.826800	0.001678
197.826900	-0.003052
197.827000	0.012207
197.827100	0.024719
197.827200	0.051880
197.827300	0.067749
197.827400	0.078430
197.827500	0.078888
197.827600	0.087585
197.827700	0.088348
197.827800	0.066223
197.827900	0.041504
197.828000	0.014038
197.828100	-0.021973
197.828200	-0.039368
197.828300	-0.047302
197.828400	-0.046234
197.828500	-0.047913
197.828600	-0.046082
197.828700	-0.042267
197.828800	-0.047302
197.828900	-0.043640
197.829000	-0.035095
197.829100	-0.033264
197.829200	-0.030518
197.829300	-0.033569
197.829400	-0.025330
197.829500	-0.019989
197.829600	-0.017548
197.829700	-0.021820
197.829800	-0.017853
197.829900	-0.007172
197.830000	-0.010071
197.830100	0.005188
197.830200	0.023651
197.830300	0.039673
197.830400	0.057373
197.830500	0.066986
197.830600	0.080109
197.830700	0.078735
197.830800	0.074158
197.830900	0.057678
197.831000	0.034180
197.831100	0.018158
197.831200	-0.001373
197.831300	0.018463
197.831400	0.097656
197.831500	0.249634
197.831600	0.511627
197.831700	0.908508
197.831800	1.298676
197.831900	1.493225
197.832000	1.598358
197.832100	1.756287
197.832200	1.928253
197.832300	1.848907
197.832400	1.386414
197.832500	0.723572
197.832600	-0.058594
197.832700	-0.790558
197.832800	-1.335907
197.832900	-1.622925
197.833000	-1.793518
197.833100	-1.964264
197.833200	-2.091522
197.833300	-1.956024
197.833400	-1.609497
197.833500	-1.268463
197.833600	-0.990295
197.833700	-0.738220
197.833800	-0.531311
197.833900	-0.358124
197.834000	-0.204010
197.834100	-0.079193
197.834200	-0.004883
197.834300	0.043182
197.834400	0.070190
197.834500	0.072632
197.834600	0.067596
197.834700	0.066833
197.834800	0.065918
197.834900	0.046539
197.835000	0.038910
197.835100	0.023193
197.835200	0.012970
197.835300	0.008240
197.835400	0.003662
197.835500	0.003204
197.835600	0.005035
197.835700	0.016632
197.835800	0.025635
197.835900	0.036621
197.836000	0.039368
197.836100	0.038452
197.836200	0.041199
197.836300	0.042725
197.836400	0.053711
197.836500	0.048828
197.836600	0.053253
197.836700	0.052643
197.836800	0.054474
