560.740100	0.056915
560.740200	0.051270
560.740300	0.056152
560.740400	0.049591
560.740500	0.053253
560.740600	0.060425
560.740700	0.060730
560.740800	0.060425
560.740900	0.052185
560.741000	0.054016
560.741100	0.051117
560.741200	0.064392
560.741300	0.059204
560.741400	0.054932
560.741500	0.058289
560.741600	0.057068
560.741700	0.057220
560.741800	0.063629
560.741900	0.054932
560.742000	0.062103
560.742100	0.060577
560.742200	0.057983
560.742300	0.059052
560.742400	0.059967
560.742500	0.064850
560.742600	0.064697
560.742700	0.060272
560.742800	0.062866
560.742900	0.063019
560.743000	0.055084
560.743100	0.062866
560.743200	0.061646
560.743300	0.055542
560.743400	0.053864
560.743500	0.056915
560.743600	0.057068
560.743700	0.053101
560.743800	0.058746
560.743900	0.059509
560.744000	0.055847
560.744100	0.057526
560.744200	0.057678
560.744300	0.060730
560.744400	0.063019
560.744500	0.060425
560.744600	0.061188
560.744700	0.063934
560.744800	0.062561
560.744900	0.058441
560.745000	0.060577
560.745100	0.056305
560.745200	0.054779
560.745300	0.055237
560.745400	0.052032
560.745500	0.054321
560.745600	0.057068
560.745700	0.057068
560.745800	0.066376
560.745900	0.060120
560.746000	0.066376
560.746100	0.055695
560.746200	0.061340
560.746300	0.057373
560.746400	0.055847
560.746500	0.057068
560.746600	0.055542
560.746700	0.051117
560.746800	0.054169
560.746900	0.054321
560.747000	0.051575
560.747100	0.051880
560.747200	0.052948
560.747300	0.056763
560.747400	0.052795
560.747500	0.054779
560.747600	0.053406
560.747700	0.057983
560.747800	0.058746
560.747900	0.059204
560.748000	0.059357
560.748100	0.057373
560.748200	0.058746
560.748300	0.057526
560.748400	0.052185
560.748500	0.058746
560.748600	0.055695
560.748700	0.051880
560.748800	0.053406
560.748900	0.048523
560.749000	0.054779
560.749100	0.060272
560.749200	0.057831
560.749300	0.053101
560.749400	0.050354
560.749500	0.051880
560.749600	0.057526
560.749700	0.055237
560.749800	0.056000
560.749900	0.050659
560.750000	0.050812
560.750100	0.051880
560.750200	0.054779
560.750300	0.048981
560.750400	0.051575
560.750500	0.054169
560.750600	0.052185
560.750700	0.055389
560.750800	0.050354
560.750900	0.050049
560.751000	0.048523
560.751100	0.050812
560.751200	0.050354
560.751300	0.051270
560.751400	0.053101
560.751500	0.055237
560.751600	0.054779
560.751700	0.051117
560.751800	0.054321
560.751900	0.052338
560.752000	0.053253
560.752100	0.054321
560.752200	0.054474
560.752300	0.050354
560.752400	0.056000
560.752500	0.053558
560.752600	0.051422
560.752700	0.053406
560.752800	0.054474
560.752900	0.048523
560.753000	0.052185
560.753100	0.054474
560.753200	0.054474
560.753300	0.061340
560.753400	0.059662
560.753500	0.055389
560.753600	0.060883
560.753700	0.066376
560.753800	0.060425
560.753900	0.064392
560.754000	0.057373
560.754100	0.065613
560.754200	0.060883
560.754300	0.063934
560.754400	0.060730
560.754500	0.060120
560.754600	0.063477
560.754700	0.067139
560.754800	0.062866
560.754900	0.062714
560.755000	0.063324
560.755100	0.059814
560.755200	0.059052
560.755300	0.059814
560.755400	0.064392
560.755500	0.061646
560.755600	0.054321
560.755700	0.056763
560.755800	0.059662
560.755900	0.054932
560.756000	0.055237
560.756100	0.068359
560.756200	0.067749
560.756300	0.066986
560.756400	0.065002
560.756500	0.067902
560.756600	0.062714
560.756700	0.056305
560.756800	0.057220
560.756900	0.059052
560.757000	0.062866
560.757100	0.062866
560.757200	0.060425
560.757300	0.057983
560.757400	0.062256
560.757500	0.064545
560.757600	0.061493
560.757700	0.059052
560.757800	0.058594
560.757900	0.059052
560.758000	0.061035
560.758100	0.053864
560.758200	0.058746
560.758300	0.056610
560.758400	0.055389
560.758500	0.058899
560.758600	0.058136
560.758700	0.055237
560.758800	0.059662
560.758900	0.057831
560.759000	0.061798
560.759100	0.059967
560.759200	0.060120
560.759300	0.062561
560.759400	0.059357
560.759500	0.053101
560.759600	0.064392
560.759700	0.062408
560.759800	0.058746
560.759900	0.062561
560.760000	0.057373
560.760100	0.060425
560.760200	0.058899
560.760300	0.061951
560.760400	0.059967
560.760500	0.058136
560.760600	0.056610
560.760700	0.056152
560.760800	0.060730
560.760900	0.056610
560.761000	0.061646
560.761100	0.055237
560.761200	0.051422
560.761300	0.057068
560.761400	0.054474
560.761500	0.047607
560.761600	0.052185
560.761700	0.052032
560.761800	0.056610
560.761900	0.059204
560.762000	0.053864
560.762100	0.056152
560.762200	0.058289
560.762300	0.050964
560.762400	0.053558
560.762500	0.061188
560.762600	0.053101
560.762700	0.052948
560.762800	0.052490
560.762900	0.054321
560.763000	0.057220
560.763100	0.054321
560.763200	0.052185
560.763300	0.057983
560.763400	0.058441
560.763500	0.056915
560.763600	0.059052
560.763700	0.055695
560.763800	0.054016
560.763900	0.055084
560.764000	0.055542
560.764100	0.048981
560.764200	0.050354
560.764300	0.046997
560.764400	0.040436
560.764500	0.048828
560.764600	0.052948
560.764700	0.051270
560.764800	0.050507
560.764900	0.043640
560.765000	0.047150
560.765100	0.046387
560.765200	0.051270
560.765300	0.059967
560.765400	0.057831
560.765500	0.053558
560.765600	0.053406
560.765700	0.054016
560.765800	0.055084
560.765900	0.055237
560.766000	0.057678
560.766100	0.060730
560.766200	0.051880
560.766300	0.057068
560.766400	0.057678
560.766500	0.054779
560.766600	0.054321
560.766700	0.050049
560.766800	0.051422
560.766900	0.053101
560.767000	0.055237
560.767100	0.051880
560.767200	0.055389
560.767300	0.053406
560.767400	0.054169
560.767500	0.057526
560.767600	0.058594
560.767700	0.052948
560.767800	0.053864
560.767900	0.051575
560.768000	0.052948
560.768100	0.053101
560.768200	0.061798
560.768300	0.063782
560.768400	0.060730
560.768500	0.064392
560.768600	0.061340
560.768700	0.065308
560.768800	0.067291
560.768900	0.066833
560.769000	0.062866
560.769100	0.058899
560.769200	0.057068
560.769300	0.056458
560.769400	0.057220
560.769500	0.061340
560.769600	0.058746
560.769700	0.058746
560.769800	0.055084
560.769900	0.057678
560.770000	0.059814
560.770100	0.063477
560.770200	0.060730
560.770300	0.059052
560.770400	0.053711
560.770500	0.056458
560.770600	0.058289
560.770700	0.061951
560.770800	0.054932
560.770900	0.062256
560.771000	0.058899
560.771100	0.059357
560.771200	0.063019
560.771300	0.067902
560.771400	0.060730
560.771500	0.063477
560.771600	0.064240
560.771700	0.066376
560.771800	0.068665
560.771900	0.067139
560.772000	0.062561
560.772100	0.058136
560.772200	0.061035
560.772300	0.056152
560.772400	0.058441
560.772500	0.061188
560.772600	0.063629
560.772700	0.067291
560.772800	0.055695
560.772900	0.061493
560.773000	0.057983
560.773100	0.062714
560.773200	0.068665
560.773300	0.061035
560.773400	0.064697
560.773500	0.069580
560.773600	0.063019
560.773700	0.061188
560.773800	0.064850
560.773900	0.064545
560.774000	0.062561
560.774100	0.065155
560.774200	0.066986
560.774300	0.064240
560.774400	0.067139
560.774500	0.065308
560.774600	0.063629
560.774700	0.062256
560.774800	0.063019
560.774900	0.058594
560.775000	0.064087
560.775100	0.068207
560.775200	0.067139
560.775300	0.064392
560.775400	0.061493
560.775500	0.064392
560.775600	0.062561
560.775700	0.065002
560.775800	0.065918
560.775900	0.062561
560.776000	0.053864
560.776100	0.062256
560.776200	0.063324
560.776300	0.062866
560.776400	0.065308
560.776500	0.059357
560.776600	0.062561
560.776700	0.061340
560.776800	0.060425
560.776900	0.056152
560.777000	0.056305
560.777100	0.061493
560.777200	0.061798
560.777300	0.061798
560.777400	0.056305
560.777500	0.059357
560.777600	0.058136
560.777700	0.062408
560.777800	0.059357
560.777900	0.053101
560.778000	0.054932
560.778100	0.056000
560.778200	0.057678
560.778300	0.060120
560.778400	0.060272
560.778500	0.066223
560.778600	0.063629
560.778700	0.059967
560.778800	0.059814
560.778900	0.057526
560.779000	0.050049
560.779100	0.057526
560.779200	0.059052
560.779300	0.054626
560.779400	0.059052
560.779500	0.056458
560.779600	0.048370
560.779700	0.051422
560.779800	0.051575
560.779900	0.048218
560.780000	0.050049
560.780100	0.051880
560.780200	0.059052
560.780300	0.057373
560.780400	0.057068
560.780500	0.059662
560.780600	0.055847
560.780700	0.059967
560.780800	0.054016
560.780900	0.055542
560.781000	0.052490
560.781100	0.053558
560.781200	0.056152
560.781300	0.060883
560.781400	0.052032
560.781500	0.058441
560.781600	0.054932
560.781700	0.054932
560.781800	0.059662
560.781900	0.058899
560.782000	0.049591
560.782100	0.054169
560.782200	0.054321
560.782300	0.055389
560.782400	0.056000
560.782500	0.060577
560.782600	0.055084
560.782700	0.052032
560.782800	0.053864
560.782900	0.050354
560.783000	0.051880
560.783100	0.059357
560.783200	0.065002
560.783300	0.061646
560.783400	0.064392
560.783500	0.061798
560.783600	0.060883
560.783700	0.058289
560.783800	0.054779
560.783900	0.052490
560.784000	0.059204
560.784100	0.056152
560.784200	0.054474
560.784300	0.051422
560.784400	0.050964
560.784500	0.055084
560.784600	0.057373
560.784700	0.055389
560.784800	0.050812
560.784900	0.054626
560.785000	0.055695
560.785100	0.059814
560.785200	0.058136
560.785300	0.053406
560.785400	0.052338
560.785500	0.051117
560.785600	0.049591
560.785700	0.054626
560.785800	0.052032
560.785900	0.054169
560.786000	0.052338
560.786100	0.052948
560.786200	0.052948
560.786300	0.050659
560.786400	0.058594
560.786500	0.050964
560.786600	0.052032
560.786700	0.054016
560.786800	0.057983
560.786900	0.057526
560.787000	0.061188
560.787100	0.055847
560.787200	0.052795
560.787300	0.056610
560.787400	0.052948
560.787500	0.056610
560.787600	0.046997
560.787700	0.045929
560.787800	0.042725
560.787900	0.047150
560.788000	0.049896
560.788100	0.045471
560.788200	0.045471
560.788300	0.046082
560.788400	0.044708
560.788500	0.050812
560.788600	0.048523
560.788700	0.052338
560.788800	0.059967
560.788900	0.057068
560.789000	0.053406
560.789100	0.058594
560.789200	0.054779
560.789300	0.056000
560.789400	0.056152
560.789500	0.060883
560.789600	0.059052
560.789700	0.057373
560.789800	0.055847
560.789900	0.055237
560.790000	0.050812
560.790100	0.052643
560.790200	0.049591
560.790300	0.053101
560.790400	0.053101
560.790500	0.049133
560.790600	0.051880
560.790700	0.054626
560.790800	0.057373
560.790900	0.059967
560.791000	0.058136
560.791100	0.058441
560.791200	0.056610
560.791300	0.050354
560.791400	0.054779
560.791500	0.056000
560.791600	0.054626
560.791700	0.052032
560.791800	0.051575
560.791900	0.060272
560.792000	0.056763
560.792100	0.060425
560.792200	0.054932
560.792300	0.047607
560.792400	0.051727
560.792500	0.053864
560.792600	0.055695
560.792700	0.057678
560.792800	0.061951
560.792900	0.058136
560.793000	0.056458
560.793100	0.060272
560.793200	0.057068
560.793300	0.057526
560.793400	0.053711
560.793500	0.050964
560.793600	0.057373
