397.463300	1.890259
397.463400	1.423187
397.463500	0.740662
397.463600	-0.006104
397.463700	-0.740662
397.463800	-1.516113
397.463900	-2.099609
397.464000	-2.471466
397.464100	-2.668915
397.464200	-2.739258
397.464300	-2.760620
397.464400	-2.763519
397.464500	-2.769623
397.464600	-2.771149
397.464700	-2.729492
397.464800	-2.560883
397.464900	-2.201538
397.465000	-1.716614
397.465100	-1.254730
397.465200	-0.843811
397.465300	-0.524139
397.465400	-0.299835
397.465500	-0.132294
397.465600	-0.014801
397.465700	0.043030
397.465800	0.081177
397.465900	0.095215
397.466000	0.106354
397.466100	0.110626
397.466200	0.115356
397.466300	0.126343
397.466400	0.139923
397.466500	0.173645
397.466600	0.221405
397.466700	0.287323
397.466800	0.370636
397.466900	0.473785
397.467000	0.580444
397.467100	0.669098
397.467200	0.738373
397.467300	0.769501
397.467400	0.785217
397.467500	0.787354
397.467600	0.756531
397.467700	0.709839
397.467800	0.621796
397.467900	0.520477
397.468000	0.417786
397.468100	0.337524
397.468200	0.303955
397.468300	0.316620
397.468400	0.355988
397.468500	0.371857
397.468600	0.356140
397.468700	0.340576
397.468800	0.345764
397.468900	0.374451
397.469000	0.425262
397.469100	0.480957
397.469200	0.485992
397.469300	0.395355
397.469400	0.197906
397.469500	-0.063782
397.469600	-0.357513
397.469700	-0.678101
397.469800	-0.957336
397.469900	-1.152344
397.470000	-1.188507
397.470100	-1.278687
397.470200	-1.254578
397.470300	-1.222382
397.470400	-1.205902
397.470500	-1.209717
397.470600	-1.118317
397.470700	-1.017303
397.470800	-0.833588
397.470900	-0.596619
397.471000	-0.400391
397.471100	-0.236969
397.471200	-0.110931
397.471300	-0.014191
397.471400	0.045624
397.471500	0.086823
397.471600	0.109558
397.471700	0.112457
397.471800	0.107117
397.471900	0.093231
397.472000	0.073547
397.472100	0.067596
397.472200	0.055695
397.472300	0.046997
397.472400	0.035400
397.472500	0.030823
397.472600	0.034180
397.472700	0.041351
397.472800	0.051575
397.472900	0.064087
397.473000	0.085449
397.473100	0.107269
397.473200	0.125427
397.473300	0.146790
397.473400	0.163727
397.473500	0.171204
397.473600	0.181732
397.473700	0.185242
397.473800	0.187836
397.473900	0.176544
397.474000	0.155029
397.474100	0.128326
397.474200	0.086060
397.474300	0.049591
397.474400	0.007782
397.474500	-0.030060
397.474600	-0.063934
397.474700	-0.089722
397.474800	-0.102081
397.474900	-0.101318
397.475000	-0.095978
397.475100	-0.095367
397.475200	-0.086365
397.475300	-0.066681
397.475400	-0.043488
397.475500	-0.019836
397.475600	0.003815
397.475700	0.025177
397.475800	0.037842
397.475900	0.050659
397.476000	0.059052
397.476100	0.066833
397.476200	0.076141
397.476300	0.069885
397.476400	0.065155
397.476500	0.062866
397.476600	0.055542
397.476700	0.048218
397.476800	0.047150
397.476900	0.045013
397.477000	0.034790
397.477100	0.029449
397.477200	0.022430
397.477300	0.017395
397.477400	0.008545
397.477500	0.006561
397.477600	0.012360
397.477700	0.011597
397.477800	0.010071
397.477900	0.018158
397.478000	0.022278
397.478100	0.026703
397.478200	0.029449
397.478300	0.026855
397.478400	0.023804
397.478500	0.029297
397.478600	0.029602
397.478700	0.029602
397.478800	0.027008
397.478900	0.025482
397.479000	0.025787
397.479100	0.019531
397.479200	0.021820
397.479300	0.015259
397.479400	0.015259
397.479500	0.013123
397.479600	0.013580
397.479700	0.007935
397.479800	0.003815
397.479900	0.001526
397.480000	0.006866
397.480100	0.006561
397.480200	0.013580
397.480300	0.012665
397.480400	0.020294
397.480500	0.013580
397.480600	0.012207
397.480700	0.011749
397.480800	0.012207
397.480900	0.009766
397.481000	0.018463
397.481100	0.016785
397.481200	0.014648
397.481300	0.017853
397.481400	0.019531
397.481500	0.013580
397.481600	0.016327
397.481700	0.014801
397.481800	0.012970
397.481900	0.005035
397.482000	0.003662
397.482100	0.006104
397.482200	0.000305
397.482300	0.000916
397.482400	0.000153
397.482500	0.000458
397.482600	0.004883
397.482700	0.011749
397.482800	0.008087
397.482900	0.003357
397.483000	-0.001068
397.483100	0.000458
397.483200	-0.002594
397.483300	-0.007019
397.483400	-0.007477
397.483500	-0.005035
397.483600	-0.005188
397.483700	-0.006561
397.483800	-0.000458
397.483900	0.010529
397.484000	0.026093
397.484100	0.038452
397.484200	0.057526
397.484300	0.077667
397.484400	0.098267
397.484500	0.111542
397.484600	0.128174
397.484700	0.137177
397.484800	0.132751
397.484900	0.130615
397.485000	0.128632
397.485100	0.112915
397.485200	0.092316
397.485300	0.057983
397.485400	0.026398
397.485500	-0.010681
397.485600	-0.044403
397.485700	-0.069733
397.485800	-0.102844
397.485900	-0.124512
397.486000	-0.133820
397.486100	-0.142975
397.486200	-0.145874
397.486300	-0.143738
397.486400	-0.134888
397.486500	-0.127106
397.486600	-0.109711
397.486700	-0.091248
397.486800	-0.074310
397.486900	-0.061798
397.487000	-0.053711
397.487100	-0.048370
397.487200	-0.042267
397.487300	-0.044098
397.487400	-0.041656
397.487500	-0.042267
397.487600	-0.041046
397.487700	-0.041809
397.487800	-0.040894
397.487900	-0.030975
397.488000	-0.028839
397.488100	-0.021057
397.488200	-0.017242
397.488300	-0.012207
397.488400	-0.010529
397.488500	-0.005493
397.488600	-0.005798
397.488700	-0.010681
397.488800	-0.009003
397.488900	-0.013123
397.489000	-0.005341
397.489100	-0.003510
397.489200	-0.002747
397.489300	-0.008850
397.489400	-0.003357
397.489500	-0.007935
397.489600	-0.005798
397.489700	-0.003510
397.489800	-0.000610
397.489900	-0.001221
397.490000	-0.003967
397.490100	0.002899
397.490200	-0.000610
397.490300	-0.000916
397.490400	0.000610
397.490500	0.004272
397.490600	0.005035
397.490700	0.006256
397.490800	-0.001221
397.490900	0.001526
397.491000	0.001526
397.491100	0.005188
397.491200	-0.002594
397.491300	-0.002899
397.491400	0.002441
397.491500	0.002441
397.491600	0.000763
397.491700	0.004120
397.491800	-0.005341
397.491900	-0.000458
397.492000	0.001831
397.492100	-0.000916
397.492200	0.002289
397.492300	-0.005341
397.492400	-0.001678
397.492500	-0.004425
397.492600	-0.006866
397.492700	-0.007172
397.492800	-0.008698
397.492900	-0.009155
397.493000	-0.009308
397.493100	-0.007935
397.493200	-0.006866
397.493300	-0.010834
397.493400	-0.012207
397.493500	-0.007935
397.493600	-0.014648
397.493700	-0.019531
397.493800	-0.017700
397.493900	-0.019836
397.494000	-0.020599
397.494100	-0.021667
397.494200	-0.018158
397.494300	-0.018616
397.494400	-0.016022
397.494500	-0.021973
397.494600	-0.019226
397.494700	-0.018616
397.494800	-0.019531
397.494900	-0.021057
397.495000	-0.020905
397.495100	-0.019226
397.495200	-0.018768
397.495300	-0.021973
397.495400	-0.023041
397.495500	-0.019684
397.495600	-0.021973
397.495700	-0.021515
397.495800	-0.020294
397.495900	-0.013885
397.496000	-0.018463
397.496100	-0.013275
397.496200	-0.017395
397.496300	-0.018005
397.496400	-0.017853
397.496500	-0.018463
397.496600	-0.020447
397.496700	-0.022736
397.496800	-0.016785
397.496900	-0.016785
397.497000	-0.016479
397.497100	-0.019379
397.497200	-0.016022
397.497300	-0.015869
397.497400	-0.021515
397.497500	-0.021210
397.497600	-0.021973
397.497700	-0.019073
397.497800	-0.018158
397.497900	-0.021362
397.498000	-0.019379
397.498100	-0.019379
397.498200	-0.021667
397.498300	-0.022430
397.498400	-0.019073
397.498500	-0.017090
397.498600	-0.021515
397.498700	-0.021973
397.498800	-0.020142
397.498900	-0.019073
397.499000	-0.014343
397.499100	-0.016022
397.499200	-0.018463
397.499300	-0.017700
397.499400	-0.015259
397.499500	-0.014648
397.499600	-0.013580
397.499700	-0.014496
397.499800	-0.017242
397.499900	-0.013275
397.500000	-0.023346
397.500100	-0.021515
397.500200	-0.013733
397.500300	-0.020752
397.500400	-0.019989
397.500500	-0.015411
397.500600	-0.012665
397.500700	-0.007935
397.500800	-0.005493
397.500900	-0.005341
397.501000	-0.007019
397.501100	-0.000916
397.501200	0.000458
397.501300	0.002899
397.501400	-0.000458
397.501500	-0.012665
397.501600	-0.009003
397.501700	-0.013275
397.501800	-0.014496
397.501900	-0.016022
397.502000	-0.020447
397.502100	-0.025787
397.502200	-0.027313
397.502300	-0.028992
397.502400	-0.031128
397.502500	-0.036163
397.502600	-0.033722
397.502700	-0.029449
397.502800	-0.034485
397.502900	-0.032806
397.503000	-0.030365
397.503100	-0.025940
397.503200	-0.024719
397.503300	-0.020142
397.503400	-0.022583
397.503500	-0.023346
397.503600	-0.018158
397.503700	-0.020294
397.503800	-0.024567
397.503900	-0.019836
397.504000	-0.022278
397.504100	-0.021515
397.504200	-0.017548
397.504300	-0.017395
397.504400	-0.017548
397.504500	-0.009308
397.504600	0.002289
397.504700	0.011139
397.504800	0.026398
397.504900	0.041656
397.505000	0.058289
397.505100	0.065308
397.505200	0.075989
397.505300	0.081635
397.505400	0.089111
397.505500	0.096283
397.505600	0.101013
397.505700	0.106201
397.505800	0.104218
397.505900	0.093994
397.506000	0.084229
397.506100	0.063019
397.506200	0.048828
397.506300	0.033569
397.506400	0.014496
397.506500	0.010071
397.506600	-0.001831
397.506700	-0.014191
397.506800	-0.026398
397.506900	-0.029907
397.507000	-0.041046
397.507100	-0.046234
397.507200	-0.052185
397.507300	-0.047760
397.507400	-0.045013
397.507500	-0.045624
397.507600	-0.050354
397.507700	-0.055847
397.507800	-0.067139
397.507900	-0.069885
397.508000	-0.076599
397.508100	-0.087891
397.508200	-0.095215
397.508300	-0.100555
397.508400	-0.113678
397.508500	-0.125580
397.508600	-0.128174
397.508700	-0.137939
397.508800	-0.141449
397.508900	-0.139618
397.509000	-0.142670
397.509100	-0.133057
397.509200	-0.127258
397.509300	-0.112305
397.509400	-0.094452
397.509500	-0.076141
397.509600	-0.064392
397.509700	-0.047760
397.509800	-0.033875
397.509900	-0.029907
397.510000	-0.023041
397.510100	-0.022888
397.510200	-0.021210
397.510300	-0.021973
397.510400	-0.023651
397.510500	-0.021057
397.510600	-0.020294
397.510700	-0.017853
397.510800	-0.017853
397.510900	-0.014191
397.511000	-0.021057
397.511100	-0.015564
397.511200	-0.013123
397.511300	-0.019073
397.511400	-0.018158
397.511500	-0.016022
397.511600	-0.019226
397.511700	-0.017395
397.511800	-0.019226
397.511900	-0.010834
397.512000	-0.015869
397.512100	-0.013275
397.512200	-0.012360
397.512300	-0.012665
397.512400	-0.010376
397.512500	-0.010986
397.512600	-0.002594
397.512700	0.010376
397.512800	0.013580
397.512900	0.024109
397.513000	0.029602
397.513100	0.043182
397.513200	0.058594
397.513300	0.065613
397.513400	0.070343
397.513500	0.072327
397.513600	0.070496
397.513700	0.063477
397.513800	0.055389
397.513900	0.056458
397.514000	0.048218
397.514100	0.040588
397.514200	0.026093
397.514300	0.009613
397.514400	-0.000610
397.514500	-0.025635
397.514600	-0.043335
397.514700	-0.056152
397.514800	-0.060577
397.514900	-0.052490
397.515000	-0.021210
397.515100	0.027161
397.515200	0.104370
397.515300	0.189514
397.515400	0.274353
397.515500	0.338898
397.515600	0.376434
397.515700	0.377197
397.515800	0.366364
397.515900	0.348053
397.516000	0.307465
397.516100	0.255585
397.516200	0.161438
397.516300	0.066071
397.516400	-0.056610
397.516500	-0.180817
397.516600	-0.294342
397.516700	-0.398407
397.516800	-0.471649
