432.023300	0.095215
432.023400	0.088959
432.023500	0.079193
432.023600	0.065918
432.023700	0.055542
432.023800	0.041199
432.023900	0.028381
432.024000	0.028992
432.024100	0.027466
432.024200	0.039673
432.024300	0.055237
432.024400	0.072479
432.024500	0.089874
432.024600	0.094910
432.024700	0.100403
432.024800	0.099030
432.024900	0.105286
432.025000	0.106659
432.025100	0.106506
432.025200	0.093536
432.025300	0.067291
432.025400	0.034790
432.025500	0.012665
432.025600	-0.000916
432.025700	-0.001373
432.025800	0.007324
432.025900	0.005035
432.026000	0.002441
432.026100	0.006104
432.026200	0.031891
432.026300	0.053558
432.026400	0.072937
432.026500	0.088806
432.026600	0.104065
432.026700	0.108032
432.026800	0.104523
432.026900	0.106049
432.027000	0.106812
432.027100	0.097046
432.027200	0.095062
432.027300	0.088196
432.027400	0.090485
432.027500	0.085602
432.027600	0.084534
432.027700	0.080872
432.027800	0.088959
432.027900	0.088043
432.028000	0.084686
432.028100	0.087891
432.028200	0.092468
432.028300	0.091095
432.028400	0.079193
432.028500	0.081482
432.028600	0.068817
432.028700	0.058289
432.028800	0.052948
432.028900	0.058899
432.029000	0.064087
432.029100	0.067444
432.029200	0.081329
432.029300	0.086517
432.029400	0.081329
432.029500	0.066071
432.029600	0.058441
432.029700	0.055389
432.029800	0.051422
432.029900	0.051575
432.030000	0.052643
432.030100	0.052338
432.030200	0.044556
432.030300	0.046234
432.030400	0.052948
432.030500	0.064087
432.030600	0.075989
432.030700	0.078125
432.030800	0.073853
432.030900	0.082550
432.031000	0.079041
432.031100	0.076141
432.031200	0.082703
432.031300	0.086670
432.031400	0.091248
432.031500	0.119476
432.031600	0.187988
432.031700	0.304413
432.031800	0.490570
432.031900	0.742645
432.032000	1.020355
432.032100	1.188660
432.032200	1.239014
432.032300	1.215210
432.032400	1.143341
432.032500	0.977631
432.032600	0.635986
432.032700	0.237885
432.032800	-0.160370
432.032900	-0.568695
432.033000	-0.929718
432.033100	-1.163483
432.033200	-1.243439
432.033300	-1.203613
432.033400	-1.188354
432.033500	-1.046600
432.033600	-0.872192
432.033700	-0.581360
432.033800	-0.325012
432.033900	-0.140381
432.034000	-0.018311
432.034100	0.044556
432.034200	0.067444
432.034300	0.085144
432.034400	0.085754
432.034500	0.086975
432.034600	0.098114
432.034700	0.100250
432.034800	0.097809
432.034900	0.093536
432.035000	0.090332
432.035100	0.093842
432.035200	0.091095
432.035300	0.093842
432.035400	0.090332
432.035500	0.091095
432.035600	0.096893
432.035700	0.102844
432.035800	0.137482
432.035900	0.218048
432.036000	0.354614
432.036100	0.579681
432.036200	0.925751
432.036300	1.290283
432.036400	1.465454
432.036500	1.543732
432.036600	1.680298
432.036700	1.903534
432.036800	1.983643
432.036900	1.780396
432.037000	1.367645
432.037100	0.839996
432.037200	0.264893
432.037300	-0.171204
432.037400	-0.529175
432.037500	-0.915680
432.037600	-1.264954
432.037700	-1.654510
432.037800	-1.797485
432.037900	-1.779480
432.038000	-1.667786
432.038100	-1.496582
432.038200	-1.313324
432.038300	-1.199951
432.038400	-0.762329
432.038500	-0.439148
432.038600	-0.208588
432.038700	-0.059662
432.038800	0.030212
432.038900	0.076447
432.039000	0.090332
432.039100	0.096130
432.039200	0.094910
432.039300	0.107117
432.039400	0.103149
432.039500	0.101318
432.039600	0.098572
432.039700	0.095520
432.039800	0.096283
432.039900	0.096741
432.040000	0.097351
432.040100	0.097961
432.040200	0.101929
432.040300	0.114594
432.040400	0.180969
432.040500	0.300751
432.040600	0.502930
432.040700	0.818481
432.040800	1.165466
432.040900	1.334229
432.041000	1.376953
432.041100	1.399841
432.041200	1.393280
432.041300	1.183319
432.041400	0.780945
432.041500	0.373688
432.041600	0.017242
432.041700	-0.254211
432.041800	-0.318604
432.041900	-0.265656
432.042000	-0.261383
432.042100	-0.335236
432.042200	-0.353699
432.042300	-0.305023
432.042400	-0.317993
432.042500	-0.428619
432.042600	-0.621033
432.042700	-0.839233
432.042800	-1.009979
432.042900	-1.077271
432.043000	-1.054230
432.043100	-0.955048
432.043200	-0.796204
432.043300	-0.547333
432.043400	-0.329285
432.043500	-0.145874
432.043600	-0.017090
432.043700	0.056458
432.043800	0.098724
432.043900	0.114746
432.044000	0.130463
432.044100	0.151978
432.044200	0.174561
432.044300	0.245972
432.044400	0.365601
432.044500	0.538635
432.044600	0.765381
432.044700	1.001740
432.044800	1.168518
432.044900	1.248016
432.045000	1.230469
432.045100	1.122589
432.045200	0.907135
432.045300	0.599060
432.045400	0.249329
432.045500	-0.110168
432.045600	-0.475159
432.045700	-0.791016
432.045800	-1.006317
432.045900	-1.110077
432.046000	-1.111145
432.046100	-1.024170
432.046200	-0.870361
432.046300	-0.639954
432.046400	-0.413513
432.046500	-0.230865
432.046600	-0.093536
432.046700	-0.021515
432.046800	0.021667
432.046900	0.044556
432.047000	0.057678
432.047100	0.071869
432.047200	0.086670
432.047300	0.093079
432.047400	0.106506
432.047500	0.119781
432.047600	0.114746
432.047700	0.115051
432.047800	0.121613
432.047900	0.121307
432.048000	0.122833
432.048100	0.124054
432.048200	0.123596
432.048300	0.123901
432.048400	0.123749
432.048500	0.126038
432.048600	0.134277
432.048700	0.137024
432.048800	0.134583
432.048900	0.132294
432.049000	0.128479
432.049100	0.122528
432.049200	0.117493
432.049300	0.105133
432.049400	0.097504
432.049500	0.095978
432.049600	0.087891
432.049700	0.083008
432.049800	0.080566
432.049900	0.078278
432.050000	0.088043
432.050100	0.097046
432.050200	0.099640
432.050300	0.115356
432.050400	0.119781
432.050500	0.120697
432.050600	0.119934
432.050700	0.116272
432.050800	0.112610
432.050900	0.106506
432.051000	0.107880
432.051100	0.105743
432.051200	0.107117
432.051300	0.107269
432.051400	0.112152
432.051500	0.103912
432.051600	0.112915
432.051700	0.111389
432.051800	0.113831
432.051900	0.108948
432.052000	0.102844
432.052100	0.097351
432.052200	0.087585
432.052300	0.083618
432.052400	0.077667
432.052500	0.077362
432.052600	0.078125
432.052700	0.072937
432.052800	0.070038
432.052900	0.068359
432.053000	0.069122
432.053100	0.067291
432.053200	0.062561
432.053300	0.071411
432.053400	0.080872
432.053500	0.074615
432.053600	0.078278
432.053700	0.080872
432.053800	0.083008
432.053900	0.095978
432.054000	0.104980
432.054100	0.106049
432.054200	0.108032
432.054300	0.110931
432.054400	0.100861
432.054500	0.100708
432.054600	0.095825
432.054700	0.091248
432.054800	0.092926
432.054900	0.106506
432.055000	0.125732
432.055100	0.143280
432.055200	0.151825
432.055300	0.141754
432.055400	0.130768
432.055500	0.113983
432.055600	0.095673
432.055700	0.079346
432.055800	0.059357
432.055900	0.034637
432.056000	0.018616
432.056100	0.008850
432.056200	0.004730
432.056300	0.005341
432.056400	0.022583
432.056500	0.050812
432.056600	0.079041
432.056700	0.111847
432.056800	0.126648
432.056900	0.139465
432.057000	0.144348
432.057100	0.140839
432.057200	0.138245
432.057300	0.129089
432.057400	0.110321
432.057500	0.094910
432.057600	0.083008
432.057700	0.066681
432.057800	0.054474
432.057900	0.042267
432.058000	0.037231
432.058100	0.027924
432.058200	0.028534
432.058300	0.046539
432.058400	0.058899
432.058500	0.079956
432.058600	0.093689
432.058700	0.107574
432.058800	0.119476
432.058900	0.127106
432.059000	0.119629
432.059100	0.109558
432.059200	0.092773
432.059300	0.068665
432.059400	0.050049
432.059500	0.031281
432.059600	0.020905
432.059700	0.009155
432.059800	0.004730
432.059900	0.005951
432.060000	0.016479
432.060100	0.032196
432.060200	0.046539
432.060300	0.067749
432.060400	0.092926
432.060500	0.106506
432.060600	0.124817
432.060700	0.135803
432.060800	0.140381
432.060900	0.150299
432.061000	0.144348
432.061100	0.127258
432.061200	0.091858
432.061300	0.053253
432.061400	0.023041
432.061500	0.009308
432.061600	0.017395
432.061700	0.022125
432.061800	0.022736
432.061900	0.024872
432.062000	0.018005
432.062100	0.006409
432.062200	0.012207
432.062300	0.028381
432.062400	0.049591
432.062500	0.061798
432.062600	0.072632
432.062700	0.080109
432.062800	0.077057
432.062900	0.080719
432.063000	0.084839
432.063100	0.081329
432.063200	0.086517
432.063300	0.094757
432.063400	0.088348
432.063500	0.087891
432.063600	0.085754
432.063700	0.080109
432.063800	0.080414
432.063900	0.080109
432.064000	0.085449
432.064100	0.081787
432.064200	0.083618
432.064300	0.096283
432.064400	0.125580
432.064500	0.175781
432.064600	0.269318
432.064700	0.385742
432.064800	0.519104
432.064900	0.624084
432.065000	0.635376
432.065100	0.582581
432.065200	0.489502
432.065300	0.376587
432.065400	0.246124
432.065500	0.113831
432.065600	-0.017853
432.065700	-0.153351
432.065800	-0.267181
432.065900	-0.354767
432.066000	-0.416718
432.066100	-0.458221
432.066200	-0.474243
432.066300	-0.442657
432.066400	-0.347748
432.066500	-0.230103
432.066600	-0.127258
432.066700	-0.041504
432.066800	0.009003
432.066900	0.037842
432.067000	0.054779
432.067100	0.064240
432.067200	0.070953
432.067300	0.073547
432.067400	0.076904
432.067500	0.078583
432.067600	0.079193
432.067700	0.084991
432.067800	0.076599
432.067900	0.083466
432.068000	0.089417
432.068100	0.092010
432.068200	0.097656
432.068300	0.103912
432.068400	0.104370
432.068500	0.105743
432.068600	0.115662
432.068700	0.111237
432.068800	0.105286
432.068900	0.094604
432.069000	0.090332
432.069100	0.081787
432.069200	0.074921
432.069300	0.070343
432.069400	0.064087
432.069500	0.059814
432.069600	0.060120
432.069700	0.062256
432.069800	0.063324
432.069900	0.066376
432.070000	0.069427
432.070100	0.073547
432.070200	0.085602
432.070300	0.085449
432.070400	0.087280
432.070500	0.088959
432.070600	0.090942
432.070700	0.091553
432.070800	0.086975
432.070900	0.084076
432.071000	0.085449
432.071100	0.088196
432.071200	0.082092
432.071300	0.087280
432.071400	0.088348
432.071500	0.084229
432.071600	0.088043
432.071700	0.095825
432.071800	0.093536
432.071900	0.088501
432.072000	0.079346
432.072100	0.072174
432.072200	0.065765
432.072300	0.057526
432.072400	0.057831
432.072500	0.054321
432.072600	0.054626
432.072700	0.049286
432.072800	0.045776
432.072900	0.052795
432.073000	0.052338
432.073100	0.062714
432.073200	0.065765
432.073300	0.071564
432.073400	0.070496
432.073500	0.075378
432.073600	0.075073
432.073700	0.074310
432.073800	0.074005
432.073900	0.074005
432.074000	0.078583
432.074100	0.071411
432.074200	0.067902
432.074300	0.069580
432.074400	0.074158
432.074500	0.075684
432.074600	0.084686
432.074700	0.088959
432.074800	0.091858
432.074900	0.096893
432.075000	0.099030
432.075100	0.100555
432.075200	0.116730
432.075300	0.199127
432.075400	0.338440
432.075500	0.565796
432.075600	0.928192
432.075700	1.405334
432.075800	1.711273
432.075900	1.762848
432.076000	1.762238
432.076100	1.776733
432.076200	1.657715
432.076300	1.172943
432.076400	0.458374
432.076500	-0.283051
432.076600	-1.030884
432.076700	-1.632538
432.076800	-1.865845
