214.525700	-0.012360
214.525800	0.012817
214.525900	0.034180
214.526000	0.058289
214.526100	0.076752
214.526200	0.085144
214.526300	0.080719
214.526400	0.082245
214.526500	0.079193
214.526600	0.074463
214.526700	0.074005
214.526800	0.070190
214.526900	0.064850
214.527000	0.059509
214.527100	0.055847
214.527200	0.053864
214.527300	0.045166
214.527400	0.043488
214.527500	0.045319
214.527600	0.043335
214.527700	0.039062
214.527800	0.039062
214.527900	0.041504
214.528000	0.048981
214.528100	0.057678
214.528200	0.060883
214.528300	0.062561
214.528400	0.061035
214.528500	0.059814
214.528600	0.059357
214.528700	0.052948
214.528800	0.053558
214.528900	0.053558
214.529000	0.048065
214.529100	0.059052
214.529200	0.055084
214.529300	0.048828
214.529400	0.045319
214.529500	0.049744
214.529600	0.054321
214.529700	0.055237
214.529800	0.054016
214.529900	0.054169
214.530000	0.054474
214.530100	0.046692
214.530200	0.033569
214.530300	0.025177
214.530400	0.017395
214.530500	0.015106
214.530600	0.027924
214.530700	0.056458
214.530800	0.122223
214.530900	0.216217
214.531000	0.363007
214.531100	0.552063
214.531200	0.796509
214.531300	1.086426
214.531400	1.381378
214.531500	1.536407
214.531600	1.353607
214.531700	0.942535
214.531800	0.529175
214.531900	0.133667
214.532000	-0.275421
214.532100	-0.699463
214.532200	-1.017761
214.532300	-1.174927
214.532400	-1.285248
214.532500	-1.258698
214.532600	-1.192932
214.532700	-0.949249
214.532800	-0.611725
214.532900	-0.314941
214.533000	-0.118408
214.533100	-0.019073
214.533200	0.029602
214.533300	0.043488
214.533400	0.046844
214.533500	0.054779
214.533600	0.045624
214.533700	0.045776
214.533800	0.039062
214.533900	0.038605
214.534000	0.032196
214.534100	0.035858
214.534200	0.039368
214.534300	0.039062
214.534400	0.036926
214.534500	0.033417
214.534600	0.035858
214.534700	0.022430
214.534800	0.021667
214.534900	0.026245
214.535000	0.026093
214.535100	0.024719
214.535200	0.033264
214.535300	0.032654
214.535400	0.041046
214.535500	0.039978
214.535600	0.048370
214.535700	0.050507
214.535800	0.046387
214.535900	0.040283
214.536000	0.033875
214.536100	0.041199
214.536200	0.040894
214.536300	0.041199
214.536400	0.040588
214.536500	0.043640
214.536600	0.045319
214.536700	0.043640
214.536800	0.044861
214.536900	0.044403
214.537000	0.039825
214.537100	0.047455
214.537200	0.045776
214.537300	0.040588
214.537400	0.034332
214.537500	0.035858
214.537600	0.041962
214.537700	0.044250
214.537800	0.046539
214.537900	0.039825
214.538000	0.042267
214.538100	0.040588
214.538200	0.043030
214.538300	0.039673
214.538400	0.035706
214.538500	0.032196
214.538600	0.037537
214.538700	0.041351
214.538800	0.046692
214.538900	0.051727
214.539000	0.056458
214.539100	0.065002
214.539200	0.075684
214.539300	0.083008
214.539400	0.100861
214.539500	0.113983
214.539600	0.138397
214.539700	0.174561
214.539800	0.198517
214.539900	0.194550
214.540000	0.163879
214.540100	0.127869
214.540200	0.072174
214.540300	0.023041
214.540400	-0.021820
214.540500	-0.074921
214.540600	-0.106659
214.540700	-0.132751
214.540800	-0.154724
214.540900	-0.151825
214.541000	-0.133820
214.541100	-0.084229
214.541200	-0.038147
214.541300	-0.009003
214.541400	0.017395
214.541500	0.021057
214.541600	0.032349
214.541700	0.029907
214.541800	0.035400
214.541900	0.031128
214.542000	0.034485
214.542100	0.032196
214.542200	0.031738
214.542300	0.032043
214.542400	0.039978
214.542500	0.039978
214.542600	0.039673
214.542700	0.049744
214.542800	0.044250
214.542900	0.041962
214.543000	0.039978
214.543100	0.039062
214.543200	0.040741
214.543300	0.040283
214.543400	0.044556
214.543500	0.041809
214.543600	0.042419
214.543700	0.054626
214.543800	0.060425
214.543900	0.058899
214.544000	0.059204
214.544100	0.065155
214.544200	0.055542
214.544300	0.048523
214.544400	0.038147
214.544500	0.033875
214.544600	0.028687
214.544700	0.026550
214.544800	0.027771
214.544900	0.029755
214.545000	0.038147
214.545100	0.034790
214.545200	0.034180
214.545300	0.042267
214.545400	0.056458
214.545500	0.107727
214.545600	0.193481
214.545700	0.310364
214.545800	0.439758
214.545900	0.545197
214.546000	0.617828
214.546100	0.615387
214.546200	0.472717
214.546300	0.224304
214.546400	-0.069275
214.546500	-0.331116
214.546600	-0.511627
214.546700	-0.599976
214.546800	-0.592957
214.546900	-0.501099
214.547000	-0.339050
214.547100	-0.168457
214.547200	-0.040741
214.547300	0.021515
214.547400	0.041199
214.547500	0.046997
214.547600	0.045166
214.547700	0.041504
214.547800	0.039215
214.547900	0.041351
214.548000	0.043335
214.548100	0.047607
214.548200	0.038910
214.548300	0.034180
214.548400	0.038147
214.548500	0.028381
214.548600	0.018921
214.548700	0.003662
214.548800	-0.002747
214.548900	-0.010834
214.549000	-0.009155
214.549100	0.006409
214.549200	0.016937
214.549300	0.031891
214.549400	0.040131
214.549500	0.041504
214.549600	0.041046
214.549700	0.041656
214.549800	0.044708
214.549900	0.037994
214.550000	0.037842
214.550100	0.037842
214.550200	0.028076
214.550300	0.028687
214.550400	0.030823
214.550500	0.027008
214.550600	0.029144
214.550700	0.031281
214.550800	0.032501
214.550900	0.033722
214.551000	0.033264
214.551100	0.034790
214.551200	0.039368
214.551300	0.043945
214.551400	0.045013
214.551500	0.047607
214.551600	0.045166
214.551700	0.046387
214.551800	0.050659
214.551900	0.043030
214.552000	0.037994
214.552100	0.037384
214.552200	0.032806
214.552300	0.023499
214.552400	0.019531
214.552500	0.021210
214.552600	0.019836
214.552700	0.016022
214.552800	0.018921
214.552900	0.025330
214.553000	0.024719
214.553100	0.028076
214.553200	0.027771
214.553300	0.030518
214.553400	0.030670
214.553500	0.030518
214.553600	0.029144
214.553700	0.025482
214.553800	0.027771
214.553900	0.029144
214.554000	0.031433
214.554100	0.032196
214.554200	0.028534
214.554300	0.023956
214.554400	0.019379
214.554500	0.023499
214.554600	0.028992
214.554700	0.028229
214.554800	0.037994
214.554900	0.058594
214.555000	0.121307
214.555100	0.236359
214.555200	0.429840
214.555300	0.652771
214.555400	0.818939
214.555500	0.889740
214.555600	0.853119
214.555700	0.705872
214.555800	0.432129
214.555900	0.102997
214.556000	-0.248108
214.556100	-0.585327
214.556200	-0.815430
214.556300	-0.924683
214.556400	-0.917511
214.556500	-0.813446
214.556600	-0.604095
214.556700	-0.376434
214.556800	-0.183868
214.556900	-0.062561
214.557000	0.000000
214.557100	0.027313
214.557200	0.033722
214.557300	0.039825
214.557400	0.042725
214.557500	0.041809
214.557600	0.049438
214.557700	0.048981
214.557800	0.051575
214.557900	0.047455
214.558000	0.045319
214.558100	0.045929
214.558200	0.041046
214.558300	0.045013
214.558400	0.046082
214.558500	0.040283
214.558600	0.043945
214.558700	0.045319
214.558800	0.043488
214.558900	0.043793
214.559000	0.048218
214.559100	0.050812
214.559200	0.043640
214.559300	0.042725
214.559400	0.038300
214.559500	0.036621
214.559600	0.034485
214.559700	0.035095
214.559800	0.032349
214.559900	0.030365
214.560000	0.026703
214.560100	0.017548
214.560200	0.025635
214.560300	0.019531
214.560400	0.020599
214.560500	0.020294
214.560600	0.025024
214.560700	0.025482
214.560800	0.024567
214.560900	0.032959
214.561000	0.031586
214.561100	0.040741
214.561200	0.049286
214.561300	0.046997
214.561400	0.046387
214.561500	0.054169
214.561600	0.055542
214.561700	0.049133
214.561800	0.050507
214.561900	0.052643
214.562000	0.047760
214.562100	0.052795
214.562200	0.054016
214.562300	0.050964
214.562400	0.043945
214.562500	0.031891
214.562600	0.026398
214.562700	0.029144
214.562800	0.030060
214.562900	0.037994
214.563000	0.035095
214.563100	0.027161
214.563200	0.029144
214.563300	0.033722
214.563400	0.042419
214.563500	0.045929
214.563600	0.052795
214.563700	0.047607
214.563800	0.058289
214.563900	0.069580
214.564000	0.072479
214.564100	0.098877
214.564200	0.132751
214.564300	0.157928
214.564400	0.169220
214.564500	0.157166
214.564600	0.156250
214.564700	0.149841
214.564800	0.129547
214.564900	0.092010
214.565000	0.043488
214.565100	0.001068
214.565200	-0.047455
214.565300	-0.094147
214.565400	-0.109100
214.565500	-0.106049
214.565600	-0.096741
214.565700	-0.090332
214.565800	-0.078278
214.565900	-0.053558
214.566000	-0.026703
214.566100	0.004425
214.566200	0.021973
214.566300	0.029144
214.566400	0.032959
214.566500	0.029144
214.566600	0.029907
214.566700	0.032196
214.566800	0.025787
214.566900	0.029297
214.567000	0.035400
214.567100	0.031738
214.567200	0.031891
214.567300	0.036621
214.567400	0.046539
214.567500	0.044098
214.567600	0.050964
214.567700	0.047150
214.567800	0.056763
214.567900	0.058594
214.568000	0.060425
214.568100	0.059814
214.568200	0.069580
214.568300	0.093994
214.568400	0.179749
214.568500	0.381317
214.568600	0.751953
214.568700	1.329651
214.568800	1.963501
214.568900	2.375641
214.569000	2.404175
214.569100	2.124939
214.569200	1.625061
214.569300	0.967712
214.569400	0.213013
214.569500	-0.578003
214.569600	-1.150360
214.569700	-1.939850
214.569800	-2.382660
214.569900	-2.635956
214.570000	-2.662659
214.570100	-2.349701
214.570200	-1.711731
214.570300	-1.209869
214.570400	-0.345306
214.570500	0.126648
214.570600	0.429687
214.570700	0.551300
214.570800	0.537415
214.570900	0.469055
214.571000	0.370483
214.571100	0.247955
214.571200	0.109711
214.571300	-0.035858
214.571400	-0.163269
214.571500	-0.288849
214.571600	-0.384827
214.571700	-0.461273
214.571800	-0.497284
214.571900	-0.446472
214.572000	-0.307159
214.572100	-0.155487
214.572200	-0.031128
214.572300	0.051880
214.572400	0.092773
214.572500	0.112762
214.572600	0.115509
214.572700	0.107727
214.572800	0.098572
214.572900	0.081177
214.573000	0.066681
214.573100	0.062866
214.573200	0.058746
214.573300	0.056152
214.573400	0.057831
214.573500	0.061188
214.573600	0.056915
214.573700	0.056915
214.573800	0.053101
214.573900	0.051727
214.574000	0.045166
214.574100	0.032043
214.574200	0.021057
214.574300	0.014648
214.574400	0.010834
214.574500	0.012817
214.574600	0.015564
214.574700	0.016632
214.574800	0.029449
214.574900	0.046692
214.575000	0.056915
214.575100	0.060120
214.575200	0.063629
214.575300	0.068817
214.575400	0.071106
214.575500	0.073547
214.575600	0.069580
214.575700	0.061035
214.575800	0.060577
214.575900	0.059204
214.576000	0.049133
214.576100	0.047760
214.576200	0.037231
214.576300	0.039520
214.576400	0.038147
214.576500	0.036316
214.576600	0.031128
214.576700	0.027466
214.576800	0.037079
214.576900	0.037537
214.577000	0.047607
214.577100	0.052643
214.577200	0.053406
214.577300	0.057373
214.577400	0.059052
214.577500	0.061951
214.577600	0.061340
214.577700	0.060577
214.577800	0.059662
214.577900	0.058289
214.578000	0.058289
214.578100	0.061646
214.578200	0.062256
214.578300	0.059814
214.578400	0.055847
214.578500	0.056305
214.578600	0.060577
214.578700	0.054626
214.578800	0.064087
214.578900	0.065155
214.579000	0.059052
214.579100	0.054016
214.579200	0.051270
