512.816900	0.055695
512.817000	0.057068
512.817100	0.061646
512.817200	0.059357
512.817300	0.060272
512.817400	0.061340
512.817500	0.063629
512.817600	0.066833
512.817700	0.067596
512.817800	0.064087
512.817900	0.061340
512.818000	0.052643
512.818100	0.050354
512.818200	0.048523
512.818300	0.039062
512.818400	0.032043
512.818500	0.028839
512.818600	0.031128
512.818700	0.042877
512.818800	0.052338
512.818900	0.059357
512.819000	0.057220
512.819100	0.051880
512.819200	0.041199
512.819300	0.072784
512.819400	0.244751
512.819500	0.690002
512.819600	1.301727
512.819700	1.518555
512.819800	1.627655
512.819900	1.121216
512.820000	0.018921
512.820100	-1.027374
512.820200	-1.402435
512.820300	-1.229095
512.820400	-0.680847
512.820500	0.306549
512.820600	0.848694
512.820700	0.849762
512.820800	0.395660
512.820900	-0.229950
512.821000	-0.770721
512.821100	-1.078033
512.821200	-1.065063
512.821300	-0.811310
512.821400	-0.433197
512.821500	-0.079651
512.821600	0.242310
512.821700	0.696564
512.821800	1.023865
512.821900	1.131592
512.822000	1.065674
512.822100	0.443420
512.822200	-0.431213
512.822300	-0.960693
512.822400	-1.054077
512.822500	-1.040955
512.822600	-0.694580
512.822700	-0.285187
512.822800	-0.040894
512.822900	0.036469
512.823000	0.062256
512.823100	0.068359
512.823200	0.075836
512.823300	0.071869
512.823400	0.068359
512.823500	0.057831
512.823600	0.053101
512.823700	0.053253
512.823800	0.056305
512.823900	0.055084
512.824000	0.063629
512.824100	0.063934
512.824200	0.079193
512.824300	0.095367
512.824400	0.089722
512.824500	0.084839
512.824600	0.067902
512.824700	0.036621
512.824800	0.022430
512.824900	0.016327
512.825000	0.025940
512.825100	0.031433
512.825200	0.044556
512.825300	0.051880
512.825400	0.071106
512.825500	0.068359
512.825600	0.068512
512.825700	0.064545
512.825800	0.050812
512.825900	0.038300
512.826000	0.029449
512.826100	0.027008
512.826200	0.038757
512.826300	0.050201
512.826400	0.058899
512.826500	0.083466
512.826600	0.171967
512.826700	0.269318
512.826800	0.286713
512.826900	0.211334
512.827000	0.026855
512.827100	-0.126953
512.827200	-0.206451
512.827300	-0.186462
512.827400	-0.079803
512.827500	0.005188
512.827600	0.033112
512.827700	0.043793
512.827800	0.068207
512.827900	0.199280
512.828000	0.547791
512.828100	1.006775
512.828200	1.331940
512.828300	1.513519
512.828400	1.191711
512.828500	0.325623
512.828600	-0.548401
512.828700	-1.113434
512.828800	-1.509399
512.828900	-1.390991
512.829000	-0.992126
512.829100	-0.438385
512.829200	0.028687
512.829300	0.522766
512.829400	0.936127
512.829500	1.113129
512.829600	1.117859
512.829700	0.535889
512.829800	-0.390778
512.829900	-0.930634
512.830000	-1.029510
512.830100	-0.994720
512.830200	-0.629425
512.830300	-0.233917
512.830400	-0.038757
512.830500	0.022736
512.830600	0.043335
512.830700	0.053711
512.830800	0.065613
512.830900	0.065002
512.831000	0.067291
512.831100	0.059357
512.831200	0.069733
512.831300	0.072479
512.831400	0.072021
512.831500	0.067139
512.831600	0.060425
512.831700	0.076904
512.831800	0.213776
512.831900	0.690002
512.832000	1.499481
512.832100	2.060242
512.832200	2.085266
512.832300	1.387329
512.832400	0.101013
512.832500	-1.115723
512.832600	-1.979065
512.832700	-1.945648
512.832800	-1.392212
512.832900	-0.583038
512.833000	0.006409
512.833100	0.063477
512.833200	-0.186462
512.833300	-0.384979
512.833400	-0.401154
512.833500	-0.313721
512.833600	-0.134583
512.833700	-0.013428
512.833800	0.030212
512.833900	0.044556
512.834000	0.054474
512.834100	0.062714
512.834200	0.075378
512.834300	0.070496
512.834400	0.073700
512.834500	0.079346
512.834600	0.073547
512.834700	0.074463
512.834800	0.075378
512.834900	0.078430
512.835000	0.071106
512.835100	0.059662
512.835200	0.057526
512.835300	0.054932
512.835400	0.055084
512.835500	0.058289
512.835600	0.066071
512.835700	0.070648
512.835800	0.066986
512.835900	0.060272
512.836000	0.059357
512.836100	0.063019
512.836200	0.074005
512.836300	0.081635
512.836400	0.086517
512.836500	0.087891
512.836600	0.083771
512.836700	0.072632
512.836800	0.054321
512.836900	0.047913
512.837000	0.040283
512.837100	0.037384
512.837200	0.041046
512.837300	0.049286
512.837400	0.058136
512.837500	0.062256
512.837600	0.081635
512.837700	0.167542
512.837800	0.437927
512.837900	0.830536
512.838000	1.101379
512.838100	1.175385
512.838200	1.000519
512.838300	0.546875
512.838400	-0.025024
512.838500	-0.405121
512.838600	-0.359802
512.838700	-0.074768
512.838800	0.213318
512.838900	0.191193
512.839000	-0.216675
512.839100	-0.757599
512.839200	-1.148376
512.839300	-1.193237
512.839400	-0.888672
512.839500	-0.418091
512.839600	-0.074768
512.839700	0.058594
512.839800	0.078583
512.839900	0.066528
512.840000	0.050964
512.840100	0.046844
512.840200	0.062561
512.840300	0.082703
512.840400	0.097046
512.840500	0.081787
512.840600	0.068054
512.840700	0.039825
512.840800	0.027466
512.840900	0.028534
512.841000	0.036926
512.841100	0.047913
512.841200	0.052795
512.841300	0.052948
512.841400	0.052032
512.841500	0.045929
512.841600	0.046387
512.841700	0.053711
512.841800	0.056763
512.841900	0.065155
512.842000	0.069275
512.842100	0.072632
512.842200	0.075378
512.842300	0.074615
512.842400	0.060120
512.842500	0.043488
512.842600	0.039368
512.842700	0.045471
512.842800	0.037079
512.842900	0.041199
512.843000	0.045166
512.843100	0.055542
512.843200	0.054321
512.843300	0.056458
512.843400	0.055389
512.843500	0.058289
512.843600	0.067596
512.843700	0.081787
512.843800	0.078888
512.843900	0.065613
512.844000	0.055237
512.844100	0.045166
512.844200	0.043182
512.844300	0.045166
512.844400	0.043030
512.844500	0.047760
512.844600	0.049133
512.844700	0.053558
512.844800	0.057983
512.844900	0.108185
512.845000	0.273132
512.845100	0.571289
512.845200	0.747528
512.845300	0.665436
512.845400	0.330353
512.845500	-0.144653
512.845600	-0.537415
512.845700	-0.784302
512.845800	-0.881195
512.845900	-0.588684
512.846000	-0.205536
512.846100	-0.034180
512.846200	0.003052
512.846300	0.014191
512.846400	0.012970
512.846500	0.027008
512.846600	0.050812
512.846700	0.063019
512.846800	0.069275
512.846900	0.057831
512.847000	0.055084
512.847100	0.090637
512.847200	0.131989
512.847300	0.156097
512.847400	0.150604
512.847500	0.108795
512.847600	0.053558
512.847700	0.004120
512.847800	-0.012512
512.847900	0.085754
512.848000	0.374908
512.848100	0.764160
512.848200	1.000824
512.848300	0.951385
512.848400	0.539398
512.848500	-0.066528
512.848600	-0.620880
512.848700	-0.869904
512.848800	-0.856171
512.848900	-0.608521
512.849000	-0.299835
512.849100	-0.113373
512.849200	-0.028076
512.849300	-0.000153
512.849400	0.027466
512.849500	0.052795
512.849600	0.068054
512.849700	0.073547
512.849800	0.083771
512.849900	0.078583
512.850000	0.061798
512.850100	0.057678
512.850200	0.059204
512.850300	0.058136
512.850400	0.057526
512.850500	0.059509
512.850600	0.078583
512.850700	0.192871
512.850800	0.541229
512.850900	1.057587
512.851000	1.360474
512.851100	1.316681
512.851200	0.830536
512.851300	0.045319
512.851400	-0.723877
512.851500	-1.174774
512.851600	-1.249237
512.851700	-0.996857
512.851800	-0.530090
512.851900	-0.199280
512.852000	-0.044861
512.852100	0.006866
512.852200	0.029144
512.852300	0.051880
512.852400	0.064392
512.852500	0.085602
512.852600	0.092010
512.852700	0.099487
512.852800	0.086823
512.852900	0.071411
512.853000	0.047455
512.853100	0.039062
512.853200	0.037842
512.853300	0.037537
512.853400	0.037842
512.853500	0.046234
512.853600	0.051270
512.853700	0.054626
512.853800	0.064697
512.853900	0.060120
512.854000	0.055542
512.854100	0.052643
512.854200	0.051727
512.854300	0.053101
512.854400	0.071564
512.854500	0.158081
512.854600	0.397949
512.854700	0.691376
512.854800	0.823517
512.854900	0.702515
512.855000	0.303650
512.855100	-0.219269
512.855200	-0.619965
512.855300	-0.749512
512.855400	-0.653992
512.855500	-0.360413
512.855600	-0.069580
512.855700	0.221405
512.855800	0.655212
512.855900	1.260681
512.856000	1.408081
512.856100	1.414490
512.856200	1.053467
512.856300	0.217133
512.856400	-0.693207
512.856500	-1.178589
512.856600	-1.365356
512.856700	-1.327820
512.856800	-0.972290
512.856900	-0.408783
512.857000	-0.074463
512.857100	0.043640
512.857200	0.069427
512.857300	0.065918
512.857400	0.061798
512.857500	0.040588
512.857600	0.031128
512.857700	0.023499
512.857800	0.010681
512.857900	0.019836
512.858000	0.030365
512.858100	0.052948
512.858200	0.068512
512.858300	0.076294
512.858400	0.077362
512.858500	0.076447
512.858600	0.064087
512.858700	0.052948
512.858800	0.039520
512.858900	0.040283
512.859000	0.042114
512.859100	0.051575
512.859200	0.057983
512.859300	0.066071
512.859400	0.074158
512.859500	0.077209
512.859600	0.075531
512.859700	0.064240
512.859800	0.105438
512.859900	0.279236
512.860000	0.699615
512.860100	1.100006
512.860200	1.422272
512.860300	1.951447
512.860400	2.057037
512.860500	1.859894
512.860600	1.433868
512.860700	0.831146
512.860800	0.031586
512.860900	-1.046295
512.861000	-1.939697
512.861100	-2.562408
512.861200	-2.320862
512.861300	-1.912994
512.861400	-1.450806
512.861500	-0.726776
512.861600	-0.207367
512.861700	0.026398
512.861800	0.086060
512.861900	0.169983
512.862000	0.573730
512.862100	1.556091
512.862200	2.681732
512.862300	3.459473
512.862400	3.212891
512.862500	1.810913
512.862600	0.016937
512.862700	-1.148376
512.862800	-2.203217
512.862900	-1.910706
512.863000	-1.240540
512.863100	-0.738373
512.863200	-0.742187
512.863300	-1.160889
512.863400	-1.758118
512.863500	-1.832733
512.863600	-1.502533
512.863700	-1.176910
512.863800	-0.450745
512.863900	-0.071869
512.864000	0.073090
512.864100	0.118408
512.864200	0.127106
512.864300	0.128937
512.864400	0.126343
512.864500	0.118561
512.864600	0.110474
512.864700	0.110474
512.864800	0.105591
512.864900	0.120697
512.865000	0.132599
512.865100	0.145874
512.865200	0.150604
512.865300	0.137329
512.865400	0.115814
512.865500	0.089874
512.865600	0.066376
512.865700	0.063782
512.865800	0.064697
512.865900	0.070190
512.866000	0.073242
512.866100	0.079651
512.866200	0.087433
512.866300	0.098877
512.866400	0.102386
512.866500	0.107117
512.866600	0.111694
512.866700	0.122070
512.866800	0.118408
512.866900	0.116425
512.867000	0.105133
512.867100	0.093384
512.867200	0.080566
512.867300	0.074768
512.867400	0.075836
512.867500	0.084991
512.867600	0.086212
512.867700	0.093079
512.867800	0.094147
512.867900	0.095825
512.868000	0.093536
512.868100	0.097504
512.868200	0.103760
512.868300	0.178375
512.868400	0.498962
512.868500	1.190948
512.868600	1.740723
512.868700	1.667328
512.868800	1.298065
512.868900	0.620117
512.869000	-0.260010
512.869100	-0.930176
512.869200	-1.421509
512.869300	-1.687317
512.869400	-1.352844
512.869500	-0.694885
512.869600	-0.198975
512.869700	-0.004425
512.869800	0.056915
512.869900	0.071106
512.870000	0.079956
512.870100	0.090332
512.870200	0.149689
512.870300	0.348053
512.870400	0.711060
