590.999300	0.024872
590.999400	0.022278
590.999500	0.024414
590.999600	0.024567
590.999700	0.022430
590.999800	0.026550
590.999900	0.025635
591.000000	0.025482
591.000100	0.024567
591.000200	0.025787
591.000300	0.024261
591.000400	0.018311
591.000500	0.021362
591.000600	0.023041
591.000700	0.028076
591.000800	0.021820
591.000900	0.021057
591.001000	0.021820
591.001100	0.023041
591.001200	0.026245
591.001300	0.030212
591.001400	0.027771
591.001500	0.026550
591.001600	0.024414
591.001700	0.024414
591.001800	0.022430
591.001900	0.017242
591.002000	0.022125
591.002100	0.022888
591.002200	0.022583
591.002300	0.026398
591.002400	0.020294
591.002500	0.029144
591.002600	0.026093
591.002700	0.020905
591.002800	0.024719
591.002900	0.025177
591.003000	0.024567
591.003100	0.025024
591.003200	0.025940
591.003300	0.025482
591.003400	0.026398
591.003500	0.023346
591.003600	0.023499
591.003700	0.023193
591.003800	0.023956
591.003900	0.025635
591.004000	0.021973
591.004100	0.024872
591.004200	0.023804
591.004300	0.023193
591.004400	0.025787
591.004500	0.032349
591.004600	0.026550
591.004700	0.027313
591.004800	0.026245
591.004900	0.019989
591.005000	0.022125
591.005100	0.025635
591.005200	0.025787
591.005300	0.023651
591.005400	0.018311
591.005500	0.023651
591.005600	0.022430
591.005700	0.021973
591.005800	0.025635
591.005900	0.022736
591.006000	0.019684
591.006100	0.018616
591.006200	0.020142
591.006300	0.025787
591.006400	0.032196
591.006500	0.029449
591.006600	0.027924
591.006700	0.022888
591.006800	0.025482
591.006900	0.027466
591.007000	0.024567
591.007100	0.022888
591.007200	0.023956
591.007300	0.027924
591.007400	0.025330
591.007500	0.023193
591.007600	0.026398
591.007700	0.025177
591.007800	0.023193
591.007900	0.022583
591.008000	0.023346
591.008100	0.021667
591.008200	0.023193
591.008300	0.022125
591.008400	0.018616
591.008500	0.024872
591.008600	0.024567
591.008700	0.027924
591.008800	0.025940
591.008900	0.023804
591.009000	0.023346
591.009100	0.023346
591.009200	0.026093
591.009300	0.022125
591.009400	0.027466
591.009500	0.026703
591.009600	0.023804
591.009700	0.020599
591.009800	0.026703
591.009900	0.024109
591.010000	0.025177
591.010100	0.028381
591.010200	0.020599
591.010300	0.020752
591.010400	0.025330
591.010500	0.023041
591.010600	0.027924
591.010700	0.019531
591.010800	0.020599
591.010900	0.022583
591.011000	0.019073
591.011100	0.019836
591.011200	0.023651
591.011300	0.023804
591.011400	0.028687
591.011500	0.021973
591.011600	0.021820
591.011700	0.024109
591.011800	0.018616
591.011900	0.024261
591.012000	0.026245
591.012100	0.029907
591.012200	0.028534
591.012300	0.023956
591.012400	0.029755
591.012500	0.026245
591.012600	0.024109
591.012700	0.027313
591.012800	0.027466
591.012900	0.025787
591.013000	0.020294
591.013100	0.022430
591.013200	0.019531
591.013300	0.022583
591.013400	0.024261
591.013500	0.026550
591.013600	0.028534
591.013700	0.023193
591.013800	0.021057
591.013900	0.026245
591.014000	0.026398
591.014100	0.023346
591.014200	0.018158
591.014300	0.019836
591.014400	0.019684
591.014500	0.021362
591.014600	0.020447
591.014700	0.021667
591.014800	0.021210
591.014900	0.026093
591.015000	0.023956
591.015100	0.019226
591.015200	0.018463
591.015300	0.018158
591.015400	0.020599
591.015500	0.025024
591.015600	0.024414
591.015700	0.020905
591.015800	0.023041
591.015900	0.028076
591.016000	0.026703
591.016100	0.023804
591.016200	0.028534
591.016300	0.025635
591.016400	0.025024
591.016500	0.024872
591.016600	0.027618
591.016700	0.025177
591.016800	0.023041
591.016900	0.023804
591.017000	0.025177
591.017100	0.025024
591.017200	0.027313
591.017300	0.030060
591.017400	0.027924
591.017500	0.023499
591.017600	0.022583
591.017700	0.024414
591.017800	0.024719
591.017900	0.022430
591.018000	0.023346
591.018100	0.019836
591.018200	0.017853
591.018300	0.022278
591.018400	0.024567
591.018500	0.022125
591.018600	0.023499
591.018700	0.024261
591.018800	0.022736
591.018900	0.020142
591.019000	0.024261
591.019100	0.023041
591.019200	0.020142
591.019300	0.023804
591.019400	0.021057
591.019500	0.026550
591.019600	0.020294
591.019700	0.019684
591.019800	0.018921
591.019900	0.018005
591.020000	0.018768
591.020100	0.017853
591.020200	0.018463
591.020300	0.023193
591.020400	0.020447
591.020500	0.020752
591.020600	0.022430
591.020700	0.024414
591.020800	0.024567
591.020900	0.023956
591.021000	0.022430
591.021100	0.024719
591.021200	0.019531
591.021300	0.019684
591.021400	0.020447
591.021500	0.023651
591.021600	0.025177
591.021700	0.028229
591.021800	0.027161
591.021900	0.026093
591.022000	0.024567
591.022100	0.023651
591.022200	0.021973
591.022300	0.022888
591.022400	0.024567
591.022500	0.024414
591.022600	0.020599
591.022700	0.023193
591.022800	0.020142
591.022900	0.023041
591.023000	0.028076
591.023100	0.024567
591.023200	0.023499
591.023300	0.022583
591.023400	0.023499
591.023500	0.024719
591.023600	0.019684
591.023700	0.022583
591.023800	0.021820
591.023900	0.023956
591.024000	0.020447
591.024100	0.021973
591.024200	0.020905
591.024300	0.021057
591.024400	0.015259
591.024500	0.017090
591.024600	0.015564
591.024700	0.021973
591.024800	0.023804
591.024900	0.024414
591.025000	0.018005
591.025100	0.015869
591.025200	0.021210
591.025300	0.023041
591.025400	0.023499
591.025500	0.021057
591.025600	0.028992
591.025700	0.025177
591.025800	0.025940
591.025900	0.025940
591.026000	0.023041
591.026100	0.028229
591.026200	0.026703
591.026300	0.021667
591.026400	0.021820
591.026500	0.021515
591.026600	0.021057
591.026700	0.018768
591.026800	0.023956
591.026900	0.024414
591.027000	0.022430
591.027100	0.024109
591.027200	0.023346
591.027300	0.021515
591.027400	0.019226
591.027500	0.021667
591.027600	0.024719
591.027700	0.026093
591.027800	0.023804
591.027900	0.023041
591.028000	0.020447
591.028100	0.024414
591.028200	0.020599
591.028300	0.028076
591.028400	0.026703
591.028500	0.029449
591.028600	0.028687
591.028700	0.022736
591.028800	0.025940
591.028900	0.023346
591.029000	0.022583
591.029100	0.021667
591.029200	0.025024
591.029300	0.024109
591.029400	0.028534
591.029500	0.023346
591.029600	0.025482
591.029700	0.021210
591.029800	0.025940
591.029900	0.022125
591.030000	0.022278
591.030100	0.018616
591.030200	0.024109
591.030300	0.023041
591.030400	0.029449
591.030500	0.028076
591.030600	0.024261
591.030700	0.018616
591.030800	0.022888
591.030900	0.022583
591.031000	0.021973
591.031100	0.022888
591.031200	0.017853
591.031300	0.025787
591.031400	0.026398
591.031500	0.024872
591.031600	0.022736
591.031700	0.020905
591.031800	0.022278
591.031900	0.021515
591.032000	0.021667
591.032100	0.019684
591.032200	0.022278
591.032300	0.027466
591.032400	0.024109
591.032500	0.026703
591.032600	0.022583
591.032700	0.023956
591.032800	0.026550
591.032900	0.024414
591.033000	0.023651
591.033100	0.018158
591.033200	0.018768
591.033300	0.022125
591.033400	0.024719
591.033500	0.020905
591.033600	0.025940
591.033700	0.021973
591.033800	0.017242
591.033900	0.021057
591.034000	0.021820
591.034100	0.021820
591.034200	0.021362
591.034300	0.021973
591.034400	0.014954
591.034500	0.024109
591.034600	0.028229
591.034700	0.026703
591.034800	0.024719
591.034900	0.024414
591.035000	0.017548
591.035100	0.019073
591.035200	0.020599
591.035300	0.018921
591.035400	0.026703
591.035500	0.019379
591.035600	0.021210
591.035700	0.019684
591.035800	0.023651
591.035900	0.021667
591.036000	0.023499
591.036100	0.027924
591.036200	0.023499
591.036300	0.022430
591.036400	0.018463
591.036500	0.021667
591.036600	0.018005
591.036700	0.023193
591.036800	0.020142
591.036900	0.027466
591.037000	0.027313
591.037100	0.022736
591.037200	0.019836
591.037300	0.023346
591.037400	0.024414
591.037500	0.023041
591.037600	0.024719
591.037700	0.022583
591.037800	0.022278
591.037900	0.017242
591.038000	0.021057
591.038100	0.016785
591.038200	0.019684
591.038300	0.024261
591.038400	0.024719
591.038500	0.023499
591.038600	0.021667
591.038700	0.020447
591.038800	0.021667
591.038900	0.021362
591.039000	0.023041
591.039100	0.022888
591.039200	0.025177
591.039300	0.021973
591.039400	0.019073
591.039500	0.020294
591.039600	0.018921
591.039700	0.019073
591.039800	0.019684
591.039900	0.027466
591.040000	0.022430
591.040100	0.025787
591.040200	0.022278
591.040300	0.021667
591.040400	0.020752
591.040500	0.026855
591.040600	0.021973
591.040700	0.022888
591.040800	0.024414
591.040900	0.025024
591.041000	0.022583
591.041100	0.018005
591.041200	0.024109
591.041300	0.019989
591.041400	0.019989
591.041500	0.019531
591.041600	0.018768
591.041700	0.022583
591.041800	0.021515
591.041900	0.019531
591.042000	0.016174
591.042100	0.017090
591.042200	0.018005
591.042300	0.020752
591.042400	0.020752
591.042500	0.017242
591.042600	0.017395
591.042700	0.014191
591.042800	0.020294
591.042900	0.018616
591.043000	0.021667
591.043100	0.018921
591.043200	0.018005
591.043300	0.023041
591.043400	0.030365
591.043500	0.026703
591.043600	0.022583
591.043700	0.026093
591.043800	0.022125
591.043900	0.026398
591.044000	0.023956
591.044100	0.023956
591.044200	0.019531
591.044300	0.018921
591.044400	0.020294
591.044500	0.025940
591.044600	0.024109
591.044700	0.030823
591.044800	0.027313
591.044900	0.023499
591.045000	0.024261
591.045100	0.025024
591.045200	0.027771
591.045300	0.021210
591.045400	0.020447
591.045500	0.025177
591.045600	0.018921
591.045700	0.021057
591.045800	0.022278
591.045900	0.019226
591.046000	0.023041
591.046100	0.027008
591.046200	0.020905
591.046300	0.021973
591.046400	0.022888
591.046500	0.018005
591.046600	0.018921
591.046700	0.018158
591.046800	0.024261
591.046900	0.022278
591.047000	0.022583
591.047100	0.024872
591.047200	0.022888
591.047300	0.022278
591.047400	0.021057
591.047500	0.025635
591.047600	0.019531
591.047700	0.017242
591.047800	0.022278
591.047900	0.021820
591.048000	0.022736
591.048100	0.018463
591.048200	0.021210
591.048300	0.024567
591.048400	0.022430
591.048500	0.024414
591.048600	0.025635
591.048700	0.025635
591.048800	0.029297
591.048900	0.026855
591.049000	0.024414
591.049100	0.023193
591.049200	0.024567
591.049300	0.027161
591.049400	0.025330
591.049500	0.028534
591.049600	0.022888
591.049700	0.019684
591.049800	0.019226
591.049900	0.019226
591.050000	0.024109
591.050100	0.022583
591.050200	0.019531
591.050300	0.021515
591.050400	0.022125
591.050500	0.020599
591.050600	0.024719
591.050700	0.022736
591.050800	0.027924
591.050900	0.025482
591.051000	0.024719
591.051100	0.024414
591.051200	0.021362
591.051300	0.017853
591.051400	0.024109
591.051500	0.020905
591.051600	0.020447
591.051700	0.022430
591.051800	0.023346
591.051900	0.021667
591.052000	0.020905
591.052100	0.023346
591.052200	0.027618
591.052300	0.024719
591.052400	0.026550
591.052500	0.022736
591.052600	0.023193
591.052700	0.027924
591.052800	0.019989
