443.236100	-0.022888
443.236200	-0.012054
443.236300	0.017548
443.236400	0.118713
443.236500	0.320740
443.236600	0.647736
443.236700	1.012878
443.236800	1.266632
443.236900	1.342468
443.237000	1.247559
443.237100	0.941772
443.237200	0.442657
443.237300	-0.114441
443.237400	-0.628662
443.237500	-1.080170
443.237600	-1.347809
443.237700	-1.391602
443.237800	-1.269226
443.237900	-1.095734
443.238000	-0.674286
443.238100	-0.401001
443.238200	-0.224762
443.238300	-0.114136
443.238400	-0.067139
443.238500	-0.047760
443.238600	-0.034180
443.238700	-0.031281
443.238800	-0.021057
443.238900	-0.013885
443.239000	-0.009613
443.239100	-0.011444
443.239200	-0.005493
443.239300	-0.010986
443.239400	-0.013733
443.239500	-0.015411
443.239600	-0.002441
443.239700	-0.002899
443.239800	-0.007324
443.239900	-0.009766
443.240000	-0.010834
443.240100	-0.016327
443.240200	-0.025177
443.240300	-0.021820
443.240400	-0.021210
443.240500	-0.024719
443.240600	-0.024567
443.240700	-0.022583
443.240800	-0.019836
443.240900	-0.013885
443.241000	-0.011444
443.241100	-0.006409
443.241200	-0.006866
443.241300	-0.003662
443.241400	-0.009155
443.241500	-0.005493
443.241600	0.005188
443.241700	0.039215
443.241800	0.132141
443.241900	0.328674
443.242000	0.668488
443.242100	1.099243
443.242200	1.511536
443.242300	1.802979
443.242400	1.906738
443.242500	1.728516
443.242600	1.260834
443.242700	0.579376
443.242800	-0.182190
443.242900	-0.899506
443.243000	-1.598511
443.243100	-1.988831
443.243200	-2.103729
443.243300	-1.992340
443.243400	-1.667633
443.243500	-1.223907
443.243600	-0.749207
443.243700	-0.398254
443.243800	-0.179596
443.243900	-0.073090
443.244000	-0.021057
443.244100	0.002289
443.244200	0.010529
443.244300	0.012054
443.244400	0.006561
443.244500	0.001678
443.244600	-0.000763
443.244700	0.005035
443.244800	-0.001678
443.244900	-0.001373
443.245000	0.000458
443.245100	-0.007019
443.245200	-0.007019
443.245300	-0.003052
443.245400	0.001831
443.245500	-0.000305
443.245600	0.000153
443.245700	-0.002899
443.245800	-0.003204
443.245900	0.000610
443.246000	0.000458
443.246100	-0.001373
443.246200	0.008850
443.246300	0.010529
443.246400	0.009460
443.246500	0.006561
443.246600	0.007629
443.246700	0.003510
443.246800	-0.004425
443.246900	-0.007629
443.247000	-0.007782
443.247100	-0.008087
443.247200	0.001068
443.247300	0.003052
443.247400	0.005646
443.247500	0.010376
443.247600	0.001831
443.247700	0.001526
443.247800	-0.007477
443.247900	-0.010376
443.248000	-0.022583
443.248100	-0.029602
443.248200	-0.033264
443.248300	-0.032196
443.248400	-0.026550
443.248500	-0.029449
443.248600	-0.023499
443.248700	-0.027008
443.248800	-0.026703
443.248900	-0.026245
443.249000	-0.022583
443.249100	-0.025482
443.249200	-0.028992
443.249300	-0.032501
443.249400	-0.034180
443.249500	-0.032196
443.249600	-0.029755
443.249700	-0.030518
443.249800	-0.024872
443.249900	-0.018005
443.250000	-0.013885
443.250100	-0.017548
443.250200	-0.010681
443.250300	-0.016174
443.250400	-0.015106
443.250500	-0.013428
443.250600	-0.015411
443.250700	-0.020447
443.250800	-0.018463
443.250900	-0.027161
443.251000	-0.026398
443.251100	-0.028687
443.251200	-0.025482
443.251300	-0.023651
443.251400	-0.021973
443.251500	-0.019379
443.251600	-0.016022
443.251700	-0.018005
443.251800	-0.014038
443.251900	-0.009460
443.252000	-0.002136
443.252100	0.000153
443.252200	0.011292
443.252300	0.043335
443.252400	0.141602
443.252500	0.326080
443.252600	0.624695
443.252700	0.933533
443.252800	1.036530
443.252900	1.014709
443.253000	0.975037
443.253100	0.863190
443.253200	0.530090
443.253300	-0.003357
443.253400	-0.507202
443.253500	-0.849457
443.253600	-1.018829
443.253700	-1.082916
443.253800	-1.122894
443.253900	-1.115570
443.254000	-0.896454
443.254100	-0.554657
443.254200	-0.318146
443.254300	-0.160675
443.254400	-0.073853
443.254500	-0.029907
443.254600	-0.022888
443.254700	-0.013123
443.254800	-0.013580
443.254900	-0.015564
443.255000	-0.011292
443.255100	-0.012207
443.255200	-0.013733
443.255300	-0.009460
443.255400	-0.003052
443.255500	0.001068
443.255600	-0.003510
443.255700	-0.003967
443.255800	0.003510
443.255900	0.009003
443.256000	0.011444
443.256100	0.018311
443.256200	0.035553
443.256300	0.058594
443.256400	0.079346
443.256500	0.077362
443.256600	0.060577
443.256700	0.050964
443.256800	0.029755
443.256900	0.001068
443.257000	-0.030823
443.257100	-0.053711
443.257200	-0.079498
443.257300	-0.100708
443.257400	-0.116730
443.257500	-0.126038
443.257600	-0.135956
443.257700	-0.110931
443.257800	-0.072784
443.257900	-0.045319
443.258000	-0.021057
443.258100	-0.011292
443.258200	-0.006561
443.258300	-0.014496
443.258400	-0.011597
443.258500	-0.014191
443.258600	-0.012817
443.258700	-0.015869
443.258800	-0.010223
443.258900	-0.012054
443.259000	-0.011749
443.259100	-0.005798
443.259200	-0.011444
443.259300	-0.002747
443.259400	-0.002289
443.259500	0.009613
443.259600	0.039825
443.259700	0.110474
443.259800	0.234680
443.259900	0.423126
443.260000	0.621033
443.260100	0.752563
443.260200	0.798950
443.260300	0.768433
443.260400	0.716705
443.260500	0.673981
443.260600	0.730133
443.260700	0.938721
443.260800	1.007233
443.260900	0.949249
443.261000	1.045227
443.261100	1.278229
443.261200	1.265564
443.261300	0.856323
443.261400	0.224304
443.261500	-0.487366
443.261600	-1.112976
443.261700	-1.624298
443.261800	-2.004852
443.261900	-2.382202
443.262000	-2.532806
443.262100	-2.199707
443.262200	-1.675568
443.262300	-1.221771
443.262400	-0.742493
443.262500	-0.398407
443.262600	-0.180206
443.262700	-0.063934
443.262800	-0.008545
443.262900	0.013123
443.263000	0.019073
443.263100	0.024872
443.263200	0.018616
443.263300	0.018311
443.263400	0.007935
443.263500	0.009155
443.263600	0.005341
443.263700	0.010986
443.263800	0.012970
443.263900	0.019073
443.264000	0.010223
443.264100	0.018158
443.264200	0.015869
443.264300	0.015106
443.264400	0.021515
443.264500	0.030060
443.264600	0.034485
443.264700	0.045776
443.264800	0.048676
443.264900	0.050354
443.265000	0.055847
443.265100	0.045624
443.265200	0.037537
443.265300	0.021973
443.265400	0.008698
443.265500	-0.005951
443.265600	-0.008240
443.265700	-0.018616
443.265800	-0.023804
443.265900	-0.022888
443.266000	-0.016479
443.266100	-0.014801
443.266200	-0.012970
443.266300	-0.017395
443.266400	-0.015564
443.266500	-0.022583
443.266600	-0.026245
443.266700	-0.012970
443.266800	-0.009918
443.266900	-0.012054
443.267000	-0.011139
443.267100	-0.014343
443.267200	-0.014496
443.267300	-0.004578
443.267400	0.001068
443.267500	0.004120
443.267600	0.001984
443.267700	0.006866
443.267800	0.010376
443.267900	0.047150
443.268000	0.151062
443.268100	0.356750
443.268200	0.696564
443.268300	1.166840
443.268400	1.531372
443.268500	1.644135
443.268600	1.630554
443.268700	1.534424
443.268800	1.199036
443.268900	0.599670
443.269000	-0.051575
443.269100	-0.652618
443.269200	-1.159058
443.269300	-1.650085
443.269400	-1.705627
443.269500	-1.625824
443.269600	-1.482391
443.269700	-1.211853
443.269800	-0.793152
443.269900	-0.441284
443.270000	-0.213013
443.270100	-0.083313
443.270200	-0.028381
443.270300	-0.011292
443.270400	-0.014191
443.270500	-0.008392
443.270600	-0.009308
443.270700	-0.008698
443.270800	0.000000
443.270900	0.005493
443.271000	0.006104
443.271100	0.012665
443.271200	0.009613
443.271300	0.007782
443.271400	0.012665
443.271500	0.005646
443.271600	0.005188
443.271700	-0.002441
443.271800	-0.005341
443.271900	-0.006866
443.272000	-0.014343
443.272100	-0.007172
443.272200	-0.000916
443.272300	-0.008392
443.272400	-0.000610
443.272500	-0.002289
443.272600	-0.001984
443.272700	0.000916
443.272800	0.004425
443.272900	0.005646
443.273000	0.000763
443.273100	-0.003204
443.273200	-0.010223
443.273300	-0.016785
443.273400	-0.009155
443.273500	-0.014343
443.273600	-0.006256
443.273700	0.025482
443.273800	0.095520
443.273900	0.231934
443.274000	0.432739
443.274100	0.669556
443.274200	0.832977
443.274300	0.907288
443.274400	0.869446
443.274500	0.723877
443.274600	0.485229
443.274700	0.173187
443.274800	-0.145721
443.274900	-0.426941
443.275000	-0.651093
443.275100	-0.824585
443.275200	-0.918274
443.275300	-0.906219
443.275400	-0.796661
443.275500	-0.601044
443.275600	-0.398254
443.275700	-0.228882
443.275800	-0.120087
443.275900	-0.061035
443.276000	-0.032501
443.276100	-0.017395
443.276200	-0.012970
443.276300	-0.007324
443.276400	0.001068
443.276500	-0.005188
443.276600	0.000610
443.276700	-0.001678
443.276800	0.001221
443.276900	0.002594
443.277000	-0.003815
443.277100	-0.000153
443.277200	-0.006409
443.277300	-0.008087
443.277400	-0.006256
443.277500	-0.005646
443.277600	-0.002747
443.277700	-0.002289
443.277800	-0.001221
443.277900	-0.001068
443.278000	-0.006409
443.278100	-0.003662
443.278200	-0.004272
443.278300	-0.006409
443.278400	-0.004730
443.278500	-0.008392
443.278600	-0.011749
443.278700	-0.012665
443.278800	-0.016785
443.278900	-0.015259
443.279000	-0.021820
443.279100	-0.016632
443.279200	-0.015411
443.279300	-0.013123
443.279400	-0.013885
443.279500	-0.009003
443.279600	-0.007935
443.279700	-0.010376
443.279800	-0.008545
443.279900	-0.008698
443.280000	-0.007324
443.280100	-0.006409
443.280200	-0.007019
443.280300	-0.008850
443.280400	-0.006104
443.280500	-0.004730
443.280600	-0.014954
443.280700	-0.008087
443.280800	-0.006104
443.280900	-0.005951
443.281000	-0.004730
443.281100	-0.000916
443.281200	0.007019
443.281300	0.017242
443.281400	0.015564
443.281500	0.026245
443.281600	0.027161
443.281700	0.031738
443.281800	0.061188
443.281900	0.150909
443.282000	0.327911
443.282100	0.624084
443.282200	0.917969
443.282300	1.044922
443.282400	1.077728
443.282500	1.016388
443.282600	0.739746
443.282700	0.295715
443.282800	-0.172424
443.282900	-0.609741
443.283000	-0.930176
443.283100	-1.012421
443.283200	-0.897675
443.283300	-0.616760
443.283400	-0.098419
443.283500	0.628052
443.283600	1.077118
443.283700	1.279907
443.283800	1.415100
443.283900	1.486664
443.284000	1.211243
443.284100	0.556641
443.284200	-0.176392
443.284300	-0.885162
443.284400	-1.530914
443.284500	-1.701050
443.284600	-1.653137
443.284700	-1.616211
443.284800	-1.583252
443.284900	-1.286926
443.285000	-0.839081
443.285100	-0.464935
443.285200	-0.238800
443.285300	-0.093079
443.285400	-0.024567
443.285500	-0.006561
443.285600	0.005341
443.285700	0.015259
443.285800	0.014191
443.285900	0.011292
443.286000	0.024872
443.286100	0.015717
443.286200	0.004120
443.286300	0.006104
443.286400	-0.006561
443.286500	-0.015259
443.286600	-0.016327
443.286700	-0.010376
443.286800	-0.016479
443.286900	-0.008698
443.287000	-0.002747
443.287100	0.003357
443.287200	0.003357
443.287300	0.007935
443.287400	0.007172
443.287500	0.008545
443.287600	0.003662
443.287700	0.004272
443.287800	-0.002747
443.287900	-0.003815
443.288000	-0.004120
443.288100	-0.006256
443.288200	-0.005646
443.288300	-0.005341
443.288400	-0.007477
443.288500	-0.007172
443.288600	-0.000763
443.288700	0.010529
443.288800	0.023499
443.288900	0.035706
443.289000	0.037537
443.289100	0.047913
443.289200	0.049286
443.289300	0.075989
443.289400	0.149841
443.289500	0.310059
443.289600	0.596313
