518.039300	0.007629
518.039400	0.060883
518.039500	0.193329
518.039600	0.571289
518.039700	1.402588
518.039800	2.030029
518.039900	2.100067
518.040000	1.943054
518.040100	0.922394
518.040200	-0.436096
518.040300	-1.648865
518.040400	-2.002563
518.040500	-1.992187
518.040600	-1.635132
518.040700	-0.974426
518.040800	-0.265961
518.040900	0.019531
518.041000	0.171661
518.041100	0.413971
518.041200	0.767212
518.041300	1.004486
518.041400	0.966187
518.041500	0.594177
518.041600	-0.022278
518.041700	-0.601044
518.041800	-0.885925
518.041900	-0.909424
518.042000	-0.640106
518.042100	-0.157471
518.042200	0.377502
518.042300	0.880585
518.042400	1.220703
518.042500	1.306152
518.042600	0.969849
518.042700	0.315857
518.042800	-0.457306
518.042900	-0.985107
518.043000	-1.191254
518.043100	-1.055756
518.043200	-0.742187
518.043300	-0.442810
518.043400	-0.178986
518.043500	-0.019531
518.043600	0.058136
518.043700	0.084534
518.043800	0.085907
518.043900	0.093384
518.044000	0.092163
518.044100	0.088196
518.044200	0.085754
518.044300	0.089111
518.044400	0.103760
518.044500	0.161591
518.044600	0.349274
518.044700	0.648346
518.044800	0.872955
518.044900	0.895233
518.045000	0.599365
518.045100	0.065002
518.045200	-0.461121
518.045300	-0.734100
518.045400	-0.765686
518.045500	-0.573883
518.045600	-0.254974
518.045700	0.035706
518.045800	0.274048
518.045900	0.473633
518.046000	0.531158
518.046100	0.416412
518.046200	0.164490
518.046300	-0.114594
518.046400	-0.314941
518.046500	-0.394440
518.046600	-0.348663
518.046700	-0.187073
518.046800	-0.031738
518.046900	0.041962
518.047000	0.066528
518.047100	0.073700
518.047200	0.075836
518.047300	0.077667
518.047400	0.077667
518.047500	0.081024
518.047600	0.081482
518.047700	0.084229
518.047800	0.177155
518.047900	0.477753
518.048000	1.117554
518.048100	1.532288
518.048200	1.688232
518.048300	1.484375
518.048400	0.467987
518.048500	-0.754089
518.048600	-1.427460
518.048700	-1.490631
518.048800	-1.320496
518.048900	-0.521393
518.049000	0.295563
518.049100	0.903931
518.049200	1.262512
518.049300	1.212463
518.049400	1.074829
518.049500	0.450134
518.049600	-0.529785
518.049700	-1.176453
518.049800	-1.337433
518.049900	-1.237946
518.050000	-1.132050
518.050100	-0.498352
518.050200	-0.133972
518.050300	0.024719
518.050400	0.070190
518.050500	0.080872
518.050600	0.091553
518.050700	0.096130
518.050800	0.097198
518.050900	0.112610
518.051000	0.146179
518.051100	0.284729
518.051200	0.638885
518.051300	1.201782
518.051400	1.463470
518.051500	1.426392
518.051600	1.031799
518.051700	0.190887
518.051800	-0.693970
518.051900	-1.183014
518.052000	-1.377716
518.052100	-1.252594
518.052200	-0.809479
518.052300	-0.310822
518.052400	-0.038147
518.052500	0.049286
518.052600	0.075226
518.052700	0.085449
518.052800	0.088806
518.052900	0.092316
518.053000	0.097961
518.053100	0.093994
518.053200	0.091858
518.053300	0.087128
518.053400	0.081482
518.053500	0.087128
518.053600	0.081940
518.053700	0.084991
518.053800	0.085144
518.053900	0.089569
518.054000	0.092163
518.054100	0.093689
518.054200	0.104065
518.054300	0.143127
518.054400	0.193024
518.054500	0.194244
518.054600	0.155182
518.054700	0.093842
518.054800	0.020905
518.054900	-0.031281
518.055000	-0.053406
518.055100	-0.026245
518.055200	0.045319
518.055300	0.162354
518.055400	0.338898
518.055500	0.516052
518.055600	0.524750
518.055700	0.411530
518.055800	0.248718
518.055900	0.052643
518.056000	-0.146027
518.056100	-0.306396
518.056200	-0.410156
518.056300	-0.391083
518.056400	-0.218506
518.056500	-0.037994
518.056600	0.089264
518.056700	0.194397
518.056800	0.233612
518.056900	0.230560
518.057000	0.141449
518.057100	0.013428
518.057200	-0.070496
518.057300	-0.000153
518.057400	0.311279
518.057500	0.945435
518.057600	1.298065
518.057700	1.455841
518.057800	1.178589
518.057900	0.244293
518.058000	-0.793457
518.058100	-1.183929
518.058200	-1.322021
518.058300	-1.208801
518.058400	-0.625305
518.058500	-0.192719
518.058600	0.071564
518.058700	0.345459
518.058800	0.686035
518.058900	0.919495
518.059000	0.877075
518.059100	0.435333
518.059200	-0.227661
518.059300	-0.717468
518.059400	-0.887909
518.059500	-0.747681
518.059600	-0.398102
518.059700	-0.033264
518.059800	0.326691
518.059900	0.737305
518.060000	1.046906
518.060100	1.221466
518.060200	1.214294
518.060300	0.888672
518.060400	0.379028
518.060500	0.031586
518.060600	-0.588226
518.060700	-1.150360
518.060800	-1.244965
518.060900	-1.183777
518.061000	-0.956726
518.061100	-0.559387
518.061200	-0.183563
518.061300	-0.009613
518.061400	0.048370
518.061500	0.063934
518.061600	0.072327
518.061700	0.078278
518.061800	0.076752
518.061900	0.082855
518.062000	0.092316
518.062100	0.092773
518.062200	0.097504
518.062300	0.101624
518.062400	0.102844
518.062500	0.101166
518.062600	0.108032
518.062700	0.103455
518.062800	0.094452
518.062900	0.084686
518.063000	0.071564
518.063100	0.070953
518.063200	0.067139
518.063300	0.068970
518.063400	0.068512
518.063500	0.069275
518.063600	0.073547
518.063700	0.140533
518.063800	0.349884
518.063900	0.630951
518.064000	0.977631
518.064100	1.700439
518.064200	2.956848
518.064300	3.832855
518.064400	4.151306
518.064500	3.550568
518.064600	1.902313
518.064700	0.227051
518.064800	-0.697174
518.064900	-1.604156
518.065000	-3.055267
518.065100	-3.904114
518.065200	-4.086609
518.065300	-3.768158
518.065400	-2.691193
518.065500	-1.349945
518.065600	-0.475311
518.065700	-0.177917
518.065800	-0.072174
518.065900	0.011749
518.066000	0.058594
518.066100	0.074310
518.066200	0.087891
518.066300	0.100861
518.066400	0.106506
518.066500	0.105133
518.066600	0.105591
518.066700	0.110931
518.066800	0.117798
518.066900	0.122528
518.067000	0.118256
518.067100	0.120697
518.067200	0.124969
518.067300	0.124359
518.067400	0.122223
518.067500	0.122528
518.067600	0.128784
518.067700	0.131836
518.067800	0.121155
518.067900	0.115356
518.068000	0.112915
518.068100	0.107269
518.068200	0.102692
518.068300	0.100708
518.068400	0.116425
518.068500	0.142365
518.068600	0.158386
518.068700	0.148773
518.068800	0.115204
518.068900	0.081177
518.069000	0.057983
518.069100	0.059204
518.069200	0.077515
518.069300	0.093842
518.069400	0.108032
518.069500	0.105438
518.069600	0.112305
518.069700	0.105591
518.069800	0.098267
518.069900	0.093842
518.070000	0.088348
518.070100	0.086060
518.070200	0.088196
518.070300	0.090942
518.070400	0.088348
518.070500	0.090027
518.070600	0.091705
518.070700	0.088043
518.070800	0.094147
518.070900	0.090332
518.071000	0.093536
518.071100	0.091095
518.071200	0.092773
518.071300	0.092621
518.071400	0.091858
518.071500	0.090027
518.071600	0.088806
518.071700	0.092316
518.071800	0.093689
518.071900	0.093384
518.072000	0.096741
518.072100	0.093231
518.072200	0.086060
518.072300	0.075989
518.072400	0.072327
518.072500	0.066223
518.072600	0.070343
518.072700	0.079041
518.072800	0.080261
518.072900	0.082855
518.073000	0.080566
518.073100	0.081024
518.073200	0.085602
518.073300	0.085754
518.073400	0.079651
518.073500	0.080872
518.073600	0.078125
518.073700	0.080109
518.073800	0.086975
518.073900	0.090637
518.074000	0.088196
518.074100	0.092621
518.074200	0.090485
518.074300	0.084381
518.074400	0.091400
518.074500	0.092316
518.074600	0.091705
518.074700	0.090637
518.074800	0.085754
518.074900	0.086517
518.075000	0.075073
518.075100	0.059204
518.075200	0.051880
518.075300	0.056305
518.075400	0.056305
518.075500	0.057983
518.075600	0.050964
518.075700	0.055237
518.075800	0.051727
518.075900	0.066986
518.076000	0.066528
518.076100	0.082092
518.076200	0.148468
518.076300	0.389099
518.076400	0.869598
518.076500	1.459351
518.076600	1.576233
518.076700	1.455994
518.076800	0.691681
518.076900	-0.448151
518.077000	-1.174316
518.077100	-1.505890
518.077200	-1.456299
518.077300	-1.196899
518.077400	-0.482025
518.077500	-0.105743
518.077600	0.024414
518.077700	0.050507
518.077800	0.056610
518.077900	0.063477
518.078000	0.079956
518.078100	0.088043
518.078200	0.100708
518.078300	0.103607
518.078400	0.097504
518.078500	0.086670
518.078600	0.079651
518.078700	0.072632
518.078800	0.066071
518.078900	0.074768
518.079000	0.071106
518.079100	0.063019
518.079200	0.062714
518.079300	0.060120
518.079400	0.056610
518.079500	0.051880
518.079600	0.048370
518.079700	0.045166
518.079800	0.048065
518.079900	0.057983
518.080000	0.067902
518.080100	0.076141
518.080200	0.073242
518.080300	0.070648
518.080400	0.065308
518.080500	0.061188
518.080600	0.055389
518.080700	0.051117
518.080800	0.053101
518.080900	0.058289
518.081000	0.063171
518.081100	0.080566
518.081200	0.106964
518.081300	0.124207
518.081400	0.136261
518.081500	0.129852
518.081600	0.084076
518.081700	0.038452
518.081800	0.000916
518.081900	0.003204
518.082000	0.023346
518.082100	0.056152
518.082200	0.089111
518.082300	0.101318
518.082400	0.103607
518.082500	0.093536
518.082600	0.078125
518.082700	0.052032
518.082800	0.024109
518.082900	0.012817
518.083000	0.005188
518.083100	0.013885
518.083200	0.026550
518.083300	0.035248
518.083400	0.046234
518.083500	0.064697
518.083600	0.079346
518.083700	0.106812
518.083800	0.123138
518.083900	0.129242
518.084000	0.131836
518.084100	0.134277
518.084200	0.169525
518.084300	0.368042
518.084400	0.877380
518.084500	1.278076
518.084600	1.432190
518.084700	1.315155
518.084800	0.444336
518.084900	-0.629272
518.085000	-1.060181
518.085100	-0.660858
518.085200	-0.264587
518.085300	0.426331
518.085400	0.749207
518.085500	0.231628
518.085600	-0.614166
518.085700	-1.056061
518.085800	-1.102600
518.085900	-1.065979
518.086000	-0.631866
518.086100	-0.246887
518.086200	-0.045013
518.086300	0.025024
518.086400	0.050507
518.086500	0.061493
518.086600	0.076904
518.086700	0.081635
518.086800	0.085144
518.086900	0.084686
518.087000	0.078735
518.087100	0.069733
518.087200	0.062408
518.087300	0.049591
518.087400	0.040894
518.087500	0.043793
518.087600	0.054932
518.087700	0.054321
518.087800	0.061493
518.087900	0.080109
518.088000	0.113373
518.088100	0.147247
518.088200	0.153351
518.088300	0.110168
518.088400	0.043335
518.088500	-0.013275
518.088600	-0.023651
518.088700	-0.012665
518.088800	0.023499
518.088900	0.053253
518.089000	0.064545
518.089100	0.071411
518.089200	0.067596
518.089300	0.068817
518.089400	0.070801
518.089500	0.065460
518.089600	0.064850
518.089700	0.070801
518.089800	0.066528
518.089900	0.072632
518.090000	0.072784
518.090100	0.072021
518.090200	0.080261
518.090300	0.131378
518.090400	0.327454
518.090500	0.781708
518.090600	1.306610
518.090700	1.419830
518.090800	1.484833
518.090900	1.003876
518.091000	0.040894
518.091100	-0.944366
518.091200	-1.359863
518.091300	-1.404724
518.091400	-1.361389
518.091500	-0.849457
518.091600	-0.317993
518.091700	-0.023499
518.091800	0.077972
518.091900	0.099182
518.092000	0.083771
518.092100	0.062408
518.092200	0.044098
518.092300	0.043488
518.092400	0.045471
518.092500	0.055084
518.092600	0.071869
518.092700	0.065308
518.092800	0.064087
