258.148100	-0.161285
258.148200	-0.286255
258.148300	-0.323181
258.148400	-0.294037
258.148500	-0.209656
258.148600	-0.089111
258.148700	0.015259
258.148800	0.022583
258.148900	-0.048523
258.149000	-0.150909
258.149100	-0.213013
258.149200	-0.084686
258.149300	0.285492
258.149400	0.830231
258.149500	1.390076
258.149600	1.751404
258.149700	1.813660
258.149800	1.423340
258.149900	0.595703
258.150000	-0.437469
258.150100	-1.165466
258.150200	-1.987762
258.150300	-2.129364
258.150400	-1.950836
258.150500	-1.497650
258.150600	-0.969238
258.150700	-0.459290
258.150800	-0.146942
258.150900	0.000610
258.151000	0.061340
258.151100	0.079346
258.151200	0.072327
258.151300	0.064087
258.151400	0.057983
258.151500	0.050049
258.151600	0.040283
258.151700	0.033875
258.151800	0.031738
258.151900	0.043488
258.152000	0.083771
258.152100	0.145874
258.152200	0.214844
258.152300	0.261383
258.152400	0.291595
258.152500	0.299377
258.152600	0.236206
258.152700	0.100708
258.152800	-0.045319
258.152900	-0.144043
258.153000	-0.183868
258.153100	-0.199585
258.153200	-0.183563
258.153300	-0.126038
258.153400	-0.050812
258.153500	0.014496
258.153600	0.056763
258.153700	0.078278
258.153800	0.075684
258.153900	0.077515
258.154000	0.066681
258.154100	0.045166
258.154200	0.038300
258.154300	0.029297
258.154400	0.026855
258.154500	0.031281
258.154600	0.034637
258.154700	0.048218
258.154800	0.059967
258.154900	0.060577
258.155000	0.058594
258.155100	0.052643
258.155200	0.043182
258.155300	0.035400
258.155400	0.032654
258.155500	0.026245
258.155600	0.022888
258.155700	0.030518
258.155800	0.037842
258.155900	0.052338
258.156000	0.059662
258.156100	0.059967
258.156200	0.061493
258.156300	0.046387
258.156400	0.034790
258.156500	0.028381
258.156600	0.031586
258.156700	0.028076
258.156800	0.028229
258.156900	0.039215
258.157000	0.039825
258.157100	0.041046
258.157200	0.043335
258.157300	0.034637
258.157400	0.029449
258.157500	0.023499
258.157600	0.021057
258.157700	0.021057
258.157800	0.023956
258.157900	0.026550
258.158000	0.026093
258.158100	0.030975
258.158200	0.029755
258.158300	0.032043
258.158400	0.031891
258.158500	0.032501
258.158600	0.040894
258.158700	0.044098
258.158800	0.048981
258.158900	0.041809
258.159000	0.037231
258.159100	0.032043
258.159200	0.013123
258.159300	0.000000
258.159400	-0.003815
258.159500	-0.005188
258.159600	-0.004425
258.159700	-0.003967
258.159800	0.006866
258.159900	0.020752
258.160000	0.026398
258.160100	0.028992
258.160200	0.035858
258.160300	0.034180
258.160400	0.028076
258.160500	0.030823
258.160600	0.023346
258.160700	0.030975
258.160800	0.032654
258.160900	0.026093
258.161000	0.027618
258.161100	0.025787
258.161200	0.026245
258.161300	0.026245
258.161400	0.024719
258.161500	0.016479
258.161600	0.023041
258.161700	0.011902
258.161800	0.012970
258.161900	0.012512
258.162000	0.014801
258.162100	0.020447
258.162200	0.019073
258.162300	0.025635
258.162400	0.024109
258.162500	0.024414
258.162600	0.023041
258.162700	0.023499
258.162800	0.028687
258.162900	0.028534
258.163000	0.020294
258.163100	0.018311
258.163200	0.004272
258.163300	0.000458
258.163400	-0.005341
258.163500	-0.001526
258.163600	0.003357
258.163700	-0.000763
258.163800	0.007935
258.163900	0.016937
258.164000	0.013275
258.164100	0.026245
258.164200	0.029449
258.164300	0.029297
258.164400	0.034485
258.164500	0.042725
258.164600	0.048828
258.164700	0.051270
258.164800	0.050964
258.164900	0.046387
258.165000	0.035706
258.165100	0.028992
258.165200	0.023499
258.165300	0.016174
258.165400	0.004883
258.165500	-0.005341
258.165600	-0.006866
258.165700	-0.014496
258.165800	-0.017548
258.165900	-0.020447
258.166000	-0.012054
258.166100	-0.008850
258.166200	-0.005646
258.166300	0.002747
258.166400	0.003967
258.166500	0.009155
258.166600	0.017548
258.166700	0.021667
258.166800	0.018921
258.166900	0.025787
258.167000	0.037994
258.167100	0.048676
258.167200	0.065002
258.167300	0.058746
258.167400	0.047760
258.167500	0.043945
258.167600	0.031433
258.167700	0.020599
258.167800	0.011139
258.167900	0.002441
258.168000	-0.007935
258.168100	-0.013733
258.168200	-0.019989
258.168300	-0.023193
258.168400	-0.008850
258.168500	-0.000305
258.168600	0.016937
258.168700	0.027161
258.168800	0.029907
258.168900	0.030060
258.169000	0.029755
258.169100	0.024261
258.169200	0.024109
258.169300	0.026703
258.169400	0.027161
258.169500	0.027161
258.169600	0.025940
258.169700	0.033417
258.169800	0.032043
258.169900	0.037994
258.170000	0.069580
258.170100	0.237427
258.170200	0.708923
258.170300	1.627502
258.170400	2.807617
258.170500	3.644714
258.170600	3.883057
258.170700	3.591614
258.170800	2.743378
258.170900	1.322784
258.171000	-0.399628
258.171100	-1.906891
258.171200	-2.959595
258.171300	-3.544617
258.171400	-3.567047
258.171500	-2.893066
258.171600	-1.895599
258.171700	-1.197052
258.171800	-0.496826
258.171900	-0.234222
258.172000	-0.120239
258.172100	-0.061493
258.172200	-0.036621
258.172300	-0.027161
258.172400	-0.015869
258.172500	-0.006714
258.172600	0.001678
258.172700	0.007019
258.172800	0.009308
258.172900	0.011902
258.173000	0.010986
258.173100	0.012207
258.173200	0.011749
258.173300	0.008850
258.173400	0.007172
258.173500	0.009308
258.173600	0.028534
258.173700	0.072632
258.173800	0.165710
258.173900	0.329590
258.174000	0.522156
258.174100	0.596619
258.174200	0.544891
258.174300	0.444336
258.174400	0.319214
258.174500	0.168152
258.174600	-0.003357
258.174700	-0.165863
258.174800	-0.316010
258.174900	-0.437775
258.175000	-0.531311
258.175100	-0.606995
258.175200	-0.550995
258.175300	-0.382233
258.175400	-0.220947
258.175500	-0.094452
258.175600	-0.036469
258.175700	-0.010986
258.175800	0.013123
258.175900	0.018768
258.176000	0.022430
258.176100	0.023041
258.176200	0.021057
258.176300	0.022583
258.176400	0.025177
258.176500	0.030060
258.176600	0.032196
258.176700	0.036011
258.176800	0.032806
258.176900	0.031738
258.177000	0.021362
258.177100	0.016785
258.177200	0.014038
258.177300	0.011597
258.177400	0.015259
258.177500	0.018616
258.177600	0.020294
258.177700	0.046387
258.177800	0.182648
258.177900	0.650330
258.178000	1.740875
258.178100	3.652344
258.178200	4.999847
258.178300	4.999847
258.178400	4.999847
258.178500	4.999847
258.178600	4.653015
258.178700	0.996094
258.178800	-2.836456
258.178900	-5.000000
258.179000	-5.000000
258.179100	-5.000000
258.179200	-5.000000
258.179300	-5.000000
258.179400	-3.617401
258.179500	-1.799469
258.179600	-0.692596
258.179700	-0.173798
258.179800	-0.001678
258.179900	0.057983
258.180000	0.072784
258.180100	0.082550
258.180200	0.080872
258.180300	0.083008
258.180400	0.090485
258.180500	0.098267
258.180600	0.103455
258.180700	0.104065
258.180800	0.096588
258.180900	0.096741
258.181000	0.092773
258.181100	0.087280
258.181200	0.088348
258.181300	0.097351
258.181400	0.118103
258.181500	0.139465
258.181600	0.144043
258.181700	0.137024
258.181800	0.123901
258.181900	0.101318
258.182000	0.074615
258.182100	0.050964
258.182200	0.030060
258.182300	0.013733
258.182400	0.004883
258.182500	0.009613
258.182600	0.012207
258.182700	0.031128
258.182800	0.041504
258.182900	0.061340
258.183000	0.070343
258.183100	0.071106
258.183200	0.082092
258.183300	0.073853
258.183400	0.080261
258.183500	0.085449
258.183600	0.086517
258.183700	0.081940
258.183800	0.079346
258.183900	0.077820
258.184000	0.083771
258.184100	0.089569
258.184200	0.098419
258.184300	0.101013
258.184400	0.108337
258.184500	0.101624
258.184600	0.093689
258.184700	0.083160
258.184800	0.067444
258.184900	0.056610
258.185000	0.041046
258.185100	0.037231
258.185200	0.030670
258.185300	0.026245
258.185400	0.030518
258.185500	0.039673
258.185600	0.055237
258.185700	0.071869
258.185800	0.096283
258.185900	0.107880
258.186000	0.111694
258.186100	0.109253
258.186200	0.090485
258.186300	0.068970
258.186400	0.038757
258.186500	0.007629
258.186600	-0.004883
258.186700	-0.009003
258.186800	-0.003815
258.186900	0.000000
258.187000	0.016785
258.187100	0.027313
258.187200	0.034790
258.187300	0.034027
258.187400	0.042725
258.187500	0.057220
258.187600	0.066681
258.187700	0.075378
258.187800	0.093689
258.187900	0.094757
258.188000	0.092163
258.188100	0.071564
258.188200	0.044098
258.188300	0.005341
258.188400	-0.008392
258.188500	-0.007935
258.188600	0.006561
258.188700	0.035706
258.188800	0.081787
258.188900	0.109100
258.189000	0.112457
258.189100	0.120697
258.189200	0.121460
258.189300	0.098724
258.189400	0.058136
258.189500	0.003662
258.189600	-0.034027
258.189700	-0.040436
258.189800	-0.031128
258.189900	-0.029449
258.190000	-0.029297
258.190100	-0.021210
258.190200	0.007477
258.190300	0.019684
258.190400	0.027466
258.190500	0.038452
258.190600	0.040588
258.190700	0.034332
258.190800	0.028687
258.190900	0.025024
258.191000	0.027771
258.191100	0.029907
258.191200	0.029297
258.191300	0.041962
258.191400	0.061493
258.191500	0.086670
258.191600	0.112000
258.191700	0.129852
258.191800	0.132446
258.191900	0.138245
258.192000	0.115051
258.192100	0.082092
258.192200	0.037231
258.192300	-0.007477
258.192400	-0.051270
258.192500	-0.075836
258.192600	-0.080414
258.192700	-0.033264
258.192800	0.135651
258.192900	0.563965
258.193000	1.355438
258.193100	2.543945
258.193200	3.548431
258.193300	3.892059
258.193400	3.847046
258.193500	3.318787
258.193600	1.948853
258.193700	0.110321
258.193800	-1.753845
258.193900	-3.370819
258.194000	-4.153900
258.194100	-4.198608
258.194200	-3.882141
258.194300	-3.140564
258.194400	-2.043457
258.194500	-1.217651
258.194600	-0.425415
258.194700	-0.097961
258.194800	0.015259
258.194900	0.051575
258.195000	0.063629
258.195100	0.065918
258.195200	0.072021
258.195300	0.072937
258.195400	0.080261
258.195500	0.086060
258.195600	0.101776
258.195700	0.172119
258.195800	0.311279
258.195900	0.562592
258.196000	0.865479
258.196100	0.988464
258.196200	1.036224
258.196300	1.108551
258.196400	1.008301
258.196500	0.552216
258.196600	-0.077972
258.196700	-0.667114
258.196800	-0.971375
258.196900	-0.997620
258.197000	-0.959015
258.197100	-0.946198
258.197200	-0.776978
258.197300	-0.460968
258.197400	-0.196075
258.197500	-0.040436
258.197600	0.029144
258.197700	0.052948
258.197800	0.066376
258.197900	0.070038
258.198000	0.077515
258.198100	0.089111
258.198200	0.086670
258.198300	0.094147
258.198400	0.098572
258.198500	0.108032
258.198600	0.108948
258.198700	0.110474
258.198800	0.095520
258.198900	0.074158
258.199000	0.046082
258.199100	0.011749
258.199200	-0.013275
258.199300	-0.020447
258.199400	-0.018005
258.199500	0.000305
258.199600	0.017242
258.199700	0.039062
258.199800	0.048523
258.199900	0.054779
258.200000	0.054932
258.200100	0.061035
258.200200	0.053558
258.200300	0.057526
258.200400	0.055847
258.200500	0.049896
258.200600	0.054779
258.200700	0.060883
258.200800	0.074615
258.200900	0.081177
258.201000	0.090637
258.201100	0.091248
258.201200	0.075226
258.201300	0.053101
258.201400	0.034332
258.201500	0.017853
258.201600	0.008698
