450.455300	0.065155
450.455400	0.070343
450.455500	0.080261
450.455600	0.090027
450.455700	0.093994
450.455800	0.100708
450.455900	0.109406
450.456000	0.098877
450.456100	0.091858
450.456200	0.079498
450.456300	0.075226
450.456400	0.061035
450.456500	0.051422
450.456600	0.047302
450.456700	0.047455
450.456800	0.041046
450.456900	0.047455
450.457000	0.051880
450.457100	0.065308
450.457200	0.088501
450.457300	0.104828
450.457400	0.108185
450.457500	0.103760
450.457600	0.090332
450.457700	0.072021
450.457800	0.055237
450.457900	0.051575
450.458000	0.039825
450.458100	0.034637
450.458200	0.037537
450.458300	0.053558
450.458400	0.060577
450.458500	0.072937
450.458600	0.079346
450.458700	0.074921
450.458800	0.069427
450.458900	0.059357
450.459000	0.046844
450.459100	0.041199
450.459200	0.033569
450.459300	0.040283
450.459400	0.041809
450.459500	0.039215
450.459600	0.041962
450.459700	0.040283
450.459800	0.044098
450.459900	0.051270
450.460000	0.054626
450.460100	0.060730
450.460200	0.065918
450.460300	0.064087
450.460400	0.070801
450.460500	0.071106
450.460600	0.071716
450.460700	0.081635
450.460800	0.143585
450.460900	0.286713
450.461000	0.552063
450.461100	0.974274
450.461200	1.309967
450.461300	1.411438
450.461400	1.492310
450.461500	1.563568
450.461600	1.299896
450.461700	0.629578
450.461800	-0.169678
450.461900	-0.981598
450.462000	-1.484528
450.462100	-1.548309
450.462200	-1.487732
450.462300	-1.454773
450.462400	-1.313629
450.462500	-0.879822
450.462600	-0.435028
450.462700	-0.171356
450.462800	-0.026855
450.462900	0.024109
450.463000	0.043793
450.463100	0.051575
450.463200	0.062256
450.463300	0.071564
450.463400	0.081177
450.463500	0.084076
450.463600	0.091705
450.463700	0.091400
450.463800	0.086212
450.463900	0.082855
450.464000	0.087891
450.464100	0.094910
450.464200	0.104980
450.464300	0.113068
450.464400	0.110474
450.464500	0.100708
450.464600	0.090027
450.464700	0.071106
450.464800	0.059052
450.464900	0.060120
450.465000	0.063019
450.465100	0.067749
450.465200	0.078278
450.465300	0.086365
450.465400	0.092316
450.465500	0.094757
450.465600	0.087433
450.465700	0.093384
450.465800	0.092926
450.465900	0.093536
450.466000	0.093079
450.466100	0.095062
450.466200	0.101318
450.466300	0.100708
450.466400	0.095978
450.466500	0.096893
450.466600	0.092621
450.466700	0.082092
450.466800	0.074615
450.466900	0.068970
450.467000	0.062561
450.467100	0.060883
450.467200	0.061646
450.467300	0.059967
450.467400	0.061951
450.467500	0.062714
450.467600	0.066223
450.467700	0.069427
450.467800	0.079498
450.467900	0.086823
450.468000	0.102234
450.468100	0.105286
450.468200	0.102539
450.468300	0.097656
450.468400	0.085754
450.468500	0.075226
450.468600	0.065460
450.468700	0.059509
450.468800	0.057220
450.468900	0.070190
450.469000	0.072937
450.469100	0.084686
450.469200	0.091858
450.469300	0.090942
450.469400	0.086365
450.469500	0.093842
450.469600	0.098419
450.469700	0.107574
450.469800	0.104218
450.469900	0.094757
450.470000	0.083923
450.470100	0.068665
450.470200	0.058289
450.470300	0.049438
450.470400	0.045013
450.470500	0.048370
450.470600	0.047760
450.470700	0.050659
450.470800	0.057526
450.470900	0.060272
450.471000	0.057678
450.471100	0.065918
450.471200	0.061646
450.471300	0.064850
450.471400	0.063324
450.471500	0.056000
450.471600	0.055237
450.471700	0.050964
450.471800	0.054321
450.471900	0.060120
450.472000	0.065308
450.472100	0.062866
450.472200	0.066681
450.472300	0.067749
450.472400	0.072937
450.472500	0.080566
450.472600	0.082397
450.472700	0.086823
450.472800	0.077057
450.472900	0.077209
450.473000	0.076447
450.473100	0.073700
450.473200	0.071869
450.473300	0.065613
450.473400	0.061798
450.473500	0.060577
450.473600	0.059509
450.473700	0.057983
450.473800	0.060730
450.473900	0.063019
450.474000	0.062408
450.474100	0.066528
450.474200	0.067444
450.474300	0.060883
450.474400	0.064087
450.474500	0.063629
450.474600	0.066681
450.474700	0.064545
450.474800	0.060120
450.474900	0.066223
450.475000	0.073242
450.475100	0.077057
450.475200	0.092926
450.475300	0.122833
450.475400	0.177002
450.475500	0.226746
450.475600	0.242310
450.475700	0.240326
450.475800	0.212097
450.475900	0.151520
450.476000	0.093689
450.476100	0.108795
450.476200	0.256958
450.476300	0.578613
450.476400	1.042633
450.476500	1.389923
450.476600	1.504822
450.476700	1.519470
450.476800	1.379089
450.476900	0.904083
450.477000	0.256348
450.477100	-0.416870
450.477200	-1.035309
450.477300	-1.429749
450.477400	-1.477051
450.477500	-1.403046
450.477600	-1.308289
450.477700	-1.187286
450.477800	-0.662384
450.477900	-0.368958
450.478000	-0.208588
450.478100	-0.143433
450.478200	-0.124817
450.478300	-0.112610
450.478400	-0.092163
450.478500	-0.058746
450.478600	-0.008087
450.478700	0.033569
450.478800	0.063934
450.478900	0.077820
450.479000	0.089569
450.479100	0.088348
450.479200	0.088043
450.479300	0.097656
450.479400	0.124207
450.479500	0.151062
450.479600	0.195465
450.479700	0.222931
450.479800	0.243378
450.479900	0.264282
450.480000	0.226440
450.480100	0.121765
450.480200	-0.003052
450.480300	-0.079651
450.480400	-0.104980
450.480500	-0.100708
450.480600	-0.097656
450.480700	-0.082397
450.480800	-0.029297
450.480900	0.019226
450.481000	0.057068
450.481100	0.074615
450.481200	0.080109
450.481300	0.079346
450.481400	0.079803
450.481500	0.084076
450.481600	0.090179
450.481700	0.091858
450.481800	0.095673
450.481900	0.092926
450.482000	0.087433
450.482100	0.085602
450.482200	0.086670
450.482300	0.088348
450.482400	0.078583
450.482500	0.076447
450.482600	0.070343
450.482700	0.066528
450.482800	0.069580
450.482900	0.064392
450.483000	0.064545
450.483100	0.072021
450.483200	0.073395
450.483300	0.074005
450.483400	0.079346
450.483500	0.079956
450.483600	0.081940
450.483700	0.081329
450.483800	0.078888
450.483900	0.076752
450.484000	0.073090
450.484100	0.073853
450.484200	0.077667
450.484300	0.088043
450.484400	0.100403
450.484500	0.107422
450.484600	0.109406
450.484700	0.112915
450.484800	0.121155
450.484900	0.116119
450.485000	0.106506
450.485100	0.084686
450.485200	0.064697
450.485300	0.051575
450.485400	0.049438
450.485500	0.046997
450.485600	0.043793
450.485700	0.037537
450.485800	0.046539
450.485900	0.051422
450.486000	0.053253
450.486100	0.055542
450.486200	0.054169
450.486300	0.057678
450.486400	0.057678
450.486500	0.054169
450.486600	0.055389
450.486700	0.053406
450.486800	0.059967
450.486900	0.059814
450.487000	0.065460
450.487100	0.061188
450.487200	0.052643
450.487300	0.055389
450.487400	0.057678
450.487500	0.059509
450.487600	0.058899
450.487700	0.057831
450.487800	0.060120
450.487900	0.058441
450.488000	0.065002
450.488100	0.064697
450.488200	0.066223
450.488300	0.064850
450.488400	0.064697
450.488500	0.067291
450.488600	0.069122
450.488700	0.089264
450.488800	0.103302
450.488900	0.109558
450.489000	0.111847
450.489100	0.113373
450.489200	0.120850
450.489300	0.114441
450.489400	0.112762
450.489500	0.086060
450.489600	0.059052
450.489700	0.037231
450.489800	0.015411
450.489900	0.012817
450.490000	0.015869
450.490100	0.021362
450.490200	0.019836
450.490300	0.039825
450.490400	0.069122
450.490500	0.090637
450.490600	0.113831
450.490700	0.108490
450.490800	0.091858
450.490900	0.050964
450.491000	0.012054
450.491100	-0.009308
450.491200	-0.015564
450.491300	-0.014343
450.491400	-0.007629
450.491500	0.008698
450.491600	0.031433
450.491700	0.041656
450.491800	0.048828
450.491900	0.050964
450.492000	0.051880
450.492100	0.049896
450.492200	0.045776
450.492300	0.055084
450.492400	0.061188
450.492500	0.057526
450.492600	0.066071
450.492700	0.073547
450.492800	0.078888
450.492900	0.081787
450.493000	0.082245
450.493100	0.082703
450.493200	0.077209
450.493300	0.071716
450.493400	0.063477
450.493500	0.057983
450.493600	0.052490
450.493700	0.048065
450.493800	0.037231
450.493900	0.034790
450.494000	0.038300
450.494100	0.041809
450.494200	0.054321
450.494300	0.055847
450.494400	0.066986
450.494500	0.071259
450.494600	0.069885
450.494700	0.072021
450.494800	0.066071
450.494900	0.057983
450.495000	0.056305
450.495100	0.044098
450.495200	0.042267
450.495300	0.041656
450.495400	0.043488
450.495500	0.048218
450.495600	0.053406
450.495700	0.061951
450.495800	0.059357
450.495900	0.078735
450.496000	0.098572
450.496100	0.130920
450.496200	0.151367
450.496300	0.167084
450.496400	0.162354
450.496500	0.145569
450.496600	0.109863
450.496700	0.067139
450.496800	0.021210
450.496900	-0.011597
450.497000	-0.039062
450.497100	-0.054932
450.497200	-0.048828
450.497300	-0.032349
450.497400	-0.013275
450.497500	0.015106
450.497600	0.045929
450.497700	0.069580
450.497800	0.088806
450.497900	0.096130
450.498000	0.096741
450.498100	0.091248
450.498200	0.075378
450.498300	0.063629
450.498400	0.052185
450.498500	0.043182
450.498600	0.038605
450.498700	0.043793
450.498800	0.055695
450.498900	0.061951
450.499000	0.068817
450.499100	0.075073
450.499200	0.084991
450.499300	0.089874
450.499400	0.089569
450.499500	0.085754
450.499600	0.083160
450.499700	0.076294
450.499800	0.066986
450.499900	0.060272
450.500000	0.056458
450.500100	0.048065
450.500200	0.035858
450.500300	0.019531
450.500400	0.013733
450.500500	0.019989
450.500600	0.030975
450.500700	0.038605
450.500800	0.044098
450.500900	0.050507
450.501000	0.054321
450.501100	0.054474
450.501200	0.059662
450.501300	0.062561
450.501400	0.061493
450.501500	0.056000
450.501600	0.064850
450.501700	0.065918
450.501800	0.056915
450.501900	0.062866
450.502000	0.057068
450.502100	0.056610
450.502200	0.051880
450.502300	0.048676
450.502400	0.051727
450.502500	0.048676
450.502600	0.049591
450.502700	0.061340
450.502800	0.059967
450.502900	0.063477
450.503000	0.060577
450.503100	0.060577
450.503200	0.059052
450.503300	0.052795
450.503400	0.053558
450.503500	0.054321
450.503600	0.052643
450.503700	0.051575
450.503800	0.051880
450.503900	0.056152
450.504000	0.061340
450.504100	0.061951
450.504200	0.058289
450.504300	0.058746
450.504400	0.062561
450.504500	0.053864
450.504600	0.062408
450.504700	0.063477
450.504800	0.065308
450.504900	0.064850
450.505000	0.068970
450.505100	0.066223
450.505200	0.066223
450.505300	0.065918
450.505400	0.066833
450.505500	0.071869
450.505600	0.073853
450.505700	0.077057
450.505800	0.073242
450.505900	0.077667
450.506000	0.075684
450.506100	0.069427
450.506200	0.061798
450.506300	0.061035
450.506400	0.058899
450.506500	0.058441
450.506600	0.068512
450.506700	0.069733
450.506800	0.074768
450.506900	0.072632
450.507000	0.070038
450.507100	0.063629
450.507200	0.054626
450.507300	0.055847
450.507400	0.051880
450.507500	0.056610
450.507600	0.061188
450.507700	0.069275
450.507800	0.074005
450.507900	0.086975
450.508000	0.096588
450.508100	0.110016
450.508200	0.119934
450.508300	0.126648
450.508400	0.125122
450.508500	0.118256
450.508600	0.098114
450.508700	0.063171
450.508800	0.030365
