164.759300	0.025024
164.759400	0.026398
164.759500	0.023499
164.759600	0.020599
164.759700	0.015717
164.759800	0.009308
164.759900	0.007019
164.760000	0.005188
164.760100	0.004730
164.760200	0.005646
164.760300	0.002289
164.760400	0.002441
164.760500	0.004883
164.760600	-0.005493
164.760700	0.000916
164.760800	0.001068
164.760900	0.010376
164.761000	0.008087
164.761100	0.010071
164.761200	0.013733
164.761300	0.029144
164.761400	0.046234
164.761500	0.101471
164.761600	0.203247
164.761700	0.348969
164.761800	0.558929
164.761900	0.828094
164.762000	1.114044
164.762100	1.327667
164.762200	1.418304
164.762300	1.431427
164.762400	1.404724
164.762500	1.342010
164.762600	1.192017
164.762700	0.906677
164.762800	0.522156
164.762900	0.115662
164.763000	-0.283661
164.763100	-0.640411
164.763200	-0.991516
164.763300	-1.166382
164.763400	-1.491089
164.763500	-1.539459
164.763600	-1.495056
164.763700	-1.418610
164.763800	-1.305695
164.763900	-1.197662
164.764000	-0.924225
164.764100	-0.681915
164.764200	-0.463409
164.764300	-0.275879
164.764400	-0.146484
164.764500	-0.064697
164.764600	-0.019531
164.764700	0.013123
164.764800	0.045929
164.764900	0.086060
164.765000	0.149689
164.765100	0.245209
164.765200	0.350494
164.765300	0.447083
164.765400	0.477600
164.765500	0.459900
164.765600	0.418396
164.765700	0.357056
164.765800	0.285492
164.765900	0.191040
164.766000	0.078278
164.766100	-0.035706
164.766200	-0.147247
164.766300	-0.245667
164.766400	-0.325165
164.766500	-0.376740
164.766600	-0.414124
164.766700	-0.439606
164.766800	-0.431061
164.766900	-0.383606
164.767000	-0.288239
164.767100	-0.175781
164.767200	-0.083923
164.767300	-0.012665
164.767400	0.031738
164.767500	0.061646
164.767600	0.078735
164.767700	0.097504
164.767800	0.109711
164.767900	0.127869
164.768000	0.128784
164.768100	0.133972
164.768200	0.137177
164.768300	0.129242
164.768400	0.104980
164.768500	0.066376
164.768600	0.032501
164.768700	-0.015411
164.768800	-0.058746
164.768900	-0.080566
164.769000	-0.086975
164.769100	-0.092163
164.769200	-0.091553
164.769300	-0.087433
164.769400	-0.071564
164.769500	-0.047607
164.769600	-0.018921
164.769700	0.008545
164.769800	0.018921
164.769900	0.028534
164.770000	0.033417
164.770100	0.038452
164.770200	0.033417
164.770300	0.029907
164.770400	0.027618
164.770500	0.023651
164.770600	0.021820
164.770700	0.023956
164.770800	0.021210
164.770900	0.022583
164.771000	0.020294
164.771100	0.016937
164.771200	0.016327
164.771300	0.015106
164.771400	0.016479
164.771500	0.022430
164.771600	0.022430
164.771700	0.023193
164.771800	0.022736
164.771900	0.018311
164.772000	0.017090
164.772100	0.012970
164.772200	0.012512
164.772300	0.011749
164.772400	0.008087
164.772500	-0.001831
164.772600	-0.002136
164.772700	0.000000
164.772800	-0.004120
164.772900	-0.003510
164.773000	-0.006866
164.773100	0.000610
164.773200	0.003510
164.773300	0.003662
164.773400	0.002747
164.773500	0.009308
164.773600	0.006561
164.773700	0.009003
164.773800	0.017090
164.773900	0.012360
164.774000	0.012970
164.774100	0.009918
164.774200	0.010071
164.774300	0.005646
164.774400	0.009918
164.774500	0.007324
164.774600	0.008698
164.774700	0.013123
164.774800	0.010071
164.774900	0.011139
164.775000	0.010071
164.775100	0.009613
164.775200	0.007935
164.775300	0.011444
164.775400	0.001221
164.775500	0.007172
164.775600	0.007477
164.775700	0.007935
164.775800	0.005646
164.775900	0.003357
164.776000	0.011292
164.776100	0.015564
164.776200	0.020447
164.776300	0.029602
164.776400	0.027618
164.776500	0.030060
164.776600	0.038452
164.776700	0.036774
164.776800	0.035706
164.776900	0.034485
164.777000	0.028229
164.777100	0.017395
164.777200	0.012665
164.777300	0.005341
164.777400	0.003052
164.777500	-0.004730
164.777600	-0.006561
164.777700	-0.010223
164.777800	-0.010223
164.777900	-0.002899
164.778000	-0.001678
164.778100	-0.005493
164.778200	0.006256
164.778300	0.006104
164.778400	0.011292
164.778500	0.013123
164.778600	0.017090
164.778700	0.023193
164.778800	0.021362
164.778900	0.020599
164.779000	0.021210
164.779100	0.014191
164.779200	0.018311
164.779300	0.016785
164.779400	0.010681
164.779500	0.012512
164.779600	0.006561
164.779700	0.001831
164.779800	0.003662
164.779900	-0.001373
164.780000	0.003204
164.780100	0.006256
164.780200	0.010071
164.780300	0.003357
164.780400	0.003357
164.780500	0.011292
164.780600	0.011902
164.780700	0.017548
164.780800	0.019531
164.780900	0.019226
164.781000	0.029755
164.781100	0.039673
164.781200	0.065918
164.781300	0.096130
164.781400	0.126495
164.781500	0.149231
164.781600	0.157623
164.781700	0.160522
164.781800	0.140533
164.781900	0.119476
164.782000	0.081635
164.782100	0.039978
164.782200	-0.012512
164.782300	-0.068054
164.782400	-0.107117
164.782500	-0.137939
164.782600	-0.145264
164.782700	-0.154877
164.782800	-0.154114
164.782900	-0.138092
164.783000	-0.104828
164.783100	-0.074615
164.783200	-0.044861
164.783300	-0.014191
164.783400	0.005951
164.783500	0.019226
164.783600	0.032959
164.783700	0.036621
164.783800	0.051117
164.783900	0.068359
164.784000	0.075836
164.784100	0.089111
164.784200	0.089264
164.784300	0.079041
164.784400	0.064240
164.784500	0.035095
164.784600	0.003510
164.784700	-0.026855
164.784800	-0.049896
164.784900	-0.072632
164.785000	-0.078583
164.785100	-0.070648
164.785200	-0.055389
164.785300	-0.040894
164.785400	-0.025635
164.785500	-0.008698
164.785600	0.003204
164.785700	0.010223
164.785800	0.005646
164.785900	0.014343
164.786000	0.018158
164.786100	0.010376
164.786200	0.010529
164.786300	0.012360
164.786400	0.011597
164.786500	0.011139
164.786600	0.009460
164.786700	0.009766
164.786800	0.007477
164.786900	0.009613
164.787000	0.007324
164.787100	0.005646
164.787200	0.012360
164.787300	0.012207
164.787400	0.010986
164.787500	0.009308
164.787600	0.013733
164.787700	0.008240
164.787800	0.005646
164.787900	0.003510
164.788000	0.002747
164.788100	-0.002136
164.788200	0.000153
164.788300	-0.006714
164.788400	-0.011444
164.788500	-0.012054
164.788600	-0.015717
164.788700	-0.015717
164.788800	-0.016479
164.788900	-0.014038
164.789000	-0.011292
164.789100	-0.012512
164.789200	-0.014954
164.789300	-0.012970
164.789400	-0.013428
164.789500	-0.012207
164.789600	-0.009003
164.789700	-0.002136
164.789800	0.006256
164.789900	0.000916
164.790000	-0.005188
164.790100	0.008698
164.790200	0.006561
164.790300	0.011444
164.790400	0.014191
164.790500	0.012207
164.790600	0.012512
164.790700	0.011597
164.790800	0.013580
164.790900	0.008240
164.791000	0.015564
164.791100	0.023346
164.791200	0.020142
164.791300	0.017700
164.791400	0.016937
164.791500	0.015564
164.791600	0.014496
164.791700	0.011139
164.791800	0.017090
164.791900	0.016479
164.792000	0.013580
164.792100	0.012360
164.792200	0.011902
164.792300	0.007172
164.792400	0.006409
164.792500	0.011292
164.792600	0.009460
164.792700	0.001526
164.792800	-0.002594
164.792900	-0.016937
164.793000	-0.025024
164.793100	-0.039062
164.793200	-0.041504
164.793300	-0.040588
164.793400	-0.018311
164.793500	0.045929
164.793600	0.133362
164.793700	0.250854
164.793800	0.408173
164.793900	0.556793
164.794000	0.638733
164.794100	0.648041
164.794200	0.605927
164.794300	0.525513
164.794400	0.400391
164.794500	0.236206
164.794600	0.030975
164.794700	-0.182648
164.794800	-0.363007
164.794900	-0.509796
164.795000	-0.609436
164.795100	-0.670929
164.795200	-0.703735
164.795300	-0.696564
164.795400	-0.632629
164.795500	-0.514374
164.795600	-0.356293
164.795700	-0.217590
164.795800	-0.112305
164.795900	-0.044556
164.796000	-0.004730
164.796100	0.010681
164.796200	0.021210
164.796300	0.040741
164.796400	0.086670
164.796500	0.164032
164.796600	0.267029
164.796700	0.412598
164.796800	0.601501
164.796900	0.753174
164.797000	0.805817
164.797100	0.796509
164.797200	0.759125
164.797300	0.724792
164.797400	0.651855
164.797500	0.517883
164.797600	0.283508
164.797700	-0.021210
164.797800	-0.321655
164.797900	-0.547791
164.798000	-0.681000
164.798100	-0.752106
164.798200	-0.795135
164.798300	-0.823975
164.798400	-0.845337
164.798500	-0.832672
164.798600	-0.725555
164.798700	-0.553741
164.798800	-0.361633
164.798900	-0.197601
164.799000	-0.075684
164.799100	0.001068
164.799200	0.046844
164.799300	0.068359
164.799400	0.076904
164.799500	0.074615
164.799600	0.066071
164.799700	0.044098
164.799800	0.022278
164.799900	0.006866
164.800000	-0.010071
164.800100	-0.017242
164.800200	-0.019379
164.800300	-0.017853
164.800400	-0.017242
164.800500	-0.013428
164.800600	0.006561
164.800700	0.062714
164.800800	0.142517
164.800900	0.273437
164.801000	0.444183
164.801100	0.679779
164.801200	0.971832
164.801300	1.215363
164.801400	1.322327
164.801500	1.318054
164.801600	1.293335
164.801700	1.269226
164.801800	1.213226
164.801900	1.053162
164.802000	0.742950
164.802100	0.369110
164.802200	-0.014648
164.802300	-0.379944
164.802400	-0.714874
164.802500	-1.049347
164.802600	-1.185760
164.802700	-1.392670
164.802800	-1.360168
164.802900	-1.301270
164.803000	-1.233368
164.803100	-1.196289
164.803200	-1.031952
164.803300	-0.805817
164.803400	-0.570679
164.803500	-0.365753
164.803600	-0.200958
164.803700	-0.081177
164.803800	-0.012512
164.803900	0.017700
164.804000	0.030365
164.804100	0.039520
164.804200	0.032654
164.804300	0.035553
164.804400	0.037079
164.804500	0.034637
164.804600	0.041656
164.804700	0.043488
164.804800	0.040436
164.804900	0.047302
164.805000	0.057373
164.805100	0.060730
164.805200	0.068817
164.805300	0.072784
164.805400	0.077057
164.805500	0.094147
164.805600	0.099640
164.805700	0.107422
164.805800	0.113831
164.805900	0.110168
164.806000	0.110016
164.806100	0.104065
164.806200	0.099487
164.806300	0.082550
164.806400	0.054321
164.806500	0.031891
164.806600	0.000000
164.806700	-0.025940
164.806800	-0.058746
164.806900	-0.076294
164.807000	-0.081482
164.807100	-0.071564
164.807200	-0.074768
164.807300	-0.071869
164.807400	-0.062866
164.807500	-0.051117
164.807600	-0.035248
164.807700	-0.016174
164.807800	0.000153
164.807900	0.010071
164.808000	0.022278
164.808100	0.019684
164.808200	0.031433
164.808300	0.028839
164.808400	0.033112
164.808500	0.035858
164.808600	0.037537
164.808700	0.035400
164.808800	0.046844
164.808900	0.033417
164.809000	0.029449
164.809100	0.031738
164.809200	0.025024
164.809300	0.027466
164.809400	0.025330
164.809500	0.019531
164.809600	0.009918
164.809700	0.005951
164.809800	0.006561
164.809900	0.008240
164.810000	0.000763
164.810100	0.007782
164.810200	0.007782
164.810300	0.010376
164.810400	0.009766
164.810500	0.018921
164.810600	0.019226
164.810700	0.018616
164.810800	0.022430
164.810900	0.017242
164.811000	0.026550
164.811100	0.022430
164.811200	0.022430
164.811300	0.029602
164.811400	0.032043
164.811500	0.028687
164.811600	0.029602
164.811700	0.028076
164.811800	0.024109
164.811900	0.020294
164.812000	0.011902
164.812100	0.014191
164.812200	0.012512
164.812300	0.010529
164.812400	0.013123
164.812500	0.010986
164.812600	0.006409
164.812700	0.007629
164.812800	0.007782
