481.789700	0.013733
481.789800	0.013733
481.789900	0.038605
481.790000	0.053101
481.790100	0.078888
481.790200	0.087280
481.790300	0.087128
481.790400	0.079041
481.790500	0.077515
481.790600	0.070496
481.790700	0.055389
481.790800	0.050659
481.790900	0.040283
481.791000	0.034180
481.791100	0.029297
481.791200	0.032959
481.791300	0.039520
481.791400	0.045166
481.791500	0.053711
481.791600	0.061798
481.791700	0.076752
481.791800	0.082703
481.791900	0.083618
481.792000	0.078125
481.792100	0.062561
481.792200	0.050201
481.792300	0.043945
481.792400	0.049744
481.792500	0.059204
481.792600	0.060425
481.792700	0.061035
481.792800	0.074463
481.792900	0.075989
481.793000	0.074921
481.793100	0.067902
481.793200	0.066833
481.793300	0.078583
481.793400	0.072021
481.793500	0.057373
481.793600	0.047913
481.793700	0.041046
481.793800	0.045624
481.793900	0.046082
481.794000	0.045624
481.794100	0.053101
481.794200	0.058899
481.794300	0.062103
481.794400	0.051880
481.794500	0.044708
481.794600	0.048065
481.794700	0.051422
481.794800	0.060883
481.794900	0.061798
481.795000	0.056152
481.795100	0.052948
481.795200	0.056152
481.795300	0.058899
481.795400	0.061951
481.795500	0.062256
481.795600	0.061646
481.795700	0.058594
481.795800	0.058746
481.795900	0.059357
481.796000	0.057526
481.796100	0.062866
481.796200	0.064392
481.796300	0.066071
481.796400	0.060425
481.796500	0.061340
481.796600	0.062256
481.796700	0.060120
481.796800	0.063629
481.796900	0.066223
481.797000	0.064850
481.797100	0.062714
481.797200	0.063934
481.797300	0.068359
481.797400	0.065613
481.797500	0.061951
481.797600	0.063324
481.797700	0.064697
481.797800	0.071411
481.797900	0.063934
481.798000	0.062408
481.798100	0.065765
481.798200	0.110016
481.798300	0.277557
481.798400	0.646210
481.798500	1.053162
481.798600	1.228485
481.798700	1.226501
481.798800	0.795135
481.798900	0.039978
481.799000	-0.738831
481.799100	-1.148529
481.799200	-1.186981
481.799300	-1.191406
481.799400	-0.672913
481.799500	-0.257416
481.799600	-0.024719
481.799700	0.051727
481.799800	0.070343
481.799900	0.081329
481.800000	0.110016
481.800100	0.250397
481.800200	0.577698
481.800300	1.085205
481.800400	1.385498
481.800500	1.441193
481.800600	1.333923
481.800700	0.813293
481.800800	0.090790
481.800900	-0.678558
481.801000	-1.172485
481.801100	-1.381989
481.801200	-1.352997
481.801300	-1.195984
481.801400	-0.662842
481.801500	-0.283051
481.801600	-0.072937
481.801700	0.018005
481.801800	0.056610
481.801900	0.085754
481.802000	0.095978
481.802100	0.099792
481.802200	0.091248
481.802300	0.076447
481.802400	0.066528
481.802500	0.063782
481.802600	0.057831
481.802700	0.053406
481.802800	0.050049
481.802900	0.048828
481.803000	0.055847
481.803100	0.069427
481.803200	0.087433
481.803300	0.099030
481.803400	0.110321
481.803500	0.122833
481.803600	0.117187
481.803700	0.098267
481.803800	0.069733
481.803900	0.045319
481.804000	0.041962
481.804100	0.047607
481.804200	0.059052
481.804300	0.091095
481.804400	0.142059
481.804500	0.181580
481.804600	0.189972
481.804700	0.156555
481.804800	0.089569
481.804900	0.009155
481.805000	-0.041351
481.805100	-0.055084
481.805200	-0.020599
481.805300	0.047302
481.805400	0.111847
481.805500	0.144348
481.805600	0.141296
481.805700	0.110168
481.805800	0.072021
481.805900	0.033722
481.806000	0.011292
481.806100	0.002136
481.806200	0.021667
481.806300	0.094299
481.806400	0.262451
481.806500	0.506439
481.806600	0.721588
481.806700	0.806274
481.806800	0.718842
481.806900	0.413361
481.807000	-0.021057
481.807100	-0.428162
481.807200	-0.671234
481.807300	-0.726318
481.807400	-0.645905
481.807500	-0.436554
481.807600	-0.196381
481.807700	-0.014343
481.807800	0.149689
481.807900	0.353394
481.808000	0.613556
481.808100	0.809937
481.808200	0.877686
481.808300	0.825195
481.808400	0.660248
481.808500	0.479431
481.808600	0.318604
481.808700	0.199127
481.808800	0.080719
481.808900	-0.079498
481.809000	-0.326996
481.809100	-0.585632
481.809200	-0.780029
481.809300	-0.882263
481.809400	-0.881195
481.809500	-0.747528
481.809600	-0.488739
481.809700	-0.222168
481.809800	-0.057220
481.809900	0.016479
481.810000	0.040741
481.810100	0.046387
481.810200	0.043793
481.810300	0.036011
481.810400	0.052795
481.810500	0.074310
481.810600	0.126343
481.810700	0.197601
481.810800	0.235901
481.810900	0.241852
481.811000	0.241394
481.811100	0.207672
481.811200	0.111237
481.811300	0.012207
481.811400	-0.075836
481.811500	-0.115204
481.811600	-0.109863
481.811700	-0.100861
481.811800	-0.059662
481.811900	0.002441
481.812000	0.056152
481.812100	0.089874
481.812200	0.101929
481.812300	0.102081
481.812400	0.101318
481.812500	0.088196
481.812600	0.073547
481.812700	0.061951
481.812800	0.056763
481.812900	0.060577
481.813000	0.065765
481.813100	0.070496
481.813200	0.068970
481.813300	0.063477
481.813400	0.059662
481.813500	0.065460
481.813600	0.066986
481.813700	0.069733
481.813800	0.078735
481.813900	0.082397
481.814000	0.083466
481.814100	0.093536
481.814200	0.096283
481.814300	0.100250
481.814400	0.097809
481.814500	0.091705
481.814600	0.078125
481.814700	0.064087
481.814800	0.056610
481.814900	0.048523
481.815000	0.042267
481.815100	0.040894
481.815200	0.051270
481.815300	0.059357
481.815400	0.061951
481.815500	0.066986
481.815600	0.070190
481.815700	0.068359
481.815800	0.064697
481.815900	0.069275
481.816000	0.065613
481.816100	0.062866
481.816200	0.067749
481.816300	0.067902
481.816400	0.070953
481.816500	0.066528
481.816600	0.067444
481.816700	0.064392
481.816800	0.066986
481.816900	0.066528
481.817000	0.071411
481.817100	0.068817
481.817200	0.072632
481.817300	0.073547
481.817400	0.074005
481.817500	0.067596
481.817600	0.065765
481.817700	0.075073
481.817800	0.139618
481.817900	0.271454
481.818000	0.480042
481.818100	0.672607
481.818200	0.682678
481.818300	0.569916
481.818400	0.430145
481.818500	0.283508
481.818600	0.127258
481.818700	-0.035858
481.818800	-0.205383
481.818900	-0.367432
481.819000	-0.518646
481.819100	-0.653076
481.819200	-0.628357
481.819300	-0.433197
481.819400	-0.235901
481.819500	-0.092468
481.819600	0.005493
481.819700	0.054779
481.819800	0.072327
481.819900	0.083466
481.820000	0.080719
481.820100	0.073700
481.820200	0.057678
481.820300	0.051422
481.820400	0.054932
481.820500	0.056152
481.820600	0.055237
481.820700	0.050507
481.820800	0.054169
481.820900	0.064087
481.821000	0.063171
481.821100	0.058289
481.821200	0.072021
481.821300	0.092468
481.821400	0.110321
481.821500	0.116730
481.821600	0.132294
481.821700	0.127106
481.821800	0.118256
481.821900	0.102844
481.822000	0.077362
481.822100	0.074921
481.822200	0.087128
481.822300	0.106659
481.822400	0.092621
481.822500	0.047913
481.822600	0.018158
481.822700	0.004883
481.822800	0.008087
481.822900	-0.000153
481.823000	-0.000916
481.823100	0.015259
481.823200	0.041809
481.823300	0.066528
481.823400	0.078735
481.823500	0.079193
481.823600	0.070343
481.823700	0.051727
481.823800	0.053406
481.823900	0.050507
481.824000	0.052032
481.824100	0.056610
481.824200	0.064392
481.824300	0.068512
481.824400	0.069427
481.824500	0.074463
481.824600	0.077820
481.824700	0.115509
481.824800	0.251770
481.824900	0.593719
481.825000	1.201782
481.825100	1.916962
481.825200	2.652893
481.825300	2.835388
481.825400	2.532196
481.825500	2.003937
481.825600	0.850983
481.825700	-0.682983
481.825800	-2.086945
481.825900	-2.905731
481.826000	-2.907257
481.826100	-2.580109
481.826200	-2.165985
481.826300	-1.411591
481.826400	-0.716095
481.826500	-0.247955
481.826600	-0.014496
481.826700	0.066528
481.826800	0.093994
481.826900	0.106201
481.827000	0.115662
481.827100	0.143738
481.827200	0.237122
481.827300	0.473938
481.827400	0.810394
481.827500	1.077271
481.827600	1.154480
481.827700	1.000366
481.827800	0.544891
481.827900	-0.089264
481.828000	-0.674438
481.828100	-0.994720
481.828200	-1.092987
481.828300	-0.974731
481.828400	-0.640411
481.828500	-0.276794
481.828600	-0.047150
481.828700	0.053101
481.828800	0.082703
481.828900	0.099487
481.829000	0.093689
481.829100	0.096436
481.829200	0.100250
481.829300	0.103149
481.829400	0.100098
481.829500	0.102692
481.829600	0.107574
481.829700	0.115356
481.829800	0.137177
481.829900	0.183411
481.830000	0.196686
481.830100	0.205383
481.830200	0.196533
481.830300	0.155792
481.830400	0.087280
481.830500	0.027466
481.830600	-0.004120
481.830700	-0.009766
481.830800	-0.009155
481.830900	0.013275
481.831000	0.041351
481.831100	0.064240
481.831200	0.081482
481.831300	0.077972
481.831400	0.076904
481.831500	0.079956
481.831600	0.083313
481.831700	0.086517
481.831800	0.085907
481.831900	0.084076
481.832000	0.079498
481.832100	0.079803
481.832200	0.083160
481.832300	0.081024
481.832400	0.077515
481.832500	0.081940
481.832600	0.083618
481.832700	0.083923
481.832800	0.087585
481.832900	0.091400
481.833000	0.090942
481.833100	0.086517
481.833200	0.083923
481.833300	0.083466
481.833400	0.088501
481.833500	0.086823
481.833600	0.097961
481.833700	0.104980
481.833800	0.105438
481.833900	0.104370
481.834000	0.095825
481.834100	0.096741
481.834200	0.099335
481.834300	0.101929
481.834400	0.097351
481.834500	0.080719
481.834600	0.060730
481.834700	0.050201
481.834800	0.042267
481.834900	0.037842
481.835000	0.030975
481.835100	0.019226
481.835200	0.018158
481.835300	0.021667
481.835400	0.034485
481.835500	0.048218
481.835600	0.059509
481.835700	0.066986
481.835800	0.072021
481.835900	0.080719
481.836000	0.081177
481.836100	0.077362
481.836200	0.071411
481.836300	0.062408
481.836400	0.061646
481.836500	0.062256
481.836600	0.066833
481.836700	0.065918
481.836800	0.064240
481.836900	0.073090
481.837000	0.073090
481.837100	0.073395
481.837200	0.074158
481.837300	0.063629
481.837400	0.061035
481.837500	0.058441
481.837600	0.061188
481.837700	0.059204
481.837800	0.061646
481.837900	0.063629
481.838000	0.070648
481.838100	0.076904
481.838200	0.079651
481.838300	0.079346
481.838400	0.081177
481.838500	0.075378
481.838600	0.063477
481.838700	0.056610
481.838800	0.055695
481.838900	0.055847
481.839000	0.070648
481.839100	0.144806
481.839200	0.341034
481.839300	0.696716
481.839400	1.044312
481.839500	1.127319
481.839600	0.972290
481.839700	0.675507
481.839800	0.293121
481.839900	-0.128174
481.840000	-0.525818
481.840100	-0.831299
481.840200	-1.032867
481.840300	-1.069031
481.840400	-0.827332
481.840500	-0.437469
481.840600	-0.151825
481.840700	-0.019226
481.840800	0.036011
481.840900	0.054474
481.841000	0.063934
481.841100	0.065460
481.841200	0.066986
481.841300	0.072021
481.841400	0.072174
481.841500	0.075989
481.841600	0.071259
481.841700	0.077057
481.841800	0.074310
481.841900	0.076752
481.842000	0.076904
481.842100	0.084839
481.842200	0.085144
481.842300	0.086365
481.842400	0.082703
481.842500	0.085144
481.842600	0.076447
481.842700	0.069122
481.842800	0.064240
481.842900	0.068207
481.843000	0.063629
481.843100	0.074768
481.843200	0.078430
