184.727300	0.107880
184.727400	0.109100
184.727500	0.108490
184.727600	0.108032
184.727700	0.117187
184.727800	0.120087
184.727900	0.122681
184.728000	0.131989
184.728100	0.132751
184.728200	0.142059
184.728300	0.141602
184.728400	0.150604
184.728500	0.151367
184.728600	0.161285
184.728700	0.170593
184.728800	0.162354
184.728900	0.156097
184.729000	0.171356
184.729100	0.187683
184.729200	0.233002
184.729300	0.310211
184.729400	0.420380
184.729500	0.519409
184.729600	0.590973
184.729700	0.614624
184.729800	0.581055
184.729900	0.517883
184.730000	0.417938
184.730100	0.304565
184.730200	0.175476
184.730300	0.071716
184.730400	-0.008850
184.730500	-0.044556
184.730600	-0.058899
184.730700	-0.066376
184.730800	-0.078735
184.730900	-0.077362
184.731000	-0.055847
184.731100	-0.023651
184.731200	-0.001068
184.731300	-0.007172
184.731400	-0.044403
184.731500	-0.105591
184.731600	-0.184174
184.731700	-0.253601
184.731800	-0.309296
184.731900	-0.335541
184.732000	-0.344849
184.732100	-0.315399
184.732200	-0.243378
184.732300	-0.115356
184.732400	0.110016
184.732500	0.453186
184.732600	0.944366
184.732700	1.584778
184.732800	2.276917
184.732900	2.866211
184.733000	3.215637
184.733100	3.320770
184.733200	3.201447
184.733300	2.838440
184.733400	2.204742
184.733500	1.344757
184.733600	0.361481
184.733700	-0.642395
184.733800	-1.572571
184.733900	-2.366028
184.734000	-2.979126
184.734100	-3.298035
184.734200	-3.332825
184.734300	-3.155975
184.734400	-2.818146
184.734500	-2.322540
184.734600	-1.750793
184.734700	-1.233368
184.734800	-0.678101
184.734900	-0.298920
184.735000	-0.077362
184.735100	0.044098
184.735200	0.097198
184.735300	0.124054
184.735400	0.138855
184.735500	0.140533
184.735600	0.144653
184.735700	0.149078
184.735800	0.153351
184.735900	0.160522
184.736000	0.160065
184.736100	0.169983
184.736200	0.167084
184.736300	0.168457
184.736400	0.172882
184.736500	0.171967
184.736600	0.189056
184.736700	0.205688
184.736800	0.239868
184.736900	0.303955
184.737000	0.398407
184.737100	0.507355
184.737200	0.596008
184.737300	0.613861
184.737400	0.570221
184.737500	0.503693
184.737600	0.424194
184.737700	0.327454
184.737800	0.219879
184.737900	0.113373
184.738000	0.003510
184.738100	-0.109406
184.738200	-0.196838
184.738300	-0.277557
184.738400	-0.341949
184.738500	-0.386658
184.738600	-0.414276
184.738700	-0.386810
184.738800	-0.293732
184.738900	-0.171661
184.739000	-0.064545
184.739100	0.020447
184.739200	0.087891
184.739300	0.116119
184.739400	0.122681
184.739500	0.128632
184.739600	0.132141
184.739700	0.136414
184.739800	0.134430
184.739900	0.136871
184.740000	0.140533
184.740100	0.136414
184.740200	0.145721
184.740300	0.153961
184.740400	0.179138
184.740500	0.215759
184.740600	0.240784
184.740700	0.261230
184.740800	0.248871
184.740900	0.250397
184.741000	0.249023
184.741100	0.236816
184.741200	0.206757
184.741300	0.175323
184.741400	0.167084
184.741500	0.187988
184.741600	0.239105
184.741700	0.348816
184.741800	0.458069
184.741900	0.521393
184.742000	0.510254
184.742100	0.452271
184.742200	0.360107
184.742300	0.247345
184.742400	0.128174
184.742500	-0.004730
184.742600	-0.142975
184.742700	-0.266418
184.742800	-0.373993
184.742900	-0.457306
184.743000	-0.498047
184.743100	-0.500183
184.743200	-0.420837
184.743300	-0.275116
184.743400	-0.129089
184.743500	-0.012665
184.743600	0.057678
184.743700	0.099030
184.743800	0.119629
184.743900	0.119934
184.744000	0.125427
184.744100	0.120392
184.744200	0.122833
184.744300	0.121765
184.744400	0.125122
184.744500	0.125122
184.744600	0.132751
184.744700	0.135498
184.744800	0.137329
184.744900	0.139313
184.745000	0.137482
184.745100	0.148163
184.745200	0.149231
184.745300	0.153046
184.745400	0.148163
184.745500	0.150146
184.745600	0.145721
184.745700	0.147552
184.745800	0.176392
184.745900	0.246887
184.746000	0.368042
184.746100	0.559235
184.746200	0.798340
184.746300	1.011200
184.746400	1.127014
184.746500	1.162415
184.746600	1.154480
184.746700	1.116333
184.746800	1.002960
184.746900	0.763245
184.747000	0.446625
184.747100	0.112915
184.747200	-0.209351
184.747300	-0.550995
184.747400	-0.843353
184.747500	-1.048889
184.747600	-1.129608
184.747700	-1.116943
184.747800	-1.069946
184.747900	-0.987244
184.748000	-0.857391
184.748100	-0.635529
184.748200	-0.382080
184.748300	-0.182190
184.748400	-0.033569
184.748500	0.056763
184.748600	0.107727
184.748700	0.131378
184.748800	0.146027
184.748900	0.154877
184.749000	0.161743
184.749100	0.157776
184.749200	0.147705
184.749300	0.148773
184.749400	0.134430
184.749500	0.123444
184.749600	0.113678
184.749700	0.107880
184.749800	0.092773
184.749900	0.084229
184.750000	0.081329
184.750100	0.079041
184.750200	0.083160
184.750300	0.089111
184.750400	0.094604
184.750500	0.097656
184.750600	0.101929
184.750700	0.098877
184.750800	0.098572
184.750900	0.102234
184.751000	0.102692
184.751100	0.108795
184.751200	0.108337
184.751300	0.111389
184.751400	0.112915
184.751500	0.111847
184.751600	0.112152
184.751700	0.110779
184.751800	0.111084
184.751900	0.102234
184.752000	0.104370
184.752100	0.099182
184.752200	0.100555
184.752300	0.106812
184.752400	0.104370
184.752500	0.103455
184.752600	0.105896
184.752700	0.101624
184.752800	0.103760
184.752900	0.105438
184.753000	0.106049
184.753100	0.100403
184.753200	0.101624
184.753300	0.105896
184.753400	0.106964
184.753500	0.104523
184.753600	0.102844
184.753700	0.105591
184.753800	0.110016
184.753900	0.104370
184.754000	0.102844
184.754100	0.102997
184.754200	0.102997
184.754300	0.107422
184.754400	0.105743
184.754500	0.099792
184.754600	0.088806
184.754700	0.087891
184.754800	0.082703
184.754900	0.081787
184.755000	0.091553
184.755100	0.093994
184.755200	0.092010
184.755300	0.093231
184.755400	0.097656
184.755500	0.142975
184.755600	0.240936
184.755700	0.416412
184.755800	0.677795
184.755900	1.050720
184.756000	1.441650
184.756100	1.750488
184.756200	1.922302
184.756300	1.962891
184.756400	1.855164
184.756500	1.500549
184.756600	0.912781
184.756700	0.186157
184.756800	-0.603790
184.756900	-1.146851
184.757000	-1.685333
184.757100	-1.875305
184.757200	-1.893616
184.757300	-1.800385
184.757400	-1.619720
184.757500	-1.314240
184.757600	-0.931854
184.757700	-0.558624
184.757800	-0.279694
184.757900	-0.117187
184.758000	-0.028381
184.758100	0.019531
184.758200	0.035248
184.758300	0.049591
184.758400	0.070038
184.758500	0.096283
184.758600	0.112457
184.758700	0.133057
184.758800	0.134735
184.758900	0.142059
184.759000	0.144196
184.759100	0.145264
184.759200	0.141144
184.759300	0.144348
184.759400	0.148163
184.759500	0.142212
184.759600	0.137939
184.759700	0.124054
184.759800	0.122681
184.759900	0.108948
184.760000	0.106201
184.760100	0.102692
184.760200	0.098572
184.760300	0.097809
184.760400	0.097961
184.760500	0.095673
184.760600	0.091858
184.760700	0.087433
184.760800	0.095520
184.760900	0.095215
184.761000	0.092163
184.761100	0.088348
184.761200	0.089722
184.761300	0.084839
184.761400	0.085297
184.761500	0.070343
184.761600	0.069122
184.761700	0.072632
184.761800	0.080872
184.761900	0.081482
184.762000	0.090485
184.762100	0.099487
184.762200	0.100555
184.762300	0.116730
184.762400	0.159149
184.762500	0.214844
184.762600	0.311737
184.762700	0.464020
184.762800	0.649414
184.762900	0.845490
184.763000	1.037903
184.763100	1.193237
184.763200	1.300659
184.763300	1.332703
184.763400	1.251221
184.763500	1.055756
184.763600	0.756531
184.763700	0.384216
184.763800	-0.033722
184.763900	-0.434570
184.764000	-0.745087
184.764100	-0.968323
184.764200	-1.095581
184.764300	-1.156158
184.764400	-1.163788
184.764500	-1.079102
184.764600	-0.899353
184.764700	-0.653229
184.764800	-0.389252
184.764900	-0.191040
184.765000	-0.049744
184.765100	0.034637
184.765200	0.083008
184.765300	0.102081
184.765400	0.114288
184.765500	0.114746
184.765600	0.119934
184.765700	0.125275
184.765800	0.124207
184.765900	0.116272
184.766000	0.110016
184.766100	0.113068
184.766200	0.103912
184.766300	0.098877
184.766400	0.089264
184.766500	0.087891
184.766600	0.085449
184.766700	0.083313
184.766800	0.076447
184.766900	0.073700
184.767000	0.076752
184.767100	0.080414
184.767200	0.081787
184.767300	0.086212
184.767400	0.089722
184.767500	0.095825
184.767600	0.099335
184.767700	0.100555
184.767800	0.094299
184.767900	0.091248
184.768000	0.089264
184.768100	0.094757
184.768200	0.095978
184.768300	0.098267
184.768400	0.095215
184.768500	0.097809
184.768600	0.106354
184.768700	0.109253
184.768800	0.126495
184.768900	0.124664
184.769000	0.134125
184.769100	0.138855
184.769200	0.142212
184.769300	0.132446
184.769400	0.116882
184.769500	0.097809
184.769600	0.078735
184.769700	0.065308
184.769800	0.051270
184.769900	0.052643
184.770000	0.050049
184.770100	0.052490
184.770200	0.063629
184.770300	0.067902
184.770400	0.071869
184.770500	0.080261
184.770600	0.094757
184.770700	0.096741
184.770800	0.096741
184.770900	0.094757
184.771000	0.093689
184.771100	0.099030
184.771200	0.100708
184.771300	0.102692
184.771400	0.111694
184.771500	0.127869
184.771600	0.130005
184.771700	0.134888
184.771800	0.132141
184.771900	0.125427
184.772000	0.117187
184.772100	0.101776
184.772200	0.084839
184.772300	0.061798
184.772400	0.056152
184.772500	0.044708
184.772600	0.041809
184.772700	0.046387
184.772800	0.048218
184.772900	0.053406
184.773000	0.057373
184.773100	0.063934
184.773200	0.075989
184.773300	0.082397
184.773400	0.083466
184.773500	0.101776
184.773600	0.135651
184.773700	0.187378
184.773800	0.258179
184.773900	0.352631
184.774000	0.453491
184.774100	0.508728
184.774200	0.501862
184.774300	0.457764
184.774400	0.411530
184.774500	0.348663
184.774600	0.279388
184.774700	0.211334
184.774800	0.130310
184.774900	0.057373
184.775000	-0.015411
184.775100	-0.098877
184.775200	-0.158844
184.775300	-0.215607
184.775400	-0.264282
184.775500	-0.300446
184.775600	-0.346222
184.775700	-0.359955
184.775800	-0.334167
184.775900	-0.257111
184.776000	-0.163116
184.776100	-0.075684
184.776200	-0.008850
184.776300	0.055847
184.776400	0.119629
184.776500	0.194550
184.776600	0.277405
184.776700	0.372620
184.776800	0.447998
184.776900	0.484772
184.777000	0.482178
184.777100	0.440979
184.777200	0.375824
184.777300	0.291138
184.777400	0.195160
184.777500	0.086365
184.777600	-0.013275
184.777700	-0.117798
184.777800	-0.203400
184.777900	-0.259552
184.778000	-0.301361
184.778100	-0.304108
184.778200	-0.264893
184.778300	-0.192413
184.778400	-0.082245
184.778500	0.045776
184.778600	0.151672
184.778700	0.225067
184.778800	0.269928
184.778900	0.292664
184.779000	0.291595
184.779100	0.280151
184.779200	0.258484
184.779300	0.202484
184.779400	0.137329
184.779500	0.078583
184.779600	0.014038
184.779700	-0.043945
184.779800	-0.087738
184.779900	-0.118256
184.780000	-0.124207
184.780100	-0.121918
184.780200	-0.108795
184.780300	-0.087128
184.780400	-0.048218
184.780500	-0.009003
184.780600	0.027008
184.780700	0.089111
184.780800	0.192566
