533.245700	0.092926
533.245800	0.100555
533.245900	0.115662
533.246000	0.112610
533.246100	0.111847
533.246200	0.093536
533.246300	0.077972
533.246400	0.063477
533.246500	0.055084
533.246600	0.043030
533.246700	0.046997
533.246800	0.056152
533.246900	0.071106
533.247000	0.085754
533.247100	0.099030
533.247200	0.103912
533.247300	0.091095
533.247400	0.071716
533.247500	0.060120
533.247600	0.066986
533.247700	0.065918
533.247800	0.069427
533.247900	0.068970
533.248000	0.069885
533.248100	0.069580
533.248200	0.073395
533.248300	0.085449
533.248400	0.182495
533.248500	0.485535
533.248600	0.915527
533.248700	1.121216
533.248800	0.989990
533.248900	0.474243
533.249000	-0.247650
533.249100	-0.812988
533.249200	-1.021271
533.249300	-0.906677
533.249400	-0.476227
533.249500	-0.140228
533.249600	0.013275
533.249700	0.059052
533.249800	0.072327
533.249900	0.084686
533.250000	0.096588
533.250100	0.103607
533.250200	0.104370
533.250300	0.094604
533.250400	0.087891
533.250500	0.078583
533.250600	0.065308
533.250700	0.065308
533.250800	0.166779
533.250900	0.477753
533.251000	0.908966
533.251100	1.017303
533.251200	1.017456
533.251300	0.562134
533.251400	-0.277252
533.251500	-0.784149
533.251600	-0.946350
533.251700	-0.999146
533.251800	-0.597839
533.251900	-0.207214
533.252000	-0.016785
533.252100	0.047455
533.252200	0.057068
533.252300	0.061035
533.252400	0.067444
533.252500	0.069427
533.252600	0.063934
533.252700	0.065308
533.252800	0.071564
533.252900	0.072479
533.253000	0.068817
533.253100	0.076904
533.253200	0.084991
533.253300	0.097198
533.253400	0.104065
533.253500	0.101624
533.253600	0.092773
533.253700	0.082092
533.253800	0.088501
533.253900	0.095825
533.254000	0.111389
533.254100	0.112457
533.254200	0.091553
533.254300	0.196075
533.254400	0.587463
533.254500	1.326599
533.254600	1.616669
533.254700	1.656189
533.254800	1.112823
533.254900	0.030823
533.255000	-1.116333
533.255100	-1.724091
533.255200	-1.749725
533.255300	-1.501923
533.255400	-0.848999
533.255500	-0.241699
533.255600	0.001221
533.255700	0.066376
533.255800	0.077667
533.255900	0.084076
533.256000	0.088959
533.256100	0.094757
533.256200	0.102081
533.256300	0.115509
533.256400	0.140381
533.256500	0.145874
533.256600	0.131836
533.256700	0.087891
533.256800	0.034180
533.256900	0.011444
533.257000	0.040436
533.257100	0.183868
533.257200	0.534973
533.257300	0.988159
533.257400	1.132965
533.257500	1.222382
533.257600	0.786285
533.257700	-0.175323
533.257800	-0.870972
533.257900	-1.031036
533.258000	-1.057587
533.258100	-0.740204
533.258200	-0.278778
533.258300	-0.028534
533.258400	0.051880
533.258500	0.080719
533.258600	0.177002
533.258700	0.409241
533.258800	0.745239
533.258900	0.979767
533.259000	1.375275
533.259100	1.441956
533.259200	1.213226
533.259300	0.968475
533.259400	0.364227
533.259500	-0.322571
533.259600	-0.563965
533.259700	-0.402222
533.259800	-0.962524
533.259900	-1.499634
533.260000	-1.451263
533.260100	-1.296387
533.260200	-1.199036
533.260300	-0.466156
533.260400	-0.086975
533.260500	0.050659
533.260600	0.085907
533.260700	0.088196
533.260800	0.092773
533.260900	0.098877
533.261000	0.100250
533.261100	0.102844
533.261200	0.089874
533.261300	0.081177
533.261400	0.072479
533.261500	0.071106
533.261600	0.066376
533.261700	0.063477
533.261800	0.059814
533.261900	0.063019
533.262000	0.072174
533.262100	0.080719
533.262200	0.096893
533.262300	0.099030
533.262400	0.095367
533.262500	0.080261
533.262600	0.064850
533.262700	0.041809
533.262800	0.035858
533.262900	0.034943
533.263000	0.040741
533.263100	0.050812
533.263200	0.055542
533.263300	0.067596
533.263400	0.069427
533.263500	0.079346
533.263600	0.083313
533.263700	0.081635
533.263800	0.070496
533.263900	0.070496
533.264000	0.069733
533.264100	0.081177
533.264200	0.087128
533.264300	0.094910
533.264400	0.102081
533.264500	0.100098
533.264600	0.085754
533.264700	0.069427
533.264800	0.058746
533.264900	0.053864
533.265000	0.056915
533.265100	0.066376
533.265200	0.073853
533.265300	0.079041
533.265400	0.073853
533.265500	0.061798
533.265600	0.054474
533.265700	0.063324
533.265800	0.067139
533.265900	0.074158
533.266000	0.074463
533.266100	0.078430
533.266200	0.076294
533.266300	0.074463
533.266400	0.064850
533.266500	0.065002
533.266600	0.060272
533.266700	0.055542
533.266800	0.064087
533.266900	0.059204
533.267000	0.068054
533.267100	0.067139
533.267200	0.074005
533.267300	0.064545
533.267400	0.067444
533.267500	0.066071
533.267600	0.066528
533.267700	0.066986
533.267800	0.072479
533.267900	0.076904
533.268000	0.076141
533.268100	0.075378
533.268200	0.077362
533.268300	0.078735
533.268400	0.077057
533.268500	0.073700
533.268600	0.077667
533.268700	0.081635
533.268800	0.111389
533.268900	0.129089
533.269000	0.150146
533.269100	0.281830
533.269200	0.597839
533.269300	1.024017
533.269400	1.071167
533.269500	1.009064
533.269600	0.609589
533.269700	-0.274658
533.269800	-0.894623
533.269900	-1.089172
533.270000	-1.177368
533.270100	-0.905457
533.270200	-0.375214
533.270300	-0.078125
533.270400	0.034027
533.270500	0.061798
533.270600	0.060883
533.270700	0.061798
533.270800	0.065613
533.270900	0.070801
533.271000	0.073547
533.271100	0.064392
533.271200	0.066986
533.271300	0.069427
533.271400	0.063477
533.271500	0.067902
533.271600	0.068512
533.271700	0.070190
533.271800	0.074310
533.271900	0.070953
533.272000	0.070801
533.272100	0.072632
533.272200	0.068665
533.272300	0.062103
533.272400	0.070190
533.272500	0.075989
533.272600	0.070648
533.272700	0.072937
533.272800	0.070343
533.272900	0.073853
533.273000	0.075226
533.273100	0.080109
533.273200	0.089874
533.273300	0.091400
533.273400	0.099945
533.273500	0.107727
533.273600	0.101013
533.273700	0.092316
533.273800	0.080872
533.273900	0.061035
533.274000	0.048370
533.274100	0.039062
533.274200	0.040894
533.274300	0.042877
533.274400	0.052032
533.274500	0.063782
533.274600	0.077515
533.274700	0.081940
533.274800	0.077362
533.274900	0.081177
533.275000	0.131073
533.275100	0.490417
533.275200	1.502686
533.275300	2.830658
533.275400	3.320618
533.275500	3.009491
533.275600	0.929718
533.275700	-1.889648
533.275800	-3.553162
533.275900	-3.834839
533.276000	-3.142548
533.276100	-1.617889
533.276200	-0.553436
533.276300	-0.083618
533.276400	0.046387
533.276500	0.088196
533.276600	0.093384
533.276700	0.108032
533.276800	0.112915
533.276900	0.112457
533.277000	0.108337
533.277100	0.091705
533.277200	0.079651
533.277300	0.081177
533.277400	0.085602
533.277500	0.086212
533.277600	0.089111
533.277700	0.095062
533.277800	0.084686
533.277900	0.077209
533.278000	0.080566
533.278100	0.084229
533.278200	0.084381
533.278300	0.085907
533.278400	0.094757
533.278500	0.094452
533.278600	0.098572
533.278700	0.090790
533.278800	0.090332
533.278900	0.079956
533.279000	0.074768
533.279100	0.071106
533.279200	0.078278
533.279300	0.094604
533.279400	0.114594
533.279500	0.122681
533.279600	0.113983
533.279700	0.082703
533.279800	0.059357
533.279900	0.051880
533.280000	0.048065
533.280100	0.054626
533.280200	0.069427
533.280300	0.069733
533.280400	0.073853
533.280500	0.071106
533.280600	0.064392
533.280700	0.061493
533.280800	0.070343
533.280900	0.066833
533.281000	0.067749
533.281100	0.071411
533.281200	0.083313
533.281300	0.091400
533.281400	0.091095
533.281500	0.086212
533.281600	0.066833
533.281700	0.053101
533.281800	0.047302
533.281900	0.059814
533.282000	0.062866
533.282100	0.061951
533.282200	0.068970
533.282300	0.074768
533.282400	0.073090
533.282500	0.074768
533.282600	0.076447
533.282700	0.076752
533.282800	0.066833
533.282900	0.068665
533.283000	0.070648
533.283100	0.063477
533.283200	0.061340
533.283300	0.057373
533.283400	0.065918
533.283500	0.100098
533.283600	0.240784
533.283700	0.574799
533.283800	0.985413
533.283900	1.117096
533.284000	1.218872
533.284100	0.796967
533.284200	-0.124207
533.284300	-0.894775
533.284400	-1.076202
533.284500	-1.091766
533.284600	-0.876617
533.284700	-0.355225
533.284800	-0.004730
533.284900	0.284729
533.285000	0.549774
533.285100	0.694885
533.285200	0.635529
533.285300	0.321960
533.285400	-0.125885
533.285500	-0.484924
533.285600	-0.616150
533.285700	-0.537872
533.285800	-0.320282
533.285900	-0.102844
533.286000	0.015717
533.286100	0.066071
533.286200	0.128326
533.286300	0.256958
533.286400	0.402985
533.286500	0.437164
533.286600	0.355225
533.286700	0.200806
533.286800	0.002747
533.286900	-0.167084
533.287000	-0.267944
533.287100	-0.267334
533.287200	-0.168610
533.287300	-0.048065
533.287400	0.008087
533.287500	0.030212
533.287600	0.034027
533.287700	0.040436
533.287800	0.046539
533.287900	0.054321
533.288000	0.067596
533.288100	0.078430
533.288200	0.088654
533.288300	0.091553
533.288400	0.099792
533.288500	0.105438
533.288600	0.109406
533.288700	0.120697
533.288800	0.110321
533.288900	0.076904
533.289000	0.045929
533.289100	0.006256
533.289200	-0.010834
533.289300	-0.010681
533.289400	-0.006256
533.289500	0.021362
533.289600	0.042572
533.289700	0.075531
533.289800	0.206146
533.289900	0.513611
533.290000	0.805664
533.290100	0.805969
533.290200	0.653381
533.290300	0.231628
533.290400	-0.268555
533.290500	-0.614319
533.290600	-0.806580
533.290700	-0.697632
533.290800	-0.180511
533.290900	0.402374
533.291000	0.790710
533.291100	0.896759
533.291200	0.518341
533.291300	-0.139618
533.291400	-0.642395
533.291500	-0.772705
533.291600	-0.640717
533.291700	-0.273743
533.291800	-0.041504
533.291900	0.048065
533.292000	0.088043
533.292100	0.104675
533.292200	0.108337
533.292300	0.106659
533.292400	0.102692
533.292500	0.093689
533.292600	0.074463
533.292700	0.071869
533.292800	0.056763
533.292900	0.048065
533.293000	0.053406
533.293100	0.045166
533.293200	0.039825
533.293300	0.049896
533.293400	0.090179
533.293500	0.105743
533.293600	0.110931
533.293700	0.082397
533.293800	0.021973
533.293900	-0.007629
533.294000	-0.020447
533.294100	-0.023499
533.294200	0.011444
533.294300	0.039520
533.294400	0.056458
533.294500	0.059052
533.294600	0.063629
533.294700	0.058289
533.294800	0.059662
533.294900	0.063629
533.295000	0.085144
533.295100	0.171204
533.295200	0.419006
533.295300	0.820007
533.295400	1.149902
533.295500	1.255646
533.295600	1.091309
533.295700	0.782471
533.295800	0.554352
533.295900	0.258636
533.296000	-0.187683
533.296100	-0.807953
533.296200	-1.180420
533.296300	-1.525269
533.296400	-1.348572
533.296500	-0.905457
533.296600	-0.323181
533.296700	-0.048065
533.296800	0.034943
533.296900	0.036926
533.297000	0.039673
533.297100	0.043945
533.297200	0.052185
533.297300	0.053253
533.297400	0.057220
533.297500	0.054321
533.297600	0.058594
533.297700	0.065002
533.297800	0.065308
533.297900	0.068054
533.298000	0.060120
533.298100	0.056763
533.298200	0.054626
533.298300	0.056000
533.298400	0.052185
533.298500	0.060272
533.298600	0.058594
533.298700	0.061188
533.298800	0.061493
533.298900	0.061951
533.299000	0.070648
533.299100	0.070343
533.299200	0.066833
