242.941700	0.002747
242.941800	0.002594
242.941900	0.010376
242.942000	0.016937
242.942100	0.020294
242.942200	0.023651
242.942300	0.024567
242.942400	0.023956
242.942500	0.021210
242.942600	0.021057
242.942700	0.019684
242.942800	0.025177
242.942900	0.040283
242.943000	0.052338
242.943100	0.055084
242.943200	0.052643
242.943300	0.059509
242.943400	0.059204
242.943500	0.041199
242.943600	0.026093
242.943700	0.014038
242.943800	0.012360
242.943900	0.016327
242.944000	0.029602
242.944100	0.026855
242.944200	0.015411
242.944300	0.011444
242.944400	0.000000
242.944500	-0.016174
242.944600	-0.022430
242.944700	-0.036774
242.944800	-0.045013
242.944900	-0.049286
242.945000	-0.038300
242.945100	-0.019836
242.945200	-0.007477
242.945300	0.003815
242.945400	0.008545
242.945500	0.011139
242.945600	0.009766
242.945700	0.013428
242.945800	0.011902
242.945900	0.010376
242.946000	0.008087
242.946100	0.010986
242.946200	0.018005
242.946300	0.050049
242.946400	0.144043
242.946500	0.333405
242.946600	0.607300
242.946700	0.878906
242.946800	1.028595
242.946900	1.087646
242.947000	1.076050
242.947100	1.015015
242.947200	1.014099
242.947300	0.916138
242.947400	0.792084
242.947500	0.854034
242.947600	0.877838
242.947700	0.538177
242.947800	0.057831
242.947900	-0.598907
242.948000	-1.157074
242.948100	-1.885223
242.948200	-2.252655
242.948300	-2.474060
242.948400	-2.340698
242.948500	-1.830139
242.948600	-1.258698
242.948700	-0.719147
242.948800	-0.305328
242.948900	-0.018005
242.949000	0.225220
242.949100	0.483093
242.949200	0.665741
242.949300	0.699158
242.949400	0.657501
242.949500	0.568848
242.949600	0.353241
242.949700	0.036774
242.949800	-0.247498
242.949900	-0.427246
242.950000	-0.522919
242.950100	-0.580444
242.950200	-0.598907
242.950300	-0.472412
242.950400	-0.293274
242.950500	-0.152893
242.950600	-0.056763
242.950700	0.018463
242.950800	0.081635
242.950900	0.120239
242.951000	0.139923
242.951100	0.129547
242.951200	0.084534
242.951300	0.014648
242.951400	-0.044403
242.951500	-0.079346
242.951600	-0.082855
242.951700	-0.083466
242.951800	-0.063782
242.951900	-0.022430
242.952000	0.010071
242.952100	0.028229
242.952200	0.035706
242.952300	0.035706
242.952400	0.046844
242.952500	0.045013
242.952600	0.042725
242.952700	0.048676
242.952800	0.055084
242.952900	0.054932
242.953000	0.058746
242.953100	0.052795
242.953200	0.050049
242.953300	0.046692
242.953400	0.033722
242.953500	0.032043
242.953600	0.030365
242.953700	0.029297
242.953800	0.033875
242.953900	0.041962
242.954000	0.035706
242.954100	0.039520
242.954200	0.049438
242.954300	0.055847
242.954400	0.063629
242.954500	0.103912
242.954600	0.165253
242.954700	0.264282
242.954800	0.382538
242.954900	0.527191
242.955000	0.711517
242.955100	0.906677
242.955200	0.973816
242.955300	0.923309
242.955400	0.743713
242.955500	0.335693
242.955600	-0.178680
242.955700	-0.712891
242.955800	-1.101074
242.955900	-1.184845
242.956000	-1.188965
242.956100	-0.965576
242.956200	-0.626373
242.956300	-0.317841
242.956400	-0.118713
242.956500	-0.014954
242.956600	0.023804
242.956700	0.035400
242.956800	0.037079
242.956900	0.032959
242.957000	0.038757
242.957100	0.041809
242.957200	0.046082
242.957300	0.041809
242.957400	0.041656
242.957500	0.040588
242.957600	0.041351
242.957700	0.041046
242.957800	0.037537
242.957900	0.037842
242.958000	0.041656
242.958100	0.034180
242.958200	0.032349
242.958300	0.027161
242.958400	0.022583
242.958500	0.016174
242.958600	0.017548
242.958700	0.010529
242.958800	0.009918
242.958900	0.005798
242.959000	0.002594
242.959100	-0.000763
242.959200	0.004578
242.959300	0.006256
242.959400	0.005951
242.959500	0.008087
242.959600	0.012512
242.959700	0.011597
242.959800	0.013275
242.959900	0.017090
242.960000	0.017853
242.960100	0.028381
242.960200	0.026398
242.960300	0.031128
242.960400	0.027618
242.960500	0.018005
242.960600	0.014343
242.960700	0.001068
242.960800	-0.005035
242.960900	-0.009308
242.961000	-0.014648
242.961100	-0.009460
242.961200	-0.006409
242.961300	-0.004883
242.961400	0.003052
242.961500	0.001831
242.961600	0.007019
242.961700	0.012970
242.961800	0.005188
242.961900	0.010071
242.962000	0.005646
242.962100	0.003967
242.962200	0.006409
242.962300	0.011902
242.962400	0.012054
242.962500	0.012512
242.962600	0.015411
242.962700	0.014954
242.962800	0.008545
242.962900	0.006561
242.963000	0.013123
242.963100	0.017242
242.963200	0.011139
242.963300	0.005646
242.963400	-0.000610
242.963500	-0.003052
242.963600	-0.011749
242.963700	-0.010986
242.963800	-0.011444
242.963900	-0.010071
242.964000	-0.003204
242.964100	0.007477
242.964200	0.015717
242.964300	0.028076
242.964400	0.041199
242.964500	0.042267
242.964600	0.041351
242.964700	0.041199
242.964800	0.040283
242.964900	0.024414
242.965000	0.001526
242.965100	-0.018768
242.965200	-0.035400
242.965300	-0.044861
242.965400	-0.045929
242.965500	-0.037079
242.965600	-0.040741
242.965700	-0.033722
242.965800	-0.018921
242.965900	-0.008698
242.966000	-0.001221
242.966100	-0.002441
242.966200	0.000916
242.966300	-0.002899
242.966400	0.000153
242.966500	-0.009613
242.966600	-0.002899
242.966700	-0.005493
242.966800	-0.001678
242.966900	0.000458
242.967000	0.009308
242.967100	0.056305
242.967200	0.150757
242.967300	0.252686
242.967400	0.318756
242.967500	0.287476
242.967600	0.219116
242.967700	0.125732
242.967800	0.018311
242.967900	-0.095673
242.968000	-0.179749
242.968100	-0.223083
242.968200	-0.223541
242.968300	-0.191650
242.968400	-0.130157
242.968500	-0.083618
242.968600	-0.061493
242.968700	-0.051422
242.968800	-0.040131
242.968900	-0.047302
242.969000	-0.046844
242.969100	-0.044250
242.969200	-0.036011
242.969300	-0.027466
242.969400	-0.011597
242.969500	-0.010376
242.969600	-0.014038
242.969700	-0.010376
242.969800	-0.008545
242.969900	-0.004425
242.970000	0.000916
242.970100	0.010376
242.970200	0.017700
242.970300	0.019531
242.970400	0.016022
242.970500	0.012360
242.970600	0.008545
242.970700	0.001221
242.970800	-0.005798
242.970900	-0.010071
242.971000	-0.016785
242.971100	-0.019226
242.971200	-0.019684
242.971300	-0.020905
242.971400	-0.019379
242.971500	-0.017242
242.971600	-0.008087
242.971700	-0.002594
242.971800	0.005188
242.971900	0.003052
242.972000	0.003662
242.972100	-0.001221
242.972200	-0.001984
242.972300	-0.003967
242.972400	0.000916
242.972500	-0.000916
242.972600	-0.000305
242.972700	-0.001526
242.972800	0.000916
242.972900	-0.002289
242.973000	-0.010071
242.973100	-0.016785
242.973200	-0.014954
242.973300	-0.022430
242.973400	-0.026855
242.973500	-0.027771
242.973600	-0.019073
242.973700	-0.014954
242.973800	-0.007629
242.973900	-0.008850
242.974000	-0.007477
242.974100	-0.007172
242.974200	-0.003204
242.974300	-0.003052
242.974400	0.001221
242.974500	-0.001526
242.974600	-0.000305
242.974700	-0.000458
242.974800	-0.003204
242.974900	-0.007172
242.975000	-0.004883
242.975100	0.000000
242.975200	0.003815
242.975300	0.006866
242.975400	0.005188
242.975500	0.014954
242.975600	0.024872
242.975700	0.022278
242.975800	0.013580
242.975900	0.011597
242.976000	0.017242
242.976100	0.024261
242.976200	0.017700
242.976300	0.005341
242.976400	-0.005951
242.976500	-0.011292
242.976600	-0.014343
242.976700	-0.021210
242.976800	-0.014191
242.976900	-0.011444
242.977000	-0.012054
242.977100	-0.011902
242.977200	-0.015564
242.977300	-0.009918
242.977400	0.003967
242.977500	0.026398
242.977600	0.062714
242.977700	0.114594
242.977800	0.173187
242.977900	0.194550
242.978000	0.193787
242.978100	0.170441
242.978200	0.113373
242.978300	0.029449
242.978400	-0.062408
242.978500	-0.150604
242.978600	-0.205536
242.978700	-0.230560
242.978800	-0.223083
242.978900	-0.180511
242.979000	-0.124359
242.979100	-0.069275
242.979200	-0.034180
242.979300	-0.012817
242.979400	0.001373
242.979500	0.005646
242.979600	0.004883
242.979700	0.000610
242.979800	0.007019
242.979900	0.009155
242.980000	0.000610
242.980100	0.009766
242.980200	0.016327
242.980300	0.034180
242.980400	0.067291
242.980500	0.105133
242.980600	0.136719
242.980700	0.159302
242.980800	0.139923
242.980900	0.075989
242.981000	-0.005493
242.981100	-0.072632
242.981200	-0.102386
242.981300	-0.114441
242.981400	-0.117340
242.981500	-0.094147
242.981600	-0.051117
242.981700	-0.027771
242.981800	-0.010681
242.981900	-0.005188
242.982000	-0.010223
242.982100	-0.017395
242.982200	-0.012207
242.982300	-0.019684
242.982400	-0.022125
242.982500	-0.011902
242.982600	0.022278
242.982700	0.103455
242.982800	0.333710
242.982900	0.854645
242.983000	1.784210
242.983100	3.189392
242.983200	4.557495
242.983300	4.999847
242.983400	4.999847
242.983500	4.999847
242.983600	3.118896
242.983700	0.381775
242.983800	-2.544403
242.983900	-4.763489
242.984000	-5.000000
242.984100	-5.000000
242.984200	-5.000000
242.984300	-4.302368
242.984400	-2.726593
242.984500	-1.352692
242.984600	-0.528717
242.984700	-0.186310
242.984800	-0.077209
242.984900	-0.053101
242.985000	-0.042267
242.985100	-0.036163
242.985200	-0.025330
242.985300	-0.024567
242.985400	-0.008698
242.985500	0.010223
242.985600	0.020599
242.985700	0.034943
242.985800	0.034180
242.985900	0.026245
242.986000	0.022736
242.986100	0.006561
242.986200	0.004272
242.986300	-0.004272
242.986400	-0.008240
242.986500	0.002899
242.986600	0.004883
242.986700	0.012817
242.986800	0.015411
242.986900	0.026550
242.987000	0.056610
242.987100	0.146942
242.987200	0.333099
242.987300	0.683136
242.987400	1.121979
242.987500	1.311646
242.987600	1.350403
242.987700	1.376953
242.987800	1.188354
242.987900	0.589905
242.988000	-0.098572
242.988100	-0.792694
242.988200	-1.183624
242.988300	-1.462250
242.988400	-1.444244
242.988500	-1.409302
242.988600	-1.212921
242.988700	-0.724487
242.988800	-0.363464
242.988900	-0.134888
242.989000	-0.014801
242.989100	0.028687
242.989200	0.042114
242.989300	0.046997
242.989400	0.049438
242.989500	0.047913
242.989600	0.042725
242.989700	0.032501
242.989800	0.031433
242.989900	0.030060
242.990000	0.033264
242.990100	0.033722
242.990200	0.034790
242.990300	0.028992
242.990400	0.021973
242.990500	0.001984
242.990600	-0.010681
242.990700	-0.024414
242.990800	-0.026245
242.990900	-0.030060
242.991000	-0.024414
242.991100	-0.014038
242.991200	0.001678
242.991300	0.018158
242.991400	0.022430
242.991500	0.019836
242.991600	0.015869
242.991700	0.018158
242.991800	0.018616
242.991900	0.014343
242.992000	0.013885
242.992100	0.015869
242.992200	0.013733
242.992300	0.012512
242.992400	0.016174
242.992500	0.014648
242.992600	0.017395
242.992700	0.023804
242.992800	0.017853
242.992900	0.017090
242.993000	0.018463
242.993100	0.021057
242.993200	0.027313
242.993300	0.039062
242.993400	0.052185
242.993500	0.077362
242.993600	0.087891
242.993700	0.086517
242.993800	0.081940
242.993900	0.079956
242.994000	0.072784
242.994100	0.052490
242.994200	0.023041
242.994300	0.004883
242.994400	-0.016479
242.994500	-0.031433
242.994600	-0.028534
242.994700	-0.026550
242.994800	-0.022583
242.994900	-0.022583
242.995000	-0.021057
242.995100	-0.020905
242.995200	-0.013123
