162.455300	0.077209
162.455400	0.083771
162.455500	0.081482
162.455600	0.080719
162.455700	0.081177
162.455800	0.072174
162.455900	0.073547
162.456000	0.075226
162.456100	0.069580
162.456200	0.052795
162.456300	0.047150
162.456400	0.042267
162.456500	0.030823
162.456600	0.028534
162.456700	0.043335
162.456800	0.096436
162.456900	0.181122
162.457000	0.315247
162.457100	0.502167
162.457200	0.749054
162.457300	0.962982
162.457400	1.058655
162.457500	1.092224
162.457600	1.127319
162.457700	1.175842
162.457800	1.191711
162.457900	1.071167
162.458000	0.753632
162.458100	0.298004
162.458200	-0.201569
162.458300	-0.691071
162.458400	-1.068573
162.458500	-1.175537
162.458600	-1.271362
162.458700	-1.239929
162.458800	-1.206055
162.458900	-1.193695
162.459000	-1.195984
162.459100	-0.964203
162.459200	-0.700836
162.459300	-0.437469
162.459400	-0.246429
162.459500	-0.110168
162.459600	-0.020142
162.459700	0.025635
162.459800	0.048065
162.459900	0.055847
162.460000	0.056610
162.460100	0.058289
162.460200	0.057678
162.460300	0.060272
162.460400	0.069580
162.460500	0.074310
162.460600	0.064697
162.460700	0.067749
162.460800	0.058441
162.460900	0.065460
162.461000	0.067596
162.461100	0.058594
162.461200	0.056458
162.461300	0.064850
162.461400	0.062408
162.461500	0.062256
162.461600	0.068359
162.461700	0.079956
162.461800	0.111694
162.461900	0.158691
162.462000	0.245056
162.462100	0.393066
162.462200	0.609131
162.462300	0.903473
162.462400	1.280365
162.462500	1.689911
162.462600	2.077179
162.462700	2.389069
162.462800	2.574615
162.462900	2.632294
162.463000	2.555389
162.463100	2.347870
162.463200	2.015381
162.463300	1.555176
162.463400	1.007996
162.463500	0.439453
162.463600	-0.128174
162.463700	-0.663452
162.463800	-1.118927
162.463900	-1.674042
162.464000	-2.092743
162.464100	-2.389832
162.464200	-2.544250
162.464300	-2.567596
162.464400	-2.465515
162.464500	-2.254181
162.464600	-1.944427
162.464700	-1.548309
162.464800	-1.210785
162.464900	-0.688171
162.465000	-0.299225
162.465100	0.007935
162.465200	0.234528
162.465300	0.356445
162.465400	0.358887
162.465500	0.282745
162.465600	0.149536
162.465700	0.007324
162.465800	-0.148773
162.465900	-0.314484
162.466000	-0.471344
162.466100	-0.561829
162.466200	-0.592957
162.466300	-0.583344
162.466400	-0.560455
162.466500	-0.508423
162.466600	-0.413666
162.466700	-0.271301
162.466800	-0.139771
162.466900	-0.038910
162.467000	0.029602
162.467100	0.067291
162.467200	0.083771
162.467300	0.087585
162.467400	0.095367
162.467500	0.091095
162.467600	0.090332
162.467700	0.087585
162.467800	0.083923
162.467900	0.083771
162.468000	0.081940
162.468100	0.084839
162.468200	0.079346
162.468300	0.080566
162.468400	0.082397
162.468500	0.084076
162.468600	0.080872
162.468700	0.074310
162.468800	0.072327
162.468900	0.066528
162.469000	0.068207
162.469100	0.067902
162.469200	0.064392
162.469300	0.064545
162.469400	0.061035
162.469500	0.060120
162.469600	0.058441
162.469700	0.056000
162.469800	0.056305
162.469900	0.064850
162.470000	0.064545
162.470100	0.065918
162.470200	0.063171
162.470300	0.060577
162.470400	0.060577
162.470500	0.065460
162.470600	0.067444
162.470700	0.074310
162.470800	0.071869
162.470900	0.069733
162.471000	0.070496
162.471100	0.073853
162.471200	0.068054
162.471300	0.069733
162.471400	0.074463
162.471500	0.065155
162.471600	0.069885
162.471700	0.066986
162.471800	0.066223
162.471900	0.061646
162.472000	0.060272
162.472100	0.060577
162.472200	0.051270
162.472300	0.045471
162.472400	0.042267
162.472500	0.042725
162.472600	0.039673
162.472700	0.034180
162.472800	0.029602
162.472900	0.032654
162.473000	0.035553
162.473100	0.036316
162.473200	0.027466
162.473300	0.031128
162.473400	0.029602
162.473500	0.030212
162.473600	0.029449
162.473700	0.029602
162.473800	0.031281
162.473900	0.036926
162.474000	0.036316
162.474100	0.033722
162.474200	0.038910
162.474300	0.037231
162.474400	0.037079
162.474500	0.036621
162.474600	0.032043
162.474700	0.032196
162.474800	0.033417
162.474900	0.030975
162.475000	0.033112
162.475100	0.030518
162.475200	0.036621
162.475300	0.037842
162.475400	0.042572
162.475500	0.040588
162.475600	0.046692
162.475700	0.041809
162.475800	0.045013
162.475900	0.049133
162.476000	0.050964
162.476100	0.050507
162.476200	0.048981
162.476300	0.045624
162.476400	0.048218
162.476500	0.050201
162.476600	0.049744
162.476700	0.046539
162.476800	0.049591
162.476900	0.048828
162.477000	0.052643
162.477100	0.053711
162.477200	0.051270
162.477300	0.051117
162.477400	0.045929
162.477500	0.041809
162.477600	0.044403
162.477700	0.046844
162.477800	0.045471
162.477900	0.044861
162.478000	0.040588
162.478100	0.044861
162.478200	0.045166
162.478300	0.039978
162.478400	0.035553
162.478500	0.038147
162.478600	0.035706
162.478700	0.036316
162.478800	0.032349
162.478900	0.033264
162.479000	0.033569
162.479100	0.030060
162.479200	0.031433
162.479300	0.029602
162.479400	0.030975
162.479500	0.034790
162.479600	0.041504
162.479700	0.055389
162.479800	0.082397
162.479900	0.120392
162.480000	0.184631
162.480100	0.254669
162.480200	0.321655
162.480300	0.374451
162.480400	0.408325
162.480500	0.414124
162.480600	0.392151
162.480700	0.342102
162.480800	0.269623
162.480900	0.188293
162.481000	0.078125
162.481100	-0.034790
162.481200	-0.142517
162.481300	-0.237579
162.481400	-0.318298
162.481500	-0.379486
162.481600	-0.413971
162.481700	-0.423279
162.481800	-0.410156
162.481900	-0.366364
162.482000	-0.297089
162.482100	-0.216064
162.482200	-0.140991
162.482300	-0.059204
162.482400	0.007629
162.482500	0.098572
162.482600	0.201416
162.482700	0.328064
162.482800	0.510406
162.482900	0.746002
162.483000	0.976562
162.483100	1.126099
162.483200	1.181488
162.483300	1.190796
162.483400	1.190186
162.483500	1.196289
162.483600	1.168823
162.483700	1.099548
162.483800	1.081696
162.483900	1.121674
162.484000	1.146851
162.484100	1.075897
162.484200	0.927582
162.484300	0.787354
162.484400	0.673828
162.484500	0.525818
162.484600	0.267944
162.484700	-0.119934
162.484800	-0.550690
162.484900	-0.909729
162.485000	-1.151428
162.485100	-1.634979
162.485200	-1.936340
162.485300	-2.125244
162.485400	-2.186279
162.485500	-2.131042
162.485600	-2.011108
162.485700	-1.818237
162.485800	-1.564331
162.485900	-1.265564
162.486000	-0.917358
162.486100	-0.585327
162.486200	-0.321808
162.486300	-0.139008
162.486400	-0.028992
162.486500	0.028992
162.486600	0.050201
162.486700	0.057678
162.486800	0.056915
162.486900	0.058899
162.487000	0.060883
162.487100	0.060120
162.487200	0.060425
162.487300	0.056152
162.487400	0.065765
162.487500	0.064087
162.487600	0.061493
162.487700	0.069122
162.487800	0.067291
162.487900	0.071716
162.488000	0.072479
162.488100	0.071411
162.488200	0.069580
162.488300	0.074158
162.488400	0.071869
162.488500	0.075073
162.488600	0.077209
162.488700	0.076752
162.488800	0.077972
162.488900	0.073242
162.489000	0.068970
162.489100	0.066376
162.489200	0.063629
162.489300	0.059357
162.489400	0.054321
162.489500	0.054321
162.489600	0.050964
162.489700	0.057373
162.489800	0.054779
162.489900	0.056915
162.490000	0.056000
162.490100	0.056458
162.490200	0.055847
162.490300	0.053711
162.490400	0.049438
162.490500	0.043030
162.490600	0.037537
162.490700	0.037231
162.490800	0.025024
162.490900	0.025482
162.491000	0.025635
162.491100	0.028076
162.491200	0.030670
162.491300	0.023956
162.491400	0.034180
162.491500	0.035095
162.491600	0.043793
162.491700	0.044098
162.491800	0.043030
162.491900	0.048981
162.492000	0.050964
162.492100	0.055847
162.492200	0.057678
162.492300	0.062714
162.492400	0.067291
162.492500	0.065308
162.492600	0.068207
162.492700	0.072479
162.492800	0.076447
162.492900	0.068970
162.493000	0.070801
162.493100	0.066833
162.493200	0.065765
162.493300	0.066223
162.493400	0.066528
162.493500	0.075226
162.493600	0.094604
162.493700	0.107117
162.493800	0.128632
162.493900	0.138855
162.494000	0.135803
162.494100	0.120850
162.494200	0.111084
162.494300	0.094757
162.494400	0.067139
162.494500	0.036469
162.494600	0.017700
162.494700	-0.001526
162.494800	-0.029907
162.494900	-0.052185
162.495000	-0.066986
162.495100	-0.088043
162.495200	-0.100403
162.495300	-0.101929
162.495400	-0.093994
162.495500	-0.070496
162.495600	-0.010223
162.495700	0.100708
162.495800	0.244293
162.495900	0.457764
162.496000	0.744019
162.496100	1.073151
162.496200	1.299591
162.496300	1.378632
162.496400	1.385345
162.496500	1.389923
162.496600	1.396332
162.496700	1.299591
162.496800	0.996246
162.496900	0.581970
162.497000	0.188904
162.497100	-0.178375
162.497200	-0.527954
162.497300	-0.756226
162.497400	-0.830688
162.497500	-0.791168
162.497600	-0.731506
162.497700	-0.729370
162.497800	-0.784607
162.497900	-0.818481
162.498000	-0.759888
162.498100	-0.703125
162.498200	-0.693665
162.498300	-0.723114
162.498400	-0.762939
162.498500	-0.776367
162.498600	-0.780029
162.498700	-0.755920
162.498800	-0.695953
162.498900	-0.598602
162.499000	-0.462952
162.499100	-0.310669
162.499200	-0.178223
162.499300	-0.085144
162.499400	-0.024414
162.499500	0.012512
162.499600	0.019531
162.499700	0.014954
162.499800	0.013123
162.499900	0.016785
162.500000	0.018616
162.500100	0.019836
162.500200	0.018158
162.500300	0.021210
162.500400	0.035858
162.500500	0.041962
162.500600	0.044098
162.500700	0.055542
162.500800	0.059967
162.500900	0.067291
162.501000	0.068665
162.501100	0.072327
162.501200	0.085144
162.501300	0.089722
162.501400	0.102844
162.501500	0.108643
162.501600	0.108337
162.501700	0.121155
162.501800	0.130157
162.501900	0.157013
162.502000	0.190277
162.502100	0.252380
162.502200	0.334167
162.502300	0.423431
162.502400	0.495300
162.502500	0.503845
162.502600	0.482178
162.502700	0.424042
162.502800	0.369873
162.502900	0.299835
162.503000	0.224457
162.503100	0.142670
162.503200	0.065155
162.503300	-0.024414
162.503400	-0.105286
162.503500	-0.181580
162.503600	-0.259399
162.503700	-0.311737
162.503800	-0.364075
162.503900	-0.394287
162.504000	-0.428009
162.504100	-0.437622
162.504200	-0.395508
162.504300	-0.308380
162.504400	-0.200653
162.504500	-0.099030
162.504600	-0.018768
162.504700	0.027618
162.504800	0.051727
162.504900	0.050659
162.505000	0.039825
162.505100	0.026245
162.505200	0.000763
162.505300	-0.013580
162.505400	-0.018005
162.505500	-0.022736
162.505600	-0.017853
162.505700	-0.017548
162.505800	-0.016327
162.505900	-0.010223
162.506000	-0.008240
162.506100	0.007782
162.506200	0.023804
162.506300	0.028534
162.506400	0.047150
162.506500	0.044556
162.506600	0.049133
162.506700	0.049591
162.506800	0.051880
162.506900	0.053253
162.507000	0.051270
162.507100	0.052948
162.507200	0.051422
162.507300	0.053101
162.507400	0.051880
162.507500	0.055695
162.507600	0.052643
162.507700	0.047913
162.507800	0.053711
162.507900	0.054321
162.508000	0.055695
162.508100	0.058136
162.508200	0.057068
162.508300	0.056610
162.508400	0.055695
162.508500	0.054016
162.508600	0.057678
162.508700	0.055237
162.508800	0.046997
