451.991300	-0.049896
451.991400	-0.018768
451.991500	-0.001221
451.991600	0.003204
451.991700	0.002899
451.991800	0.000458
451.991900	0.005646
451.992000	0.006409
451.992100	0.009460
451.992200	0.010376
451.992300	0.006561
451.992400	0.014801
451.992500	0.016937
451.992600	0.016327
451.992700	0.009003
451.992800	0.011444
451.992900	0.006561
451.993000	0.007324
451.993100	0.006714
451.993200	0.002747
451.993300	0.000458
451.993400	0.002136
451.993500	-0.008698
451.993600	-0.010223
451.993700	-0.016327
451.993800	-0.013123
451.993900	-0.011444
451.994000	-0.011139
451.994100	-0.009766
451.994200	-0.004883
451.994300	-0.013123
451.994400	0.001068
451.994500	0.000153
451.994600	-0.004120
451.994700	-0.005341
451.994800	-0.005493
451.994900	0.013428
451.995000	0.068970
451.995100	0.189514
451.995200	0.399475
451.995300	0.660400
451.995400	0.872955
451.995500	0.967102
451.995600	0.940552
451.995700	0.760040
451.995800	0.441132
451.995900	0.074615
451.996000	-0.286865
451.996100	-0.630646
451.996200	-0.894775
451.996300	-1.013184
451.996400	-0.995178
451.996500	-0.860596
451.996600	-0.634460
451.996700	-0.399170
451.996800	-0.213013
451.996900	-0.088348
451.997000	-0.015411
451.997100	0.008240
451.997200	0.013733
451.997300	0.014343
451.997400	0.005646
451.997500	0.002136
451.997600	0.025635
451.997700	0.111542
451.997800	0.269012
451.997900	0.459137
451.998000	0.646057
451.998100	0.834198
451.998200	1.066437
451.998300	1.347351
451.998400	1.634674
451.998500	1.593933
451.998600	1.358948
451.998700	1.113892
451.998800	0.725861
451.998900	0.038605
451.999000	-0.674133
451.999100	-1.163177
451.999200	-1.956024
451.999300	-2.161560
451.999400	-2.076569
451.999500	-1.907043
451.999600	-1.641846
451.999700	-1.213989
451.999800	-0.628357
451.999900	-0.293579
452.000000	-0.105896
452.000100	-0.015717
452.000200	0.012817
452.000300	0.016937
452.000400	0.021362
452.000500	0.014191
452.000600	0.013885
452.000700	0.011292
452.000800	0.027924
452.000900	0.073395
452.001000	0.152435
452.001100	0.303345
452.001200	0.548401
452.001300	0.825043
452.001400	1.102295
452.001500	1.328278
452.001600	1.381989
452.001700	1.306610
452.001800	1.090546
452.001900	0.689697
452.002000	0.176544
452.002100	-0.316467
452.002200	-0.815277
452.002300	-1.176758
452.002400	-1.515503
452.002500	-1.541595
452.002600	-1.376801
452.002700	-1.201019
452.002800	-0.749817
452.002900	-0.442505
452.003000	-0.263519
452.003100	-0.163422
452.003200	-0.089264
452.003300	-0.031586
452.003400	0.000458
452.003500	0.014801
452.003600	0.029907
452.003700	0.047302
452.003800	0.066071
452.003900	0.079041
452.004000	0.082550
452.004100	0.079346
452.004200	0.063477
452.004300	0.044403
452.004400	0.023956
452.004500	-0.004425
452.004600	-0.016327
452.004700	-0.025024
452.004800	-0.026398
452.004900	-0.021210
452.005000	-0.018158
452.005100	-0.008240
452.005200	-0.006714
452.005300	-0.007324
452.005400	-0.001526
452.005500	0.004120
452.005600	0.007477
452.005700	0.006714
452.005800	0.009918
452.005900	0.007782
452.006000	0.015717
452.006100	0.013885
452.006200	0.011902
452.006300	0.015717
452.006400	0.034485
452.006500	0.102844
452.006600	0.269623
452.006700	0.584106
452.006800	1.054077
452.006900	1.442261
452.007000	1.576080
452.007100	1.560516
452.007200	1.417694
452.007300	0.976562
452.007400	0.329742
452.007500	-0.300903
452.007600	-0.913086
452.007700	-1.462555
452.007800	-1.656189
452.007900	-1.603241
452.008000	-1.442566
452.008100	-1.203156
452.008200	-0.749359
452.008300	-0.391541
452.008400	-0.163269
452.008500	-0.052490
452.008600	-0.004883
452.008700	0.023041
452.008800	0.074005
452.008900	0.172119
452.009000	0.365906
452.009100	0.687561
452.009200	1.074524
452.009300	1.466675
452.009400	1.747894
452.009500	1.693726
452.009600	1.395874
452.009700	0.962982
452.009800	0.398560
452.009900	-0.280304
452.010000	-0.962982
452.010100	-1.517944
452.010200	-1.776428
452.010300	-1.839905
452.010400	-1.757202
452.010500	-1.433411
452.010600	-0.998840
452.010700	-0.472717
452.010800	-0.193634
452.010900	-0.043945
452.011000	0.008850
452.011100	0.009766
452.011200	0.007172
452.011300	0.002136
452.011400	-0.016022
452.011500	-0.016479
452.011600	-0.013275
452.011700	-0.008545
452.011800	0.000153
452.011900	0.010681
452.012000	0.010834
452.012100	0.016022
452.012200	0.014801
452.012300	0.009766
452.012400	0.008087
452.012500	0.006256
452.012600	0.005646
452.012700	0.014954
452.012800	0.012665
452.012900	0.012512
452.013000	0.012665
452.013100	0.011749
452.013200	0.014038
452.013300	0.009918
452.013400	0.011292
452.013500	0.012360
452.013600	0.012665
452.013700	0.014496
452.013800	0.010681
452.013900	0.011749
452.014000	0.011139
452.014100	0.012207
452.014200	0.001221
452.014300	-0.001831
452.014400	-0.001678
452.014500	-0.002289
452.014600	0.002594
452.014700	0.005798
452.014800	0.002441
452.014900	-0.002747
452.015000	0.000305
452.015100	0.002747
452.015200	-0.002594
452.015300	0.000916
452.015400	0.010223
452.015500	0.014954
452.015600	0.016479
452.015700	0.014648
452.015800	0.007324
452.015900	0.010986
452.016000	0.006561
452.016100	-0.008392
452.016200	-0.015411
452.016300	-0.027618
452.016400	-0.028381
452.016500	-0.024719
452.016600	-0.017395
452.016700	-0.023193
452.016800	-0.020752
452.016900	-0.018768
452.017000	-0.013123
452.017100	-0.009308
452.017200	-0.009003
452.017300	-0.010529
452.017400	-0.013428
452.017500	-0.011597
452.017600	-0.010223
452.017700	-0.003815
452.017800	0.003967
452.017900	0.018616
452.018000	0.028839
452.018100	0.031281
452.018200	0.028992
452.018300	0.018768
452.018400	0.005951
452.018500	-0.006561
452.018600	-0.017853
452.018700	-0.025482
452.018800	-0.029755
452.018900	-0.034943
452.019000	-0.045471
452.019100	-0.039215
452.019200	-0.010986
452.019300	0.045471
452.019400	0.110016
452.019500	0.184021
452.019600	0.260620
452.019700	0.311279
452.019800	0.330505
452.019900	0.327911
452.020000	0.270081
452.020100	0.127563
452.020200	-0.038147
452.020300	-0.181885
452.020400	-0.268555
452.020500	-0.288086
452.020600	-0.284729
452.020700	-0.263672
452.020800	-0.240631
452.020900	-0.196991
452.021000	-0.140533
452.021100	-0.081177
452.021200	-0.036926
452.021300	-0.022125
452.021400	-0.005951
452.021500	-0.005951
452.021600	-0.002136
452.021700	0.001831
452.021800	0.005493
452.021900	-0.002441
452.022000	-0.012665
452.022100	-0.017242
452.022200	-0.032959
452.022300	-0.034790
452.022400	-0.041962
452.022500	-0.041656
452.022600	-0.045013
452.022700	-0.042267
452.022800	-0.036469
452.022900	-0.029755
452.023000	-0.028076
452.023100	-0.016785
452.023200	-0.023804
452.023300	-0.019836
452.023400	-0.014954
452.023500	-0.018616
452.023600	-0.019531
452.023700	-0.020905
452.023800	-0.017548
452.023900	-0.018158
452.024000	-0.014038
452.024100	-0.011139
452.024200	-0.008698
452.024300	-0.013123
452.024400	-0.013733
452.024500	-0.008545
452.024600	-0.012970
452.024700	-0.015106
452.024800	-0.020905
452.024900	-0.017395
452.025000	-0.012360
452.025100	-0.015411
452.025200	-0.021973
452.025300	-0.019531
452.025400	-0.013123
452.025500	-0.010681
452.025600	-0.001984
452.025700	-0.002899
452.025800	-0.004120
452.025900	-0.011139
452.026000	-0.020599
452.026100	-0.016785
452.026200	0.033417
452.026300	0.232239
452.026400	0.727997
452.026500	1.607208
452.026600	2.681427
452.026700	3.416443
452.026800	3.534851
452.026900	3.127747
452.027000	2.211151
452.027100	0.723114
452.027200	-0.925903
452.027300	-2.729034
452.027400	-3.866730
452.027500	-4.376068
452.027600	-4.321594
452.027700	-3.584137
452.027800	-2.350311
452.027900	-1.246185
452.028000	-0.452118
452.028100	-0.132294
452.028200	-0.010986
452.028300	0.025024
452.028400	0.038147
452.028500	0.038452
452.028600	0.049286
452.028700	0.053253
452.028800	0.062866
452.028900	0.072632
452.029000	0.067596
452.029100	0.059814
452.029200	0.045624
452.029300	0.036621
452.029400	0.019073
452.029500	0.007019
452.029600	0.010223
452.029700	0.003967
452.029800	-0.000763
452.029900	0.005646
452.030000	0.014801
452.030100	0.020142
452.030200	0.022430
452.030300	0.029907
452.030400	0.028229
452.030500	0.027466
452.030600	0.030365
452.030700	0.032043
452.030800	0.031891
452.030900	0.033417
452.031000	0.031433
452.031100	0.024414
452.031200	0.021973
452.031300	0.015411
452.031400	0.014191
452.031500	0.012512
452.031600	0.012207
452.031700	0.011292
452.031800	0.011902
452.031900	0.014496
452.032000	0.016632
452.032100	0.019226
452.032200	0.017090
452.032300	0.018768
452.032400	0.023956
452.032500	0.028687
452.032600	0.042419
452.032700	0.076294
452.032800	0.118866
452.032900	0.160522
452.033000	0.193787
452.033100	0.188141
452.033200	0.172119
452.033300	0.129700
452.033400	0.076447
452.033500	0.014343
452.033600	-0.056000
452.033700	-0.110474
452.033800	-0.159149
452.033900	-0.171051
452.034000	-0.165405
452.034100	-0.148773
452.034200	-0.117493
452.034300	-0.071716
452.034400	-0.044861
452.034500	-0.017700
452.034600	-0.004120
452.034700	0.002136
452.034800	-0.000153
452.034900	0.006866
452.035000	0.003204
452.035100	-0.004730
452.035200	-0.001221
452.035300	-0.002747
452.035400	-0.007324
452.035500	-0.006561
452.035600	-0.002136
452.035700	-0.000610
452.035800	0.000305
452.035900	-0.004730
452.036000	-0.001678
452.036100	0.010681
452.036200	0.019531
452.036300	0.033875
452.036400	0.037384
452.036500	0.047760
452.036600	0.042419
452.036700	0.037689
452.036800	0.016937
452.036900	0.008850
452.037000	0.030975
452.037100	0.106659
452.037200	0.279541
452.037300	0.548248
452.037400	0.801392
452.037500	0.929413
452.037600	0.913849
452.037700	0.702667
452.037800	0.292664
452.037900	-0.139160
452.038000	-0.507507
452.038100	-0.773468
452.038200	-0.880432
452.038300	-0.858154
452.038400	-0.693054
452.038500	-0.448608
452.038600	-0.231934
452.038700	-0.102234
452.038800	-0.029602
452.038900	0.000610
452.039000	0.045013
452.039100	0.129395
452.039200	0.303497
452.039300	0.564575
452.039400	0.852966
452.039500	1.070709
452.039600	1.153412
452.039700	1.038818
452.039800	0.724640
452.039900	0.257111
452.040000	-0.227356
452.040100	-0.688324
452.040200	-1.035461
452.040300	-1.181030
452.040400	-1.185608
452.040500	-1.026459
452.040600	-0.747070
452.040700	-0.462341
452.040800	-0.258484
452.040900	-0.131989
452.041000	-0.063629
452.041100	-0.024109
452.041200	-0.006104
452.041300	-0.002594
452.041400	-0.001831
452.041500	-0.004272
452.041600	0.002289
452.041700	0.066071
452.041800	0.213623
452.041900	0.489960
452.042000	0.904846
452.042100	1.148682
452.042200	1.225128
452.042300	1.313782
452.042400	1.330719
452.042500	0.944366
452.042600	0.226440
452.042700	-0.525208
452.042800	-1.135559
452.042900	-1.397400
452.043000	-1.373901
452.043100	-1.329346
452.043200	-1.245117
452.043300	-0.901184
452.043400	-0.445404
452.043500	-0.157318
452.043600	0.013275
452.043700	0.102234
452.043800	0.131989
452.043900	0.118408
452.044000	0.073242
452.044100	-0.000458
452.044200	-0.070496
452.044300	-0.120697
452.044400	-0.127258
452.044500	-0.114899
452.044600	-0.108185
452.044700	-0.111542
452.044800	-0.102081
