491.159300	0.324707
491.159400	0.254669
491.159500	0.122223
491.159600	-0.041046
491.159700	-0.172577
491.159800	-0.228729
491.159900	-0.202026
491.160000	-0.104980
491.160100	0.007935
491.160200	0.070343
491.160300	0.093689
491.160400	0.151520
491.160500	0.357056
491.160600	0.817566
491.160700	1.283569
491.160800	1.401672
491.160900	1.470642
491.161000	1.162415
491.161100	0.383759
491.161200	-0.501251
491.161300	-1.128235
491.161400	-1.274719
491.161500	-1.284637
491.161600	-1.198730
491.161700	-0.647125
491.161800	-0.241241
491.161900	-0.023041
491.162000	0.046387
491.162100	0.066986
491.162200	0.068054
491.162300	0.070038
491.162400	0.062714
491.162500	0.059662
491.162600	0.068207
491.162700	0.077362
491.162800	0.080872
491.162900	0.076752
491.163000	0.079346
491.163100	0.077515
491.163200	0.074615
491.163300	0.079041
491.163400	0.078125
491.163500	0.080566
491.163600	0.079803
491.163700	0.078278
491.163800	0.082397
491.163900	0.083618
491.164000	0.088196
491.164100	0.092621
491.164200	0.086670
491.164300	0.080872
491.164400	0.086365
491.164500	0.081635
491.164600	0.081482
491.164700	0.078125
491.164800	0.070953
491.164900	0.064545
491.165000	0.061493
491.165100	0.067444
491.165200	0.069580
491.165300	0.076294
491.165400	0.087585
491.165500	0.084534
491.165600	0.075684
491.165700	0.065460
491.165800	0.060883
491.165900	0.061951
491.166000	0.057831
491.166100	0.059052
491.166200	0.062256
491.166300	0.070801
491.166400	0.068512
491.166500	0.071564
491.166600	0.086823
491.166700	0.116882
491.166800	0.195312
491.166900	0.243225
491.167000	0.243378
491.167100	0.183258
491.167200	0.105438
491.167300	0.017548
491.167400	-0.069885
491.167500	-0.112000
491.167600	-0.046844
491.167700	0.228424
491.167800	0.683136
491.167900	1.028442
491.168000	1.127167
491.168100	0.933838
491.168200	0.445862
491.168300	-0.153351
491.168400	-0.719604
491.168500	-1.031189
491.168600	-1.053162
491.168700	-0.863037
491.168800	-0.500488
491.168900	-0.184937
491.169000	-0.016022
491.169100	0.037842
491.169200	0.060120
491.169300	0.069885
491.169400	0.066986
491.169500	0.061646
491.169600	0.052795
491.169700	0.050964
491.169800	0.045776
491.169900	0.048828
491.170000	0.055542
491.170100	0.056152
491.170200	0.057983
491.170300	0.059357
491.170400	0.063477
491.170500	0.102081
491.170600	0.224152
491.170700	0.464325
491.170800	0.815430
491.170900	0.915375
491.171000	0.788727
491.171100	0.562439
491.171200	0.253296
491.171300	-0.100250
491.171400	-0.408020
491.171500	-0.617676
491.171600	-0.773315
491.171700	-0.832062
491.171800	-0.575867
491.171900	-0.271759
491.172000	-0.083771
491.172100	0.005188
491.172200	0.047302
491.172300	0.076141
491.172400	0.096130
491.172500	0.105591
491.172600	0.095978
491.172700	0.071564
491.172800	0.048828
491.172900	0.030060
491.173000	0.027618
491.173100	0.028076
491.173200	0.043640
491.173300	0.059814
491.173400	0.066986
491.173500	0.069885
491.173600	0.071869
491.173700	0.070190
491.173800	0.063934
491.173900	0.066986
491.174000	0.073700
491.174100	0.079193
491.174200	0.107574
491.174300	0.176849
491.174400	0.316010
491.174500	0.463104
491.174600	0.484772
491.174700	0.376740
491.174800	0.211639
491.174900	0.019379
491.175000	-0.157013
491.175100	-0.292969
491.175200	-0.352631
491.175300	-0.296631
491.175400	-0.163727
491.175500	-0.042267
491.175600	0.023956
491.175700	0.043030
491.175800	0.059052
491.175900	0.087128
491.176000	0.109558
491.176100	0.125275
491.176200	0.123596
491.176300	0.112762
491.176400	0.086365
491.176500	0.048828
491.176600	0.016937
491.176700	-0.001221
491.176800	0.018616
491.176900	0.058899
491.177000	0.091095
491.177100	0.101929
491.177200	0.090942
491.177300	0.065918
491.177400	0.029907
491.177500	0.005646
491.177600	-0.009613
491.177700	-0.014191
491.177800	-0.003204
491.177900	0.020142
491.178000	0.039368
491.178100	0.055237
491.178200	0.058594
491.178300	0.053711
491.178400	0.054932
491.178500	0.057678
491.178600	0.063629
491.178700	0.064697
491.178800	0.068207
491.178900	0.068207
491.179000	0.070038
491.179100	0.072174
491.179200	0.067444
491.179300	0.065308
491.179400	0.063782
491.179500	0.063629
491.179600	0.067444
491.179700	0.068970
491.179800	0.065918
491.179900	0.055389
491.180000	0.050049
491.180100	0.048981
491.180200	0.047455
491.180300	0.048370
491.180400	0.054779
491.180500	0.071564
491.180600	0.075684
491.180700	0.076447
491.180800	0.074768
491.180900	0.064697
491.181000	0.058746
491.181100	0.057220
491.181200	0.046387
491.181300	0.043030
491.181400	0.038300
491.181500	0.048523
491.181600	0.051575
491.181700	0.056763
491.181800	0.054474
491.181900	0.065002
491.182000	0.065918
491.182100	0.071869
491.182200	0.067902
491.182300	0.069122
491.182400	0.070801
491.182500	0.068054
491.182600	0.059357
491.182700	0.057373
491.182800	0.060425
491.182900	0.076294
491.183000	0.151062
491.183100	0.368195
491.183200	0.797272
491.183300	1.147766
491.183400	1.185608
491.183500	1.135559
491.183600	0.842590
491.183700	0.086365
491.183800	-0.661163
491.183900	-1.004333
491.184000	-1.136780
491.184100	-1.188507
491.184200	-0.942383
491.184300	-0.471649
491.184400	-0.153351
491.184500	-0.006104
491.184600	0.037231
491.184700	0.045471
491.184800	0.046082
491.184900	0.042725
491.185000	0.043640
491.185100	0.047455
491.185200	0.051880
491.185300	0.059662
491.185400	0.064850
491.185500	0.061646
491.185600	0.057373
491.185700	0.055237
491.185800	0.056152
491.185900	0.053253
491.186000	0.053101
491.186100	0.051727
491.186200	0.055084
491.186300	0.057373
491.186400	0.059662
491.186500	0.059052
491.186600	0.058441
491.186700	0.059814
491.186800	0.089722
491.186900	0.184326
491.187000	0.350647
491.187100	0.556946
491.187200	0.567169
491.187300	0.467987
491.187400	0.341187
491.187500	0.180206
491.187600	-0.005951
491.187700	-0.175171
491.187800	-0.319366
491.187900	-0.436554
491.188000	-0.518036
491.188100	-0.397186
491.188200	-0.202179
491.188300	-0.056458
491.188400	0.019531
491.188500	0.041046
491.188600	0.048828
491.188700	0.057526
491.188800	0.079193
491.188900	0.133362
491.189000	0.189209
491.189100	0.210876
491.189200	0.211639
491.189300	0.167999
491.189400	0.072937
491.189500	-0.011139
491.189600	-0.052948
491.189700	-0.070953
491.189800	-0.062103
491.189900	-0.021362
491.190000	0.017700
491.190100	0.036163
491.190200	0.046082
491.190300	0.067596
491.190400	0.120697
491.190500	0.281830
491.190600	0.652618
491.190700	1.188812
491.190800	1.478119
491.190900	1.534424
491.191000	1.348114
491.191100	0.751038
491.191200	-0.020294
491.191300	-0.787659
491.191400	-1.175232
491.191500	-1.375580
491.191600	-1.338348
491.191700	-1.192474
491.191800	-0.678101
491.191900	-0.394287
491.192000	-0.188599
491.192100	-0.047760
491.192200	0.029602
491.192300	0.060425
491.192400	0.070496
491.192500	0.063934
491.192600	0.057831
491.192700	0.054016
491.192800	0.055237
491.192900	0.057373
491.193000	0.052643
491.193100	0.050812
491.193200	0.052032
491.193300	0.055084
491.193400	0.050049
491.193500	0.060425
491.193600	0.058594
491.193700	0.068054
491.193800	0.070343
491.193900	0.068054
491.194000	0.059967
491.194100	0.050354
491.194200	0.055847
491.194300	0.056152
491.194400	0.059662
491.194500	0.063934
491.194600	0.072174
491.194700	0.083923
491.194800	0.093079
491.194900	0.100098
491.195000	0.101166
491.195100	0.097198
491.195200	0.101776
491.195300	0.087433
491.195400	0.088806
491.195500	0.080109
491.195600	0.065460
491.195700	0.041351
491.195800	0.016022
491.195900	0.001831
491.196000	0.000000
491.196100	0.016479
491.196200	0.040588
491.196300	0.052490
491.196400	0.062714
491.196500	0.074158
491.196600	0.065918
491.196700	0.096436
491.196800	0.206451
491.196900	0.446930
491.197000	0.782166
491.197100	0.922394
491.197200	0.819092
491.197300	0.577087
491.197400	0.258636
491.197500	-0.067291
491.197600	-0.315399
491.197700	-0.399017
491.197800	-0.415039
491.197900	-0.352936
491.198000	-0.149841
491.198100	-0.055847
491.198200	-0.125885
491.198300	-0.281067
491.198400	-0.343933
491.198500	-0.317383
491.198600	-0.233002
491.198700	-0.096436
491.198800	0.012207
491.198900	0.064697
491.199000	0.083618
491.199100	0.078735
491.199200	0.066986
491.199300	0.054932
491.199400	0.045166
491.199500	0.036163
491.199600	0.028229
491.199700	0.027466
491.199800	0.037231
491.199900	0.041351
491.200000	0.053864
491.200100	0.064240
491.200200	0.057373
491.200300	0.055084
491.200400	0.053101
491.200500	0.051117
491.200600	0.061340
491.200700	0.067139
491.200800	0.068665
491.200900	0.068817
491.201000	0.054779
491.201100	0.044098
491.201200	0.029907
491.201300	0.027313
491.201400	0.031281
491.201500	0.043030
491.201600	0.097504
491.201700	0.270691
491.201800	0.609894
491.201900	0.965271
491.202000	1.135712
491.202100	1.035309
491.202200	0.581207
491.202300	-0.043793
491.202400	-0.640259
491.202500	-0.939789
491.202600	-0.964508
491.202700	-0.774384
491.202800	-0.399017
491.202900	-0.117340
491.203000	0.018463
491.203100	0.061493
491.203200	0.075684
491.203300	0.086365
491.203400	0.073853
491.203500	0.045166
491.203600	0.028534
491.203700	0.014801
491.203800	0.014954
491.203900	0.012054
491.204000	0.019989
491.204100	0.033417
491.204200	0.047150
491.204300	0.048828
491.204400	0.045624
491.204500	0.049438
491.204600	0.051270
491.204700	0.051575
491.204800	0.054016
491.204900	0.048370
491.205000	0.052338
491.205100	0.054626
491.205200	0.055389
491.205300	0.050964
491.205400	0.045166
491.205500	0.049286
491.205600	0.056915
491.205700	0.115662
491.205800	0.298920
491.205900	0.713348
491.206000	1.286621
491.206100	1.718140
491.206200	1.848755
491.206300	1.532440
491.206400	0.734100
491.206500	-0.316162
491.206600	-1.149597
491.206700	-1.720428
491.206800	-1.791840
491.206900	-1.528015
491.207000	-1.199188
491.207100	-0.498810
491.207200	-0.164642
491.207300	-0.012512
491.207400	0.054321
491.207500	0.078430
491.207600	0.075684
491.207700	0.062103
491.207800	0.041351
491.207900	0.028687
491.208000	0.008850
491.208100	0.003052
491.208200	0.017548
491.208300	0.054932
491.208400	0.103149
491.208500	0.137177
491.208600	0.142975
491.208700	0.116730
491.208800	0.067596
491.208900	0.035553
491.209000	0.065918
491.209100	0.198517
491.209200	0.352173
491.209300	0.432739
491.209400	0.390167
491.209500	0.175934
491.209600	-0.118103
491.209700	-0.342712
491.209800	-0.406647
491.209900	-0.354004
491.210000	-0.213470
491.210100	-0.059357
491.210200	0.029297
491.210300	0.062714
491.210400	0.066376
491.210500	0.067902
491.210600	0.069427
491.210700	0.074921
491.210800	0.085449
491.210900	0.085297
491.211000	0.081787
491.211100	0.078735
491.211200	0.060425
491.211300	0.049591
491.211400	0.038300
491.211500	0.034027
491.211600	0.040436
491.211700	0.052643
491.211800	0.060120
491.211900	0.065765
491.212000	0.129089
491.212100	0.336914
491.212200	0.718994
491.212300	1.002502
491.212400	1.069794
491.212500	0.881042
491.212600	0.313568
491.212700	-0.445862
491.212800	-1.055145
