161.994500	0.083160
161.994600	0.083313
161.994700	0.087433
161.994800	0.087585
161.994900	0.086060
161.995000	0.085144
161.995100	0.080261
161.995200	0.080566
161.995300	0.085907
161.995400	0.086517
161.995500	0.082245
161.995600	0.075989
161.995700	0.077362
161.995800	0.080566
161.995900	0.085449
161.996000	0.087128
161.996100	0.085754
161.996200	0.081024
161.996300	0.085602
161.996400	0.088806
161.996500	0.091705
161.996600	0.092010
161.996700	0.091248
161.996800	0.084839
161.996900	0.081635
161.997000	0.087433
161.997100	0.085144
161.997200	0.075684
161.997300	0.077667
161.997400	0.077057
161.997500	0.074310
161.997600	0.075226
161.997700	0.082397
161.997800	0.085754
161.997900	0.082245
161.998000	0.092316
161.998100	0.088501
161.998200	0.089874
161.998300	0.087128
161.998400	0.090027
161.998500	0.087280
161.998600	0.091858
161.998700	0.090637
161.998800	0.083466
161.998900	0.084991
161.999000	0.080109
161.999100	0.078125
161.999200	0.080109
161.999300	0.076294
161.999400	0.080414
161.999500	0.075073
161.999600	0.072632
161.999700	0.075684
161.999800	0.092773
161.999900	0.109863
162.000000	0.171509
162.000100	0.271149
162.000200	0.412598
162.000300	0.624847
162.000400	0.888519
162.000500	1.167908
162.000600	1.409302
162.000700	1.607208
162.000800	1.759338
162.000900	1.855164
162.001000	1.874847
162.001100	1.782227
162.001200	1.574249
162.001300	1.282654
162.001400	0.905609
162.001500	0.462952
162.001600	-0.032959
162.001700	-0.549011
162.001800	-0.987701
162.001900	-1.337891
162.002000	-1.558533
162.002100	-1.694641
162.002200	-1.768951
162.002300	-1.785736
162.002400	-1.726685
162.002500	-1.573334
162.002600	-1.383514
162.002700	-1.217651
162.002800	-1.039124
162.002900	-0.881348
162.003000	-0.728607
162.003100	-0.569763
162.003200	-0.406647
162.003300	-0.253906
162.003400	-0.126801
162.003500	-0.030518
162.003600	0.027008
162.003700	0.064850
162.003800	0.082855
162.003900	0.084229
162.004000	0.080261
162.004100	0.073853
162.004200	0.071869
162.004300	0.065918
162.004400	0.065002
162.004500	0.071564
162.004600	0.071259
162.004700	0.072937
162.004800	0.076752
162.004900	0.085297
162.005000	0.092316
162.005100	0.093079
162.005200	0.101776
162.005300	0.106964
162.005400	0.098877
162.005500	0.093689
162.005600	0.099487
162.005700	0.095978
162.005800	0.096283
162.005900	0.087891
162.006000	0.085449
162.006100	0.089874
162.006200	0.085907
162.006300	0.080872
162.006400	0.084534
162.006500	0.080109
162.006600	0.080261
162.006700	0.078735
162.006800	0.080414
162.006900	0.079803
162.007000	0.079041
162.007100	0.075684
162.007200	0.080719
162.007300	0.073242
162.007400	0.074615
162.007500	0.072479
162.007600	0.065918
162.007700	0.072327
162.007800	0.075073
162.007900	0.073395
162.008000	0.077209
162.008100	0.069427
162.008200	0.074463
162.008300	0.075226
162.008400	0.075073
162.008500	0.075378
162.008600	0.081940
162.008700	0.087891
162.008800	0.086060
162.008900	0.090637
162.009000	0.099640
162.009100	0.106964
162.009200	0.116577
162.009300	0.134583
162.009400	0.139618
162.009500	0.154114
162.009600	0.169983
162.009700	0.174866
162.009800	0.163269
162.009900	0.156250
162.010000	0.146790
162.010100	0.124817
162.010200	0.097351
162.010300	0.058899
162.010400	0.020905
162.010500	-0.018921
162.010600	-0.042572
162.010700	-0.057068
162.010800	-0.068665
162.010900	-0.075073
162.011000	-0.063934
162.011100	-0.055084
162.011200	-0.040283
162.011300	-0.018616
162.011400	0.008240
162.011500	0.033112
162.011600	0.049133
162.011700	0.064240
162.011800	0.075989
162.011900	0.078125
162.012000	0.080566
162.012100	0.088196
162.012200	0.106659
162.012300	0.141449
162.012400	0.208588
162.012500	0.304871
162.012600	0.442047
162.012700	0.589905
162.012800	0.709991
162.012900	0.774078
162.013000	0.807648
162.013100	0.793610
162.013200	0.714874
162.013300	0.548553
162.013400	0.289612
162.013500	-0.010529
162.013600	-0.305481
162.013700	-0.567780
162.013800	-0.736542
162.013900	-0.818481
162.014000	-0.839386
162.014100	-0.805359
162.014200	-0.728607
162.014300	-0.611267
162.014400	-0.448303
162.014500	-0.279236
162.014600	-0.144806
162.014700	-0.041962
162.014800	0.014343
162.014900	0.045776
162.015000	0.056610
162.015100	0.065002
162.015200	0.071106
162.015300	0.068054
162.015400	0.062866
162.015500	0.063019
162.015600	0.068207
162.015700	0.065460
162.015800	0.067902
162.015900	0.070190
162.016000	0.063477
162.016100	0.068359
162.016200	0.062714
162.016300	0.069733
162.016400	0.065765
162.016500	0.067444
162.016600	0.070190
162.016700	0.072174
162.016800	0.070190
162.016900	0.069427
162.017000	0.069733
162.017100	0.076141
162.017200	0.079651
162.017300	0.072632
162.017400	0.075836
162.017500	0.076904
162.017600	0.076904
162.017700	0.080872
162.017800	0.077972
162.017900	0.078735
162.018000	0.077362
162.018100	0.072937
162.018200	0.069885
162.018300	0.067596
162.018400	0.069427
162.018500	0.074158
162.018600	0.084229
162.018700	0.090637
162.018800	0.103149
162.018900	0.106201
162.019000	0.104065
162.019100	0.098877
162.019200	0.097504
162.019300	0.093842
162.019400	0.088196
162.019500	0.080261
162.019600	0.071869
162.019700	0.066223
162.019800	0.066376
162.019900	0.063934
162.020000	0.066223
162.020100	0.059357
162.020200	0.057373
162.020300	0.054016
162.020400	0.054169
162.020500	0.046082
162.020600	0.038757
162.020700	0.033722
162.020800	0.030518
162.020900	0.030518
162.021000	0.035248
162.021100	0.036011
162.021200	0.035095
162.021300	0.031128
162.021400	0.029755
162.021500	0.028381
162.021600	0.033722
162.021700	0.040436
162.021800	0.044556
162.021900	0.039673
162.022000	0.053101
162.022100	0.063171
162.022200	0.072021
162.022300	0.065765
162.022400	0.074005
162.022500	0.075989
162.022600	0.078888
162.022700	0.074921
162.022800	0.079041
162.022900	0.078430
162.023000	0.080872
162.023100	0.083160
162.023200	0.083618
162.023300	0.075836
162.023400	0.070038
162.023500	0.072021
162.023600	0.070496
162.023700	0.063019
162.023800	0.061798
162.023900	0.058746
162.024000	0.056152
162.024100	0.047760
162.024200	0.035706
162.024300	0.028076
162.024400	0.028839
162.024500	0.031586
162.024600	0.031281
162.024700	0.036774
162.024800	0.043793
162.024900	0.043488
162.025000	0.047760
162.025100	0.051880
162.025200	0.053558
162.025300	0.060730
162.025400	0.064392
162.025500	0.065002
162.025600	0.062408
162.025700	0.065308
162.025800	0.064545
162.025900	0.061951
162.026000	0.057831
162.026100	0.059814
162.026200	0.060730
162.026300	0.060883
162.026400	0.056915
162.026500	0.057068
162.026600	0.055847
162.026700	0.056458
162.026800	0.058746
162.026900	0.071259
162.027000	0.100555
162.027100	0.133209
162.027200	0.178223
162.027300	0.244293
162.027400	0.316162
162.027500	0.380249
162.027600	0.410767
162.027700	0.400848
162.027800	0.374298
162.027900	0.329742
162.028000	0.281372
162.028100	0.232849
162.028200	0.184784
162.028300	0.143738
162.028400	0.122833
162.028500	0.119019
162.028600	0.146179
162.028700	0.196228
162.028800	0.269012
162.028900	0.332336
162.029000	0.357819
162.029100	0.335236
162.029200	0.254517
162.029300	0.154724
162.029400	0.038910
162.029500	-0.087128
162.029600	-0.186310
162.029700	-0.289001
162.029800	-0.388489
162.029900	-0.480804
162.030000	-0.558929
162.030100	-0.613251
162.030200	-0.647736
162.030300	-0.647278
162.030400	-0.609589
162.030500	-0.538483
162.030600	-0.424347
162.030700	-0.303650
162.030800	-0.186462
162.030900	-0.098114
162.031000	-0.037079
162.031100	0.012817
162.031200	0.039825
162.031300	0.060120
162.031400	0.066376
162.031500	0.075531
162.031600	0.079193
162.031700	0.076752
162.031800	0.071106
162.031900	0.077667
162.032000	0.082092
162.032100	0.074005
162.032200	0.070496
162.032300	0.065002
162.032400	0.054626
162.032500	0.050201
162.032600	0.049896
162.032700	0.050964
162.032800	0.049133
162.032900	0.052643
162.033000	0.057373
162.033100	0.055084
162.033200	0.057831
162.033300	0.065460
162.033400	0.062561
162.033500	0.054474
162.033600	0.050049
162.033700	0.064697
162.033800	0.053253
162.033900	0.053406
162.034000	0.056610
162.034100	0.054169
162.034200	0.051575
162.034300	0.055084
162.034400	0.052795
162.034500	0.055389
162.034600	0.063324
162.034700	0.067139
162.034800	0.074005
162.034900	0.069427
162.035000	0.068054
162.035100	0.071106
162.035200	0.060883
162.035300	0.071411
162.035400	0.080872
162.035500	0.098114
162.035600	0.131073
162.035700	0.166931
162.035800	0.194550
162.035900	0.205688
162.036000	0.202026
162.036100	0.189209
162.036200	0.178833
162.036300	0.149841
162.036400	0.108185
162.036500	0.068054
162.036600	0.021973
162.036700	-0.018005
162.036800	-0.056610
162.036900	-0.073547
162.037000	-0.075073
162.037100	-0.074463
162.037200	-0.068665
162.037300	-0.063324
162.037400	-0.052338
162.037500	-0.025482
162.037600	-0.009003
162.037700	0.011292
162.037800	0.030212
162.037900	0.042725
162.038000	0.048370
162.038100	0.059357
162.038200	0.066071
162.038300	0.066681
162.038400	0.072174
162.038500	0.074768
162.038600	0.080719
162.038700	0.084229
162.038800	0.089874
162.038900	0.097351
162.039000	0.086823
162.039100	0.072327
162.039200	0.079041
162.039300	0.067139
162.039400	0.064240
162.039500	0.049133
162.039600	0.046997
162.039700	0.045624
162.039800	0.042877
162.039900	0.046082
162.040000	0.046692
162.040100	0.046692
162.040200	0.046387
162.040300	0.046082
162.040400	0.052338
162.040500	0.054779
162.040600	0.052948
162.040700	0.055847
162.040800	0.052795
162.040900	0.052948
162.041000	0.047150
162.041100	0.046692
162.041200	0.046387
162.041300	0.047302
162.041400	0.048828
162.041500	0.049438
162.041600	0.052338
162.041700	0.050812
162.041800	0.054016
162.041900	0.046844
162.042000	0.048828
162.042100	0.050354
162.042200	0.049438
162.042300	0.051117
162.042400	0.056000
162.042500	0.060272
162.042600	0.063019
162.042700	0.077057
162.042800	0.094757
162.042900	0.137634
162.043000	0.204620
162.043100	0.272675
162.043200	0.330658
162.043300	0.360870
162.043400	0.364990
162.043500	0.356598
162.043600	0.320740
162.043700	0.248566
162.043800	0.142212
162.043900	0.022125
162.044000	-0.107269
162.044100	-0.210876
162.044200	-0.281982
162.044300	-0.309143
162.044400	-0.306091
162.044500	-0.291901
162.044600	-0.250092
162.044700	-0.177307
162.044800	-0.092010
162.044900	-0.009460
162.045000	0.054474
162.045100	0.094147
162.045200	0.103912
162.045300	0.096130
162.045400	0.077515
162.045500	0.048065
162.045600	0.014343
162.045700	-0.012665
162.045800	-0.034180
162.045900	-0.048523
162.046000	-0.046997
162.046100	-0.036316
162.046200	-0.027008
162.046300	-0.008392
162.046400	0.012207
162.046500	0.028381
162.046600	0.045013
162.046700	0.057220
162.046800	0.072632
162.046900	0.073242
162.047000	0.060425
162.047100	0.054169
162.047200	0.045929
162.047300	0.035553
162.047400	0.022278
162.047500	0.016785
162.047600	0.014343
162.047700	0.010834
162.047800	0.012970
162.047900	0.012817
162.048000	0.020447
