439.242500	0.021515
439.242600	0.018921
439.242700	0.022583
439.242800	0.024719
439.242900	0.025940
439.243000	0.023499
439.243100	0.021515
439.243200	0.020905
439.243300	0.017548
439.243400	0.020447
439.243500	0.019684
439.243600	0.025330
439.243700	0.028076
439.243800	0.023651
439.243900	0.023651
439.244000	0.018311
439.244100	0.017090
439.244200	0.021515
439.244300	0.023193
439.244400	0.021820
439.244500	0.031433
439.244600	0.028992
439.244700	0.032959
439.244800	0.036011
439.244900	0.037689
439.245000	0.033112
439.245100	0.028076
439.245200	0.030823
439.245300	0.028229
439.245400	0.020142
439.245500	0.023651
439.245600	0.029602
439.245700	0.027008
439.245800	0.023499
439.245900	0.020294
439.246000	0.024872
439.246100	0.021515
439.246200	0.013580
439.246300	0.023193
439.246400	0.016022
439.246500	0.019684
439.246600	0.021667
439.246700	0.028687
439.246800	0.033112
439.246900	0.039520
439.247000	0.042877
439.247100	0.039673
439.247200	0.039825
439.247300	0.037842
439.247400	0.039368
439.247500	0.035400
439.247600	0.025635
439.247700	0.017548
439.247800	0.013885
439.247900	0.016174
439.248000	0.010223
439.248100	0.017090
439.248200	0.020294
439.248300	0.030212
439.248400	0.036926
439.248500	0.033722
439.248600	0.036469
439.248700	0.032043
439.248800	0.036011
439.248900	0.037231
439.249000	0.038452
439.249100	0.035095
439.249200	0.024872
439.249300	0.014191
439.249400	0.004578
439.249500	-0.006409
439.249600	-0.002594
439.249700	-0.007477
439.249800	-0.008698
439.249900	-0.010071
439.250000	-0.011902
439.250100	-0.010681
439.250200	-0.005798
439.250300	0.002594
439.250400	0.013733
439.250500	0.012512
439.250600	0.020599
439.250700	0.019073
439.250800	0.023193
439.250900	0.026398
439.251000	0.026855
439.251100	0.028076
439.251200	0.028381
439.251300	0.026093
439.251400	0.026398
439.251500	0.030060
439.251600	0.030670
439.251700	0.032043
439.251800	0.028687
439.251900	0.026245
439.252000	0.023346
439.252100	0.025177
439.252200	0.022736
439.252300	0.015564
439.252400	0.018768
439.252500	0.017548
439.252600	0.012512
439.252700	0.018616
439.252800	0.018158
439.252900	0.017853
439.253000	0.020752
439.253100	0.011444
439.253200	0.004425
439.253300	0.001831
439.253400	-0.001984
439.253500	-0.002899
439.253600	-0.003662
439.253700	-0.001221
439.253800	0.002594
439.253900	0.002136
439.254000	0.004730
439.254100	0.010071
439.254200	0.016937
439.254300	0.013580
439.254400	0.010986
439.254500	0.013275
439.254600	0.015564
439.254700	0.009918
439.254800	0.011139
439.254900	0.010529
439.255000	0.013733
439.255100	0.019684
439.255200	0.023651
439.255300	0.018921
439.255400	0.020294
439.255500	0.020447
439.255600	0.017853
439.255700	0.018311
439.255800	0.022125
439.255900	0.025330
439.256000	0.023499
439.256100	0.025024
439.256200	0.023956
439.256300	0.017700
439.256400	0.018616
439.256500	0.017090
439.256600	0.019989
439.256700	0.014038
439.256800	0.010834
439.256900	0.009918
439.257000	0.016174
439.257100	0.022736
439.257200	0.023651
439.257300	0.023193
439.257400	0.021362
439.257500	0.023804
439.257600	0.024261
439.257700	0.024567
439.257800	0.014343
439.257900	0.007629
439.258000	0.001831
439.258100	-0.006256
439.258200	-0.012970
439.258300	-0.017853
439.258400	-0.016327
439.258500	-0.021973
439.258600	-0.014038
439.258700	-0.015411
439.258800	-0.022125
439.258900	-0.012665
439.259000	-0.003510
439.259100	-0.002289
439.259200	0.001984
439.259300	0.006256
439.259400	0.007172
439.259500	0.010376
439.259600	0.007324
439.259700	0.005035
439.259800	0.001221
439.259900	-0.004120
439.260000	-0.005341
439.260100	0.000000
439.260200	0.003967
439.260300	0.005646
439.260400	0.010071
439.260500	0.018005
439.260600	0.027618
439.260700	0.032043
439.260800	0.035248
439.260900	0.037842
439.261000	0.045776
439.261100	0.048218
439.261200	0.037079
439.261300	0.030060
439.261400	0.025177
439.261500	0.012665
439.261600	0.002136
439.261700	0.004272
439.261800	-0.004730
439.261900	-0.007019
439.262000	-0.008545
439.262100	-0.003815
439.262200	-0.008087
439.262300	-0.012817
439.262400	-0.003052
439.262500	-0.005798
439.262600	-0.014648
439.262700	-0.014801
439.262800	-0.012360
439.262900	-0.009918
439.263000	0.000305
439.263100	-0.000305
439.263200	0.000763
439.263300	0.005951
439.263400	0.009003
439.263500	0.013885
439.263600	0.017090
439.263700	0.008392
439.263800	0.008240
439.263900	0.007172
439.264000	0.005188
439.264100	-0.000916
439.264200	-0.008698
439.264300	-0.007935
439.264400	-0.014343
439.264500	-0.013123
439.264600	-0.008087
439.264700	-0.003357
439.264800	-0.007629
439.264900	-0.006561
439.265000	-0.002441
439.265100	0.001984
439.265200	0.003357
439.265300	0.008240
439.265400	0.010834
439.265500	0.016022
439.265600	0.016022
439.265700	0.011749
439.265800	0.006256
439.265900	0.004272
439.266000	-0.001221
439.266100	0.000916
439.266200	0.000610
439.266300	0.007324
439.266400	0.014954
439.266500	0.026245
439.266600	0.039062
439.266700	0.043945
439.266800	0.044861
439.266900	0.046387
439.267000	0.046844
439.267100	0.046387
439.267200	0.050201
439.267300	0.042877
439.267400	0.033875
439.267500	0.021057
439.267600	0.004120
439.267700	-0.002289
439.267800	-0.017090
439.267900	-0.019531
439.268000	-0.025177
439.268100	-0.023804
439.268200	-0.028839
439.268300	-0.034027
439.268400	-0.031738
439.268500	-0.027771
439.268600	-0.022736
439.268700	-0.013428
439.268800	-0.007629
439.268900	0.001831
439.269000	0.011292
439.269100	0.015259
439.269200	0.012665
439.269300	0.013733
439.269400	0.029755
439.269500	0.032959
439.269600	0.045929
439.269700	0.053406
439.269800	0.053406
439.269900	0.056915
439.270000	0.061035
439.270100	0.060272
439.270200	0.042267
439.270300	0.024414
439.270400	0.000153
439.270500	-0.023956
439.270600	-0.052643
439.270700	-0.050049
439.270800	-0.058289
439.270900	-0.054321
439.271000	-0.042725
439.271100	-0.038300
439.271200	-0.023041
439.271300	-0.009918
439.271400	-0.000305
439.271500	0.009766
439.271600	0.014496
439.271700	0.011444
439.271800	0.007782
439.271900	0.013428
439.272000	0.008545
439.272100	0.014954
439.272200	0.018005
439.272300	0.013428
439.272400	0.015564
439.272500	0.007629
439.272600	0.010986
439.272700	0.010986
439.272800	0.018768
439.272900	0.016785
439.273000	0.017853
439.273100	0.017853
439.273200	0.017853
439.273300	0.017090
439.273400	0.014954
439.273500	0.010986
439.273600	0.017548
439.273700	0.014343
439.273800	0.008545
439.273900	0.006256
439.274000	0.010834
439.274100	0.009918
439.274200	0.000458
439.274300	0.012054
439.274400	0.011444
439.274500	0.007019
439.274600	0.014191
439.274700	0.012665
439.274800	0.012207
439.274900	0.016632
439.275000	0.013885
439.275100	0.013428
439.275200	0.013885
439.275300	0.016022
439.275400	0.018005
439.275500	0.017242
439.275600	0.014343
439.275700	0.020294
439.275800	0.021362
439.275900	0.022888
439.276000	0.021515
439.276100	0.024109
439.276200	0.025635
439.276300	0.021057
439.276400	0.018921
439.276500	0.018768
439.276600	0.021973
439.276700	0.018158
439.276800	0.014038
439.276900	0.011597
439.277000	0.009918
439.277100	-0.000305
439.277200	0.004883
439.277300	0.003357
439.277400	0.009155
439.277500	0.012207
439.277600	0.011749
439.277700	0.015106
439.277800	0.026093
439.277900	0.018921
439.278000	0.017395
439.278100	0.014343
439.278200	0.011749
439.278300	0.001373
439.278400	-0.000916
439.278500	-0.001068
439.278600	0.008392
439.278700	0.004578
439.278800	0.008545
439.278900	0.002899
439.279000	0.006409
439.279100	0.009003
439.279200	0.005798
439.279300	0.007324
439.279400	0.004883
439.279500	0.001068
439.279600	0.004425
439.279700	-0.000916
439.279800	0.003357
439.279900	0.002289
439.280000	0.002289
439.280100	0.001068
439.280200	-0.001831
439.280300	-0.003052
439.280400	-0.003052
439.280500	-0.002441
439.280600	-0.002747
439.280700	0.003815
439.280800	0.007782
439.280900	0.006104
439.281000	0.009003
439.281100	0.012970
439.281200	0.006561
439.281300	0.010223
439.281400	0.007629
439.281500	0.015259
439.281600	0.015869
439.281700	0.013580
439.281800	0.012970
439.281900	0.009766
439.282000	0.005035
439.282100	0.008545
439.282200	0.011139
439.282300	0.007629
439.282400	0.013733
439.282500	0.013580
439.282600	0.012207
439.282700	0.018463
439.282800	0.034943
439.282900	0.058289
439.283000	0.105743
439.283100	0.175629
439.283200	0.288849
439.283300	0.429077
439.283400	0.531616
439.283500	0.522156
439.283600	0.432739
439.283700	0.330048
439.283800	0.215607
439.283900	0.085754
439.284000	-0.048828
439.284100	-0.178986
439.284200	-0.304565
439.284300	-0.401611
439.284400	-0.480499
439.284500	-0.540009
439.284600	-0.564270
439.284700	-0.471039
439.284800	-0.239716
439.284900	0.076599
439.285000	0.422211
439.285100	0.731506
439.285200	0.933228
439.285300	1.013947
439.285400	0.966644
439.285500	0.749512
439.285600	0.402069
439.285700	-0.025024
439.285800	-0.451660
439.285900	-0.767822
439.286000	-0.967560
439.286100	-1.037903
439.286200	-0.993042
439.286300	-0.846405
439.286400	-0.622711
439.286500	-0.389862
439.286600	-0.192566
439.286700	-0.063019
439.286800	-0.004425
439.286900	0.023804
439.287000	0.034180
439.287100	0.033722
439.287200	0.030365
439.287300	0.043030
439.287400	0.053406
439.287500	0.079041
439.287600	0.108032
439.287700	0.144043
439.287800	0.158539
439.287900	0.168457
439.288000	0.155182
439.288100	0.132904
439.288200	0.086670
439.288300	0.025482
439.288400	-0.026398
439.288500	-0.084686
439.288600	-0.113525
439.288700	-0.119781
439.288800	-0.121155
439.288900	-0.095978
439.289000	-0.061340
439.289100	-0.030823
439.289200	0.003204
439.289300	0.021515
439.289400	0.032501
439.289500	0.043488
439.289600	0.048981
439.289700	0.051422
439.289800	0.049438
439.289900	0.054474
439.290000	0.047913
439.290100	0.041504
439.290200	0.039520
439.290300	0.026398
439.290400	0.025177
439.290500	0.019836
439.290600	0.015106
439.290700	0.014343
439.290800	0.011139
439.290900	0.008087
439.291000	0.006409
439.291100	0.006561
439.291200	0.018463
439.291300	0.017242
439.291400	0.020294
439.291500	0.026550
439.291600	0.033569
439.291700	0.035400
439.291800	0.039062
439.291900	0.032349
439.292000	0.035248
439.292100	0.032043
439.292200	0.031128
439.292300	0.033417
439.292400	0.030975
439.292500	0.030212
439.292600	0.025024
439.292700	0.023193
439.292800	0.024109
439.292900	0.020752
439.293000	0.023651
439.293100	0.022430
439.293200	0.011444
439.293300	0.017395
439.293400	0.017242
439.293500	0.015717
439.293600	0.011292
439.293700	0.012970
439.293800	0.014343
439.293900	0.011444
439.294000	0.013428
439.294100	0.021057
439.294200	0.016785
439.294300	0.017090
439.294400	0.026398
439.294500	0.023193
439.294600	0.014038
439.294700	0.011749
439.294800	0.010986
439.294900	0.003357
439.295000	0.005341
439.295100	0.012054
439.295200	0.011597
439.295300	0.013580
439.295400	0.006866
439.295500	0.012207
439.295600	0.016937
439.295700	0.020294
439.295800	0.014648
439.295900	0.020142
439.296000	0.018768
