413.898500	0.040588
413.898600	0.072327
413.898700	0.089569
413.898800	0.105286
413.898900	0.102234
413.899000	0.115509
413.899100	0.123596
413.899200	0.130463
413.899300	0.135345
413.899400	0.141754
413.899500	0.144196
413.899600	0.144043
413.899700	0.141449
413.899800	0.126343
413.899900	0.106812
413.900000	0.086975
413.900100	0.077209
413.900200	0.086212
413.900300	0.108795
413.900400	0.134125
413.900500	0.156250
413.900600	0.179138
413.900700	0.188751
413.900800	0.192566
413.900900	0.184326
413.901000	0.165253
413.901100	0.141144
413.901200	0.113220
413.901300	0.094604
413.901400	0.093384
413.901500	0.124664
413.901600	0.190125
413.901700	0.285187
413.901800	0.417175
413.901900	0.597382
413.902000	0.811920
413.902100	0.949249
413.902200	0.963593
413.902300	0.919952
413.902400	0.884399
413.902500	0.879669
413.902600	0.873871
413.902700	0.783081
413.902800	0.528107
413.902900	0.161591
413.903000	-0.253906
413.903100	-0.664673
413.903200	-0.939789
413.903300	-1.053772
413.903400	-1.054993
413.903500	-1.005859
413.903600	-0.962982
413.903700	-0.947266
413.903800	-0.927887
413.903900	-0.843811
413.904000	-0.617065
413.904100	-0.373383
413.904200	-0.199127
413.904300	-0.075226
413.904400	0.007172
413.904500	0.062256
413.904600	0.093994
413.904700	0.094147
413.904800	0.103302
413.904900	0.107727
413.905000	0.112915
413.905100	0.106354
413.905200	0.112457
413.905300	0.119171
413.905400	0.127258
413.905500	0.143433
413.905600	0.158539
413.905700	0.166321
413.905800	0.171204
413.905900	0.173950
413.906000	0.174408
413.906100	0.165253
413.906200	0.149078
413.906300	0.130310
413.906400	0.104065
413.906500	0.067902
413.906600	0.045776
413.906700	0.032349
413.906800	0.020294
413.906900	0.021057
413.907000	0.020142
413.907100	0.026703
413.907200	0.036926
413.907300	0.051727
413.907400	0.068359
413.907500	0.090027
413.907600	0.094910
413.907700	0.101166
413.907800	0.104218
413.907900	0.106812
413.908000	0.105591
413.908100	0.109253
413.908200	0.106964
413.908300	0.104980
413.908400	0.104980
413.908500	0.109711
413.908600	0.104218
413.908700	0.103149
413.908800	0.104370
413.908900	0.102234
413.909000	0.101624
413.909100	0.105743
413.909200	0.097656
413.909300	0.102081
413.909400	0.104065
413.909500	0.099487
413.909600	0.094299
413.909700	0.094147
413.909800	0.088654
413.909900	0.088501
413.910000	0.079498
413.910100	0.082397
413.910200	0.076141
413.910300	0.070801
413.910400	0.072479
413.910500	0.073853
413.910600	0.077820
413.910700	0.079346
413.910800	0.081177
413.910900	0.087738
413.911000	0.090332
413.911100	0.099030
413.911200	0.090027
413.911300	0.091400
413.911400	0.092773
413.911500	0.099335
413.911600	0.097961
413.911700	0.098419
413.911800	0.102539
413.911900	0.103302
413.912000	0.110931
413.912100	0.119171
413.912200	0.138245
413.912300	0.176544
413.912400	0.246887
413.912500	0.358582
413.912600	0.516357
413.912700	0.710449
413.912800	0.925751
413.912900	1.105957
413.913000	1.238403
413.913100	1.297302
413.913200	1.284332
413.913300	1.209412
413.913400	1.072540
413.913500	0.866852
413.913600	0.614624
413.913700	0.344696
413.913800	0.084534
413.913900	-0.155792
413.914000	-0.397186
413.914100	-0.633087
413.914200	-0.803223
413.914300	-0.910645
413.914400	-0.957947
413.914500	-0.971527
413.914600	-0.957794
413.914700	-0.922852
413.914800	-0.856171
413.914900	-0.756073
413.915000	-0.661316
413.915100	-0.573730
413.915200	-0.499115
413.915300	-0.419922
413.915400	-0.338440
413.915500	-0.259094
413.915600	-0.177002
413.915700	-0.088348
413.915800	-0.012054
413.915900	0.055389
413.916000	0.100098
413.916100	0.126190
413.916200	0.133362
413.916300	0.132751
413.916400	0.114746
413.916500	0.091858
413.916600	0.072937
413.916700	0.063171
413.916800	0.056305
413.916900	0.049896
413.917000	0.044250
413.917100	0.044250
413.917200	0.047150
413.917300	0.052032
413.917400	0.075378
413.917500	0.083313
413.917600	0.104675
413.917700	0.115509
413.917800	0.136261
413.917900	0.139160
413.918000	0.144348
413.918100	0.147095
413.918200	0.141602
413.918300	0.135956
413.918400	0.129089
413.918500	0.125732
413.918600	0.122528
413.918700	0.115967
413.918800	0.112305
413.918900	0.112915
413.919000	0.105896
413.919100	0.103607
413.919200	0.100098
413.919300	0.094147
413.919400	0.092468
413.919500	0.095215
413.919600	0.092621
413.919700	0.090332
413.919800	0.085449
413.919900	0.087433
413.920000	0.078430
413.920100	0.077057
413.920200	0.071411
413.920300	0.078278
413.920400	0.082245
413.920500	0.089417
413.920600	0.092621
413.920700	0.106506
413.920800	0.106812
413.920900	0.104980
413.921000	0.105591
413.921100	0.102844
413.921200	0.103912
413.921300	0.103607
413.921400	0.099335
413.921500	0.096741
413.921600	0.094604
413.921700	0.093079
413.921800	0.090332
413.921900	0.089874
413.922000	0.092621
413.922100	0.095520
413.922200	0.095673
413.922300	0.098877
413.922400	0.095367
413.922500	0.096283
413.922600	0.090485
413.922700	0.089417
413.922800	0.093079
413.922900	0.090485
413.923000	0.091095
413.923100	0.091095
413.923200	0.093079
413.923300	0.092010
413.923400	0.095673
413.923500	0.096436
413.923600	0.091553
413.923700	0.094757
413.923800	0.093689
413.923900	0.090485
413.924000	0.088806
413.924100	0.085602
413.924200	0.081635
413.924300	0.082092
413.924400	0.086975
413.924500	0.089264
413.924600	0.087585
413.924700	0.082855
413.924800	0.088196
413.924900	0.082092
413.925000	0.079651
413.925100	0.076599
413.925200	0.086365
413.925300	0.088348
413.925400	0.092773
413.925500	0.091400
413.925600	0.090485
413.925700	0.087891
413.925800	0.084991
413.925900	0.091858
413.926000	0.084076
413.926100	0.085449
413.926200	0.084534
413.926300	0.085907
413.926400	0.084534
413.926500	0.085449
413.926600	0.086670
413.926700	0.087891
413.926800	0.096130
413.926900	0.096436
413.927000	0.095978
413.927100	0.099487
413.927200	0.094147
413.927300	0.098114
413.927400	0.087585
413.927500	0.089111
413.927600	0.085907
413.927700	0.086060
413.927800	0.078125
413.927900	0.072937
413.928000	0.079346
413.928100	0.080566
413.928200	0.094147
413.928300	0.113373
413.928400	0.135498
413.928500	0.169067
413.928600	0.211487
413.928700	0.238342
413.928800	0.260162
413.928900	0.260620
413.929000	0.262909
413.929100	0.250092
413.929200	0.217590
413.929300	0.170593
413.929400	0.106354
413.929500	0.046387
413.929600	-0.004578
413.929700	-0.052032
413.929800	-0.069122
413.929900	-0.072174
413.930000	-0.066376
413.930100	-0.056458
413.930200	-0.028534
413.930300	0.034027
413.930400	0.154572
413.930500	0.316620
413.930600	0.531158
413.930700	0.809631
413.930800	1.183777
413.930900	1.577911
413.931000	1.804810
413.931100	1.833344
413.931200	1.783142
413.931300	1.736145
413.931400	1.697235
413.931500	1.609802
413.931600	1.350708
413.931700	0.895844
413.931800	0.376892
413.931900	-0.114594
413.932000	-0.622559
413.932100	-1.089478
413.932200	-1.546783
413.932300	-1.853180
413.932400	-1.958466
413.932500	-1.918488
413.932600	-1.821289
413.932700	-1.741791
413.932800	-1.667328
413.932900	-1.530304
413.933000	-1.286621
413.933100	-0.936890
413.933200	-0.579376
413.933300	-0.315247
413.933400	-0.118408
413.933500	0.018768
413.933600	0.096741
413.933700	0.140686
413.933800	0.173035
413.933900	0.217438
413.934000	0.254974
413.934100	0.297546
413.934200	0.334473
413.934300	0.382996
413.934400	0.435486
413.934500	0.487823
413.934600	0.527954
413.934700	0.541687
413.934800	0.507050
413.934900	0.453186
413.935000	0.384216
413.935100	0.305328
413.935200	0.225372
413.935300	0.151367
413.935400	0.068054
413.935500	-0.027313
413.935600	-0.110474
413.935700	-0.160980
413.935800	-0.218048
413.935900	-0.263977
413.936000	-0.303955
413.936100	-0.340729
413.936200	-0.353699
413.936300	-0.336761
413.936400	-0.274048
413.936500	-0.212708
413.936600	-0.139923
413.936700	-0.067902
413.936800	-0.012360
413.936900	0.034943
413.937000	0.062256
413.937100	0.079346
413.937200	0.097198
413.937300	0.100861
413.937400	0.103607
413.937500	0.104370
413.937600	0.105438
413.937700	0.109406
413.937800	0.109863
413.937900	0.115356
413.938000	0.110779
413.938100	0.114746
413.938200	0.113678
413.938300	0.118256
413.938400	0.118866
413.938500	0.115356
413.938600	0.117035
413.938700	0.122986
413.938800	0.125732
413.938900	0.128021
413.939000	0.138702
413.939100	0.135498
413.939200	0.134583
413.939300	0.140381
413.939400	0.137787
413.939500	0.139771
413.939600	0.137939
413.939700	0.132294
413.939800	0.133057
413.939900	0.131683
413.940000	0.126648
413.940100	0.121918
413.940200	0.118866
413.940300	0.115051
413.940400	0.115967
413.940500	0.117340
413.940600	0.112305
413.940700	0.109406
413.940800	0.105286
413.940900	0.106506
413.941000	0.102539
413.941100	0.101471
413.941200	0.096436
413.941300	0.091858
413.941400	0.088043
413.941500	0.088806
413.941600	0.084381
413.941700	0.085602
413.941800	0.086975
413.941900	0.083618
413.942000	0.085449
413.942100	0.090332
413.942200	0.094910
413.942300	0.093689
413.942400	0.093689
413.942500	0.097351
413.942600	0.100250
413.942700	0.108795
413.942800	0.123138
413.942900	0.142212
413.943000	0.151062
413.943100	0.167236
413.943200	0.179291
413.943300	0.195312
413.943400	0.195618
413.943500	0.199738
413.943600	0.188599
413.943700	0.186920
413.943800	0.180817
413.943900	0.162201
413.944000	0.148163
413.944100	0.135803
413.944200	0.126953
413.944300	0.120850
413.944400	0.110474
413.944500	0.097809
413.944600	0.084229
413.944700	0.071259
413.944800	0.052032
413.944900	0.041504
413.945000	0.023041
413.945100	0.006866
413.945200	-0.007324
413.945300	-0.015106
413.945400	-0.024872
413.945500	-0.037842
413.945600	-0.046082
413.945700	-0.053711
413.945800	-0.039062
413.945900	-0.025024
413.946000	-0.011444
413.946100	0.001373
413.946200	0.017700
413.946300	0.038757
413.946400	0.064087
413.946500	0.099030
413.946600	0.159912
413.946700	0.240021
413.946800	0.355988
413.946900	0.504913
413.947000	0.669861
413.947100	0.822754
413.947200	0.938721
413.947300	0.994568
413.947400	0.990295
413.947500	0.936279
413.947600	0.824890
413.947700	0.662231
413.947800	0.458984
413.947900	0.241852
413.948000	0.032959
413.948100	-0.174103
413.948200	-0.364380
413.948300	-0.547791
413.948400	-0.704041
413.948500	-0.802155
413.948600	-0.857239
413.948700	-0.872803
413.948800	-0.837250
413.948900	-0.751495
413.949000	-0.606079
413.949100	-0.447388
413.949200	-0.313721
413.949300	-0.211639
413.949400	-0.150146
413.949500	-0.098877
413.949600	-0.069275
413.949700	-0.040283
413.949800	-0.023956
413.949900	-0.002136
413.950000	0.012512
413.950100	0.020752
413.950200	0.042725
413.950300	0.053406
413.950400	0.069733
413.950500	0.088196
413.950600	0.099182
413.950700	0.102234
413.950800	0.107117
413.950900	0.110474
413.951000	0.096893
413.951100	0.095825
413.951200	0.089874
413.951300	0.091858
413.951400	0.095520
413.951500	0.090179
413.951600	0.089417
413.951700	0.092468
413.951800	0.094299
413.951900	0.095673
413.952000	0.086975
