167.063300	0.075226
167.063400	0.075531
167.063500	0.075836
167.063600	0.075684
167.063700	0.074310
167.063800	0.075226
167.063900	0.075836
167.064000	0.072784
167.064100	0.077972
167.064200	0.071259
167.064300	0.073547
167.064400	0.070953
167.064500	0.071869
167.064600	0.073395
167.064700	0.069427
167.064800	0.072479
167.064900	0.067749
167.065000	0.069885
167.065100	0.065613
167.065200	0.069427
167.065300	0.070496
167.065400	0.074615
167.065500	0.082550
167.065600	0.086212
167.065700	0.085754
167.065800	0.082703
167.065900	0.093994
167.066000	0.080109
167.066100	0.070801
167.066200	0.070343
167.066300	0.064087
167.066400	0.054474
167.066500	0.047760
167.066600	0.039368
167.066700	0.038300
167.066800	0.029602
167.066900	0.029602
167.067000	0.022888
167.067100	0.026245
167.067200	0.043030
167.067300	0.051270
167.067400	0.059814
167.067500	0.064240
167.067600	0.064697
167.067700	0.066833
167.067800	0.065308
167.067900	0.067444
167.068000	0.069733
167.068100	0.067749
167.068200	0.070343
167.068300	0.065460
167.068400	0.067444
167.068500	0.067139
167.068600	0.069580
167.068700	0.067291
167.068800	0.070648
167.068900	0.066986
167.069000	0.068512
167.069100	0.072174
167.069200	0.081635
167.069300	0.096588
167.069400	0.136871
167.069500	0.216675
167.069600	0.343781
167.069700	0.515137
167.069800	0.730896
167.069900	0.955658
167.070000	1.172028
167.070100	1.303864
167.070200	1.339264
167.070300	1.297302
167.070400	1.205902
167.070500	1.062469
167.070600	0.848389
167.070700	0.547333
167.070800	0.206909
167.070900	-0.148468
167.071000	-0.494843
167.071100	-0.827637
167.071200	-1.128540
167.071300	-1.342316
167.071400	-1.427002
167.071500	-1.403351
167.071600	-1.303711
167.071700	-1.197510
167.071800	-1.014404
167.071900	-0.830536
167.072000	-0.581360
167.072100	-0.367584
167.072200	-0.205078
167.072300	-0.082397
167.072400	-0.004578
167.072500	0.040436
167.072600	0.059662
167.072700	0.066681
167.072800	0.077972
167.072900	0.083923
167.073000	0.081482
167.073100	0.079193
167.073200	0.079041
167.073300	0.077515
167.073400	0.084076
167.073500	0.088043
167.073600	0.088959
167.073700	0.095215
167.073800	0.104523
167.073900	0.108032
167.074000	0.110626
167.074100	0.110321
167.074200	0.107727
167.074300	0.110931
167.074400	0.100403
167.074500	0.091400
167.074600	0.081635
167.074700	0.065155
167.074800	0.057678
167.074900	0.046234
167.075000	0.041351
167.075100	0.041504
167.075200	0.046539
167.075300	0.068359
167.075400	0.093689
167.075500	0.115814
167.075600	0.132141
167.075700	0.143280
167.075800	0.149536
167.075900	0.143433
167.076000	0.139313
167.076100	0.126495
167.076200	0.106812
167.076300	0.069733
167.076400	0.042114
167.076500	0.023499
167.076600	0.032196
167.076700	0.081024
167.076800	0.169983
167.076900	0.311127
167.077000	0.512238
167.077100	0.777740
167.077200	1.045837
167.077300	1.258545
167.077400	1.389313
167.077500	1.429291
167.077600	1.406403
167.077700	1.312866
167.077800	1.124115
167.077900	0.839539
167.078000	0.479584
167.078100	0.115662
167.078200	-0.252838
167.078300	-0.642548
167.078400	-0.976562
167.078500	-1.169434
167.078600	-1.435242
167.078700	-1.490021
167.078800	-1.465759
167.078900	-1.388702
167.079000	-1.277161
167.079100	-1.201172
167.079200	-0.872040
167.079300	-0.587463
167.079400	-0.346222
167.079500	-0.168457
167.079600	-0.053253
167.079700	0.018616
167.079800	0.059967
167.079900	0.079651
167.080000	0.092010
167.080100	0.091248
167.080200	0.092773
167.080300	0.087433
167.080400	0.084991
167.080500	0.089264
167.080600	0.090942
167.080700	0.087585
167.080800	0.081177
167.080900	0.091248
167.081000	0.086670
167.081100	0.092316
167.081200	0.097656
167.081300	0.108337
167.081400	0.115356
167.081500	0.111542
167.081600	0.115662
167.081700	0.113678
167.081800	0.104065
167.081900	0.105286
167.082000	0.088806
167.082100	0.080719
167.082200	0.078888
167.082300	0.074158
167.082400	0.067902
167.082500	0.070038
167.082600	0.074768
167.082700	0.074615
167.082800	0.082245
167.082900	0.083466
167.083000	0.090790
167.083100	0.093231
167.083200	0.110016
167.083300	0.128479
167.083400	0.187988
167.083500	0.328827
167.083600	0.566101
167.083700	0.935822
167.083800	1.482391
167.083900	2.160950
167.084000	2.726440
167.084100	2.987976
167.084200	3.062744
167.084300	3.090668
167.084400	3.064575
167.084500	2.776794
167.084600	2.036133
167.084700	0.993500
167.084800	-0.110626
167.084900	-1.098938
167.085000	-2.335815
167.085100	-3.092804
167.085200	-3.408813
167.085300	-3.420563
167.085400	-3.339386
167.085500	-3.227997
167.085600	-3.006592
167.085700	-2.481537
167.085800	-1.766052
167.085900	-1.231842
167.086000	-0.629120
167.086100	-0.259094
167.086200	-0.021362
167.086300	0.150757
167.086400	0.279694
167.086500	0.439453
167.086600	0.648499
167.086700	0.950165
167.086800	1.337738
167.086900	1.622467
167.087000	1.728516
167.087100	1.747284
167.087200	1.784668
167.087300	1.854553
167.087400	1.842957
167.087500	1.574554
167.087600	1.043701
167.087700	0.394897
167.087800	-0.257874
167.087900	-0.933228
167.088000	-1.511993
167.088100	-1.818542
167.088200	-1.851501
167.088300	-1.787109
167.088400	-1.723480
167.088500	-1.683502
167.088600	-1.610565
167.088700	-1.386261
167.088800	-1.095428
167.088900	-0.593262
167.089000	-0.302124
167.089100	-0.107727
167.089200	0.027618
167.089300	0.097809
167.089400	0.126648
167.089500	0.131836
167.089600	0.133820
167.089700	0.141907
167.089800	0.140381
167.089900	0.148010
167.090000	0.146027
167.090100	0.142975
167.090200	0.144043
167.090300	0.142059
167.090400	0.143890
167.090500	0.145569
167.090600	0.142212
167.090700	0.143280
167.090800	0.145721
167.090900	0.140991
167.091000	0.133362
167.091100	0.142059
167.091200	0.147705
167.091300	0.142059
167.091400	0.143890
167.091500	0.145721
167.091600	0.149841
167.091700	0.157471
167.091800	0.168304
167.091900	0.170288
167.092000	0.180054
167.092100	0.174713
167.092200	0.184631
167.092300	0.189056
167.092400	0.188446
167.092500	0.181885
167.092600	0.167542
167.092700	0.149689
167.092800	0.131531
167.092900	0.109406
167.093000	0.088654
167.093100	0.072327
167.093200	0.070343
167.093300	0.086212
167.093400	0.122223
167.093500	0.185394
167.093600	0.263519
167.093700	0.382080
167.093800	0.533447
167.093900	0.661621
167.094000	0.702362
167.094100	0.675659
167.094200	0.630798
167.094300	0.574493
167.094400	0.494995
167.094500	0.408020
167.094600	0.312958
167.094700	0.211945
167.094800	0.124054
167.094900	0.070801
167.095000	0.038147
167.095100	0.006256
167.095200	-0.037689
167.095300	-0.084991
167.095400	-0.160522
167.095500	-0.282288
167.095600	-0.412292
167.095700	-0.476532
167.095800	-0.493469
167.095900	-0.521545
167.096000	-0.531616
167.096100	-0.505676
167.096200	-0.459290
167.096300	-0.419617
167.096400	-0.373993
167.096500	-0.305939
167.096600	-0.209045
167.096700	-0.108032
167.096800	-0.022583
167.096900	0.040131
167.097000	0.084381
167.097100	0.098114
167.097200	0.111694
167.097300	0.116730
167.097400	0.119629
167.097500	0.117645
167.097600	0.124512
167.097700	0.128174
167.097800	0.128479
167.097900	0.136566
167.098000	0.143738
167.098100	0.139771
167.098200	0.142822
167.098300	0.141754
167.098400	0.130463
167.098500	0.129852
167.098600	0.120239
167.098700	0.114136
167.098800	0.111389
167.098900	0.098114
167.099000	0.091400
167.099100	0.081787
167.099200	0.082245
167.099300	0.084686
167.099400	0.084839
167.099500	0.085907
167.099600	0.092468
167.099700	0.097351
167.099800	0.097809
167.099900	0.108032
167.100000	0.111694
167.100100	0.112457
167.100200	0.120239
167.100300	0.120392
167.100400	0.124207
167.100500	0.129547
167.100600	0.132446
167.100700	0.137939
167.100800	0.130463
167.100900	0.118713
167.101000	0.109100
167.101100	0.099182
167.101200	0.095367
167.101300	0.102081
167.101400	0.120239
167.101500	0.165558
167.101600	0.232391
167.101700	0.319672
167.101800	0.438843
167.101900	0.528412
167.102000	0.556335
167.102100	0.537567
167.102200	0.478058
167.102300	0.405731
167.102400	0.329132
167.102500	0.238495
167.102600	0.141602
167.102700	0.041046
167.102800	-0.060120
167.102900	-0.156860
167.103000	-0.249329
167.103100	-0.327301
167.103200	-0.388947
167.103300	-0.433350
167.103400	-0.476227
167.103500	-0.489197
167.103600	-0.434265
167.103700	-0.328674
167.103800	-0.210876
167.103900	-0.106201
167.104000	-0.020142
167.104100	0.043488
167.104200	0.078125
167.104300	0.101624
167.104400	0.113220
167.104500	0.118103
167.104600	0.121460
167.104700	0.122070
167.104800	0.112915
167.104900	0.110626
167.105000	0.100708
167.105100	0.093231
167.105200	0.074921
167.105300	0.075073
167.105400	0.065002
167.105500	0.061188
167.105600	0.062561
167.105700	0.059204
167.105800	0.055237
167.105900	0.059967
167.106000	0.062408
167.106100	0.060425
167.106200	0.074158
167.106300	0.078430
167.106400	0.076294
167.106500	0.078735
167.106600	0.082245
167.106700	0.083771
167.106800	0.083618
167.106900	0.087738
167.107000	0.084229
167.107100	0.083618
167.107200	0.080261
167.107300	0.083618
167.107400	0.090027
167.107500	0.089722
167.107600	0.097961
167.107700	0.096741
167.107800	0.097351
167.107900	0.099182
167.108000	0.094452
167.108100	0.094147
167.108200	0.094757
167.108300	0.092926
167.108400	0.087128
167.108500	0.076752
167.108600	0.071106
167.108700	0.064392
167.108800	0.065460
167.108900	0.062103
167.109000	0.060883
167.109100	0.063477
167.109200	0.070343
167.109300	0.068359
167.109400	0.075989
167.109500	0.078278
167.109600	0.079041
167.109700	0.086060
167.109800	0.084381
167.109900	0.089874
167.110000	0.095825
167.110100	0.099182
167.110200	0.100555
167.110300	0.099335
167.110400	0.099487
167.110500	0.095367
167.110600	0.089111
167.110700	0.084686
167.110800	0.079041
167.110900	0.078430
167.111000	0.081177
167.111100	0.089569
167.111200	0.104980
167.111300	0.118256
167.111400	0.140686
167.111500	0.156860
167.111600	0.172119
167.111700	0.172729
167.111800	0.171814
167.111900	0.169067
167.112000	0.156097
167.112100	0.130157
167.112200	0.085449
167.112300	0.045776
167.112400	0.000153
167.112500	-0.038605
167.112600	-0.074768
167.112700	-0.082397
167.112800	-0.083771
167.112900	-0.074921
167.113000	-0.057220
167.113100	-0.057526
167.113200	-0.040588
167.113300	-0.025177
167.113400	0.001526
167.113500	0.025177
167.113600	0.033417
167.113700	0.046997
167.113800	0.046387
167.113900	0.052795
167.114000	0.058746
167.114100	0.072174
167.114200	0.077515
167.114300	0.078735
167.114400	0.080261
167.114500	0.083008
167.114600	0.086975
167.114700	0.091553
167.114800	0.093231
167.114900	0.087128
167.115000	0.088806
167.115100	0.093231
167.115200	0.085449
167.115300	0.078278
167.115400	0.073242
167.115500	0.077972
167.115600	0.084534
167.115700	0.099030
167.115800	0.126343
167.115900	0.167389
167.116000	0.207520
167.116100	0.225830
167.116200	0.223389
167.116300	0.207672
167.116400	0.180664
167.116500	0.140076
167.116600	0.088196
167.116700	0.039062
167.116800	-0.017090
