185.341700	0.034332
185.341800	0.063019
185.341900	0.079193
185.342000	0.086823
185.342100	0.093994
185.342200	0.092468
185.342300	0.087128
185.342400	0.084839
185.342500	0.077515
185.342600	0.077362
185.342700	0.075226
185.342800	0.076752
185.342900	0.073547
185.343000	0.077972
185.343100	0.071106
185.343200	0.063629
185.343300	0.071564
185.343400	0.068512
185.343500	0.075684
185.343600	0.081482
185.343700	0.091400
185.343800	0.103455
185.343900	0.163269
185.344000	0.277100
185.344100	0.521698
185.344200	0.912018
185.344300	1.425018
185.344400	1.981659
185.344500	2.424927
185.344600	2.657471
185.344700	2.658234
185.344800	2.459869
185.344900	2.052460
185.345000	1.465607
185.345100	0.797729
185.345200	0.272675
185.345300	-0.004883
185.345400	-0.262451
185.345500	-0.574036
185.345600	-0.720215
185.345700	-0.607910
185.345800	-0.483246
185.345900	-0.625610
185.346000	-0.918884
185.346100	-1.158905
185.346200	-1.517181
185.346300	-1.804047
185.346400	-1.957397
185.346500	-1.917572
185.346600	-1.817017
185.346700	-1.712646
185.346800	-1.573334
185.346900	-1.287231
185.347000	-0.879669
185.347100	-0.471497
185.347200	-0.191498
185.347300	-0.016479
185.347400	0.073853
185.347500	0.108948
185.347600	0.130768
185.347700	0.130768
185.347800	0.132904
185.347900	0.137787
185.348000	0.137329
185.348100	0.135345
185.348200	0.131836
185.348300	0.137329
185.348400	0.141907
185.348500	0.139771
185.348600	0.133972
185.348700	0.131683
185.348800	0.132141
185.348900	0.128479
185.349000	0.119019
185.349100	0.121460
185.349200	0.121765
185.349300	0.116272
185.349400	0.111389
185.349500	0.107574
185.349600	0.102386
185.349700	0.113220
185.349800	0.153656
185.349900	0.249176
185.350000	0.431519
185.350100	0.731354
185.350200	1.152496
185.350300	1.569519
185.350400	1.851349
185.350500	1.982727
185.350600	1.995392
185.350700	1.801453
185.350800	1.284332
185.350900	0.567017
185.351000	-0.229034
185.351100	-0.986023
185.351200	-1.572571
185.351300	-1.862793
185.351400	-1.943054
185.351500	-1.887512
185.351600	-1.724548
185.351700	-1.415710
185.351800	-1.035309
185.351900	-0.480042
185.352000	-0.151215
185.352100	0.054474
185.352200	0.182648
185.352300	0.283813
185.352400	0.393066
185.352500	0.490112
185.352600	0.557861
185.352700	0.584564
185.352800	0.559845
185.352900	0.510712
185.353000	0.437622
185.353100	0.352325
185.353200	0.250244
185.353300	0.154114
185.353400	0.049896
185.353500	-0.043793
185.353600	-0.145111
185.353700	-0.212250
185.353800	-0.263367
185.353900	-0.310516
185.354000	-0.322571
185.354100	-0.309906
185.354200	-0.267944
185.354300	-0.184631
185.354400	-0.091248
185.354500	-0.009155
185.354600	0.049591
185.354700	0.079346
185.354800	0.088654
185.354900	0.101013
185.355000	0.097809
185.355100	0.108337
185.355200	0.108643
185.355300	0.107422
185.355400	0.106506
185.355500	0.104218
185.355600	0.108490
185.355700	0.110931
185.355800	0.116730
185.355900	0.109558
185.356000	0.112305
185.356100	0.109253
185.356200	0.108643
185.356300	0.106049
185.356400	0.112305
185.356500	0.103149
185.356600	0.103760
185.356700	0.106812
185.356800	0.110016
185.356900	0.113068
185.357000	0.112152
185.357100	0.108337
185.357200	0.104065
185.357300	0.106964
185.357400	0.105743
185.357500	0.112457
185.357600	0.111847
185.357700	0.110016
185.357800	0.110474
185.357900	0.108032
185.358000	0.107880
185.358100	0.112610
185.358200	0.112915
185.358300	0.119019
185.358400	0.124512
185.358500	0.132446
185.358600	0.130310
185.358700	0.130005
185.358800	0.135193
185.358900	0.126648
185.359000	0.129852
185.359100	0.124969
185.359200	0.123291
185.359300	0.121460
185.359400	0.116272
185.359500	0.123444
185.359600	0.130157
185.359700	0.132294
185.359800	0.137177
185.359900	0.138397
185.360000	0.149536
185.360100	0.180664
185.360200	0.228271
185.360300	0.293579
185.360400	0.393677
185.360500	0.485840
185.360600	0.534058
185.360700	0.535583
185.360800	0.496979
185.360900	0.425110
185.361000	0.320892
185.361100	0.190277
185.361200	0.040436
185.361300	-0.097351
185.361400	-0.219269
185.361500	-0.302887
185.361600	-0.355988
185.361700	-0.380707
185.361800	-0.360718
185.361900	-0.303040
185.362000	-0.207214
185.362100	-0.110321
185.362200	-0.017700
185.362300	0.048218
185.362400	0.087891
185.362500	0.101471
185.362600	0.112762
185.362700	0.114288
185.362800	0.113525
185.362900	0.118103
185.363000	0.116577
185.363100	0.114746
185.363200	0.117645
185.363300	0.117950
185.363400	0.121613
185.363500	0.115967
185.363600	0.112915
185.363700	0.116425
185.363800	0.113068
185.363900	0.109406
185.364000	0.110626
185.364100	0.111084
185.364200	0.111389
185.364300	0.110779
185.364400	0.117645
185.364500	0.120239
185.364600	0.120239
185.364700	0.124359
185.364800	0.126953
185.364900	0.122375
185.365000	0.128479
185.365100	0.129700
185.365200	0.121155
185.365300	0.120239
185.365400	0.121613
185.365500	0.120392
185.365600	0.118561
185.365700	0.115204
185.365800	0.110168
185.365900	0.103760
185.366000	0.107880
185.366100	0.102386
185.366200	0.113068
185.366300	0.114746
185.366400	0.131226
185.366500	0.140686
185.366600	0.150909
185.366700	0.164490
185.366800	0.178223
185.366900	0.179443
185.367000	0.160370
185.367100	0.133362
185.367200	0.095825
185.367300	0.070801
185.367400	0.047607
185.367500	0.032349
185.367600	0.025787
185.367700	0.037231
185.367800	0.047302
185.367900	0.063477
185.368000	0.114746
185.368100	0.200806
185.368200	0.310822
185.368300	0.445251
185.368400	0.556335
185.368500	0.630646
185.368600	0.658112
185.368700	0.640869
185.368800	0.576630
185.368900	0.450592
185.369000	0.285950
185.369100	0.072327
185.369200	-0.138550
185.369300	-0.319977
185.369400	-0.458984
185.369500	-0.544891
185.369600	-0.576172
185.369700	-0.547180
185.369800	-0.479431
185.369900	-0.369415
185.370000	-0.240936
185.370100	-0.123596
185.370200	-0.041199
185.370300	0.020294
185.370400	0.054779
185.370500	0.074158
185.370600	0.078735
185.370700	0.093231
185.370800	0.090027
185.370900	0.098419
185.371000	0.095825
185.371100	0.101013
185.371200	0.110168
185.371300	0.110474
185.371400	0.115814
185.371500	0.116119
185.371600	0.118713
185.371700	0.113068
185.371800	0.102234
185.371900	0.100861
185.372000	0.084381
185.372100	0.068970
185.372200	0.057068
185.372300	0.044098
185.372400	0.041962
185.372500	0.042725
185.372600	0.044250
185.372700	0.041809
185.372800	0.052643
185.372900	0.066071
185.373000	0.083160
185.373100	0.090485
185.373200	0.094910
185.373300	0.091553
185.373400	0.093689
185.373500	0.097046
185.373600	0.101471
185.373700	0.099182
185.373800	0.102539
185.373900	0.104675
185.374000	0.100555
185.374100	0.100708
185.374200	0.094910
185.374300	0.099945
185.374400	0.102234
185.374500	0.104980
185.374600	0.098267
185.374700	0.103760
185.374800	0.093994
185.374900	0.091553
185.375000	0.104218
185.375100	0.106201
185.375200	0.109558
185.375300	0.102692
185.375400	0.103455
185.375500	0.097809
185.375600	0.092926
185.375700	0.092010
185.375800	0.089722
185.375900	0.090179
185.376000	0.088806
185.376100	0.088654
185.376200	0.090790
185.376300	0.087891
185.376400	0.086212
185.376500	0.093231
185.376600	0.090790
185.376700	0.090942
185.376800	0.095978
185.376900	0.098877
185.377000	0.095367
185.377100	0.102692
185.377200	0.117950
185.377300	0.128632
185.377400	0.160065
185.377500	0.198212
185.377600	0.236969
185.377700	0.264130
185.377800	0.276184
185.377900	0.295563
185.378000	0.356903
185.378100	0.486908
185.378200	0.695343
185.378300	1.013489
185.378400	1.395416
185.378500	1.659393
185.378600	1.747589
185.378700	1.734161
185.378800	1.658020
185.378900	1.419983
185.379000	0.949860
185.379100	0.358734
185.379200	-0.270233
185.379300	-0.879822
185.379400	-1.437531
185.379500	-1.784668
185.379600	-1.910095
185.379700	-1.883850
185.379800	-1.768951
185.379900	-1.580200
185.380000	-1.260223
185.380100	-0.738373
185.380200	-0.080872
185.380300	0.602264
185.380400	1.381531
185.380500	2.294159
185.380600	3.175049
185.380700	3.717194
185.380800	3.904877
185.380900	3.886871
185.381000	3.701782
185.381100	3.205109
185.381200	2.260590
185.381300	1.031494
185.381400	-0.291443
185.381500	-1.575623
185.381600	-2.835388
185.381700	-3.788452
185.381800	-4.211121
185.381900	-4.222870
185.382000	-4.035797
185.382100	-3.729095
185.382200	-3.202972
185.382300	-2.415924
185.382400	-1.624756
185.382500	-1.092529
185.382600	-0.411224
185.382700	-0.091095
185.382800	0.069427
185.382900	0.125122
185.383000	0.143127
185.383100	0.155487
185.383200	0.155029
185.383300	0.162506
185.383400	0.154419
185.383500	0.164185
185.383600	0.172729
185.383700	0.175171
185.383800	0.174103
185.383900	0.178833
185.384000	0.179138
185.384100	0.181427
185.384200	0.180664
185.384300	0.185699
185.384400	0.181427
185.384500	0.182495
185.384600	0.191345
185.384700	0.203247
185.384800	0.226593
185.384900	0.277863
185.385000	0.348358
185.385100	0.443726
185.385200	0.581360
185.385300	0.772400
185.385400	0.968323
185.385500	1.116028
185.385600	1.204224
185.385700	1.221924
185.385800	1.150970
185.385900	1.022491
185.386000	0.850830
185.386100	0.662231
185.386200	0.452271
185.386300	0.216675
185.386400	-0.028534
185.386500	-0.278778
185.386600	-0.527344
185.386700	-0.735779
185.386800	-0.898743
185.386900	-1.031952
185.387000	-1.136932
185.387100	-1.198425
185.387200	-1.135406
185.387300	-0.915070
185.387400	-0.608215
185.387500	-0.334473
185.387600	-0.137329
185.387700	0.003052
185.387800	0.095215
185.387900	0.147858
185.388000	0.164490
185.388100	0.164642
185.388200	0.166016
185.388300	0.171814
185.388400	0.160065
185.388500	0.163422
185.388600	0.165558
185.388700	0.168457
185.388800	0.164948
185.388900	0.164032
185.389000	0.164032
185.389100	0.166626
185.389200	0.163879
185.389300	0.160675
185.389400	0.157166
185.389500	0.158997
185.389600	0.156708
185.389700	0.155182
185.389800	0.159149
185.389900	0.159912
185.390000	0.160217
185.390100	0.164337
185.390200	0.161591
185.390300	0.173340
185.390400	0.222778
185.390500	0.323486
185.390600	0.466003
185.390700	0.692139
185.390800	1.003418
185.390900	1.236267
185.391000	1.321564
185.391100	1.350555
185.391200	1.380463
185.391300	1.347961
185.391400	1.097565
185.391500	0.631104
185.391600	0.101776
185.391700	-0.472870
185.391800	-0.969849
185.391900	-1.177368
185.392000	-1.319580
185.392100	-1.286621
185.392200	-1.239014
185.392300	-1.195679
185.392400	-0.877075
185.392500	-0.365295
185.392600	0.103912
185.392700	0.475616
185.392800	0.723724
185.392900	0.848694
185.393000	0.865479
185.393100	0.795593
185.393200	0.642700
185.393300	0.407410
185.393400	0.125275
185.393500	-0.170746
185.393600	-0.424194
185.393700	-0.617523
185.393800	-0.724792
185.393900	-0.761566
185.394000	-0.734558
185.394100	-0.635681
185.394200	-0.472260
185.394300	-0.285492
185.394400	-0.119476
185.394500	0.002136
185.394600	0.073090
185.394700	0.119171
185.394800	0.140533
185.394900	0.151672
185.395000	0.155182
185.395100	0.150757
185.395200	0.147095
