468.272900	0.800323
468.273000	1.298370
468.273100	1.580200
468.273200	1.574707
468.273300	1.507111
468.273400	1.234894
468.273500	0.601501
468.273600	-0.177612
468.273700	-0.924988
468.273800	-1.329041
468.273900	-1.343231
468.274000	-1.277466
468.274100	-1.201477
468.274200	-0.573883
468.274300	-0.104218
468.274400	0.194244
468.274500	0.307617
468.274600	0.280151
468.274700	0.201111
468.274800	0.095978
468.274900	-0.012207
468.275000	-0.099182
468.275100	-0.158997
468.275200	-0.170135
468.275300	-0.139771
468.275400	-0.059357
468.275500	0.026245
468.275600	0.093079
468.275700	0.112000
468.275800	0.126495
468.275900	0.116577
468.276000	0.103912
468.276100	0.094604
468.276200	0.090485
468.276300	0.089417
468.276400	0.093994
468.276500	0.100861
468.276600	0.098114
468.276700	0.098724
468.276800	0.103912
468.276900	0.119324
468.277000	0.169525
468.277100	0.317230
468.277200	0.575714
468.277300	0.856323
468.277400	1.000061
468.277500	1.019287
468.277600	0.763245
468.277700	0.201569
468.277800	-0.398560
468.277900	-0.775757
468.278000	-0.895233
468.278100	-0.863342
468.278200	-0.635071
468.278300	-0.282745
468.278400	-0.036469
468.278500	0.075989
468.278600	0.115051
468.278700	0.136719
468.278800	0.148621
468.278900	0.152588
468.279000	0.152588
468.279100	0.141754
468.279200	0.128479
468.279300	0.099792
468.279400	0.087585
468.279500	0.086060
468.279600	0.087280
468.279700	0.103912
468.279800	0.111542
468.279900	0.106506
468.280000	0.111389
468.280100	0.104065
468.280200	0.100403
468.280300	0.097351
468.280400	0.098419
468.280500	0.101776
468.280600	0.102234
468.280700	0.100403
468.280800	0.099487
468.280900	0.098572
468.281000	0.093994
468.281100	0.095825
468.281200	0.097351
468.281300	0.100098
468.281400	0.114899
468.281500	0.202637
468.281600	0.470123
468.281700	1.003418
468.281800	1.773071
468.281900	2.483521
468.282000	2.835236
468.282100	2.763214
468.282200	2.213440
468.282300	1.242676
468.282400	0.144196
468.282500	-0.925293
468.282600	-1.852264
468.282700	-2.355652
468.282800	-2.420807
468.282900	-2.163391
468.283000	-1.684113
468.283100	-1.215515
468.283200	-0.745544
468.283300	-0.503540
468.283400	-0.384521
468.283500	-0.211029
468.283600	-0.034485
468.283700	0.075073
468.283800	0.126038
468.283900	0.121155
468.284000	0.119781
468.284100	0.107574
468.284200	0.111694
468.284300	0.117645
468.284400	0.113831
468.284500	0.115509
468.284600	0.107269
468.284700	0.103455
468.284800	0.094757
468.284900	0.092621
468.285000	0.101013
468.285100	0.106506
468.285200	0.115509
468.285300	0.115509
468.285400	0.119324
468.285500	0.119934
468.285600	0.113983
468.285700	0.112152
468.285800	0.110168
468.285900	0.105896
468.286000	0.097656
468.286100	0.100708
468.286200	0.104675
468.286300	0.106964
468.286400	0.110626
468.286500	0.114441
468.286600	0.121460
468.286700	0.128326
468.286800	0.121307
468.286900	0.116730
468.287000	0.112915
468.287100	0.108948
468.287200	0.109406
468.287300	0.107422
468.287400	0.101318
468.287500	0.103760
468.287600	0.105743
468.287700	0.111847
468.287800	0.111847
468.287900	0.111237
468.288000	0.114594
468.288100	0.111389
468.288200	0.111237
468.288300	0.111542
468.288400	0.108948
468.288500	0.108795
468.288600	0.114746
468.288700	0.112915
468.288800	0.110779
468.288900	0.106354
468.289000	0.107269
468.289100	0.102997
468.289200	0.104370
468.289300	0.099335
468.289400	0.096436
468.289500	0.093231
468.289600	0.081940
468.289700	0.071106
468.289800	0.069733
468.289900	0.070496
468.290000	0.081329
468.290100	0.089569
468.290200	0.099487
468.290300	0.101471
468.290400	0.101471
468.290500	0.096588
468.290600	0.091400
468.290700	0.093689
468.290800	0.093384
468.290900	0.090637
468.291000	0.090027
468.291100	0.086670
468.291200	0.101013
468.291300	0.122223
468.291400	0.209503
468.291500	0.473785
468.291600	0.940247
468.291700	1.500092
468.291800	1.888275
468.291900	1.897430
468.292000	1.539001
468.292100	0.900574
468.292200	0.064850
468.292300	-0.819550
468.292400	-1.540070
468.292500	-2.016907
468.292600	-2.255859
468.292700	-2.230682
468.292800	-1.897583
468.292900	-1.354980
468.293000	-0.702820
468.293100	-0.209808
468.293200	0.029602
468.293300	0.121002
468.293400	0.152588
468.293500	0.155792
468.293600	0.152130
468.293700	0.156403
468.293800	0.157471
468.293900	0.154114
468.294000	0.154572
468.294100	0.153961
468.294200	0.156250
468.294300	0.162048
468.294400	0.164642
468.294500	0.155182
468.294600	0.160828
468.294700	0.161743
468.294800	0.154572
468.294900	0.167236
468.295000	0.166168
468.295100	0.161438
468.295200	0.170441
468.295300	0.158997
468.295400	0.169830
468.295500	0.201569
468.295600	0.273743
468.295700	0.388641
468.295800	0.490875
468.295900	0.511475
468.296000	0.465088
468.296100	0.357819
468.296200	0.224609
468.296300	0.077209
468.296400	-0.066071
468.296500	-0.173798
468.296600	-0.231171
468.296700	-0.217438
468.296800	-0.142059
468.296900	0.011444
468.297000	0.245209
468.297100	0.627594
468.297200	1.122589
468.297300	1.444397
468.297400	1.557770
468.297500	1.367340
468.297600	0.691528
468.297700	-0.198669
468.297800	-0.996094
468.297900	-1.360931
468.298000	-1.386871
468.298100	-1.236267
468.298200	-0.782623
468.298300	-0.284882
468.298400	-0.011749
468.298500	0.100098
468.298600	0.130920
468.298700	0.131531
468.298800	0.127563
468.298900	0.112305
468.299000	0.103912
468.299100	0.093384
468.299200	0.096741
468.299300	0.102081
468.299400	0.103607
468.299500	0.112000
468.299600	0.119781
468.299700	0.134125
468.299800	0.157013
468.299900	0.174866
468.300000	0.178833
468.300100	0.196991
468.300200	0.191650
468.300300	0.161133
468.300400	0.117798
468.300500	0.086365
468.300600	0.093842
468.300700	0.101013
468.300800	0.088501
468.300900	0.080719
468.301000	0.087280
468.301100	0.094299
468.301200	0.093079
468.301300	0.087280
468.301400	0.080719
468.301500	0.083160
468.301600	0.093079
468.301700	0.128784
468.301800	0.177155
468.301900	0.223541
468.302000	0.252686
468.302100	0.284424
468.302200	0.333557
468.302300	0.466309
468.302400	0.774078
468.302500	1.218567
468.302600	1.370544
468.302700	1.415100
468.302800	1.493835
468.302900	1.213379
468.303000	0.458527
468.303100	-0.502472
468.303200	-1.167297
468.303300	-1.580200
468.303400	-1.551208
468.303500	-1.522827
468.303600	-1.369476
468.303700	-0.871277
468.303800	-0.353241
468.303900	-0.066223
468.304000	0.065002
468.304100	0.101776
468.304200	0.119781
468.304300	0.127869
468.304400	0.139923
468.304500	0.138550
468.304600	0.139313
468.304700	0.135651
468.304800	0.122833
468.304900	0.104980
468.305000	0.095825
468.305100	0.096283
468.305200	0.102539
468.305300	0.103607
468.305400	0.106049
468.305500	0.114136
468.305600	0.118408
468.305700	0.132599
468.305800	0.134583
468.305900	0.132141
468.306000	0.126343
468.306100	0.117645
468.306200	0.102386
468.306300	0.095825
468.306400	0.096436
468.306500	0.103302
468.306600	0.116119
468.306700	0.125275
468.306800	0.124359
468.306900	0.121613
468.307000	0.108948
468.307100	0.097961
468.307200	0.094147
468.307300	0.096436
468.307400	0.105591
468.307500	0.108795
468.307600	0.114746
468.307700	0.123291
468.307800	0.129089
468.307900	0.121155
468.308000	0.110016
468.308100	0.105743
468.308200	0.107422
468.308300	0.106506
468.308400	0.102539
468.308500	0.101929
468.308600	0.101929
468.308700	0.102081
468.308800	0.096436
468.308900	0.091858
468.309000	0.091858
468.309100	0.094452
468.309200	0.092468
468.309300	0.088043
468.309400	0.095978
468.309500	0.091553
468.309600	0.092621
468.309700	0.099335
468.309800	0.107269
468.309900	0.106201
468.310000	0.108185
468.310100	0.112762
468.310200	0.121460
468.310300	0.143585
468.310400	0.164185
468.310500	0.172577
468.310600	0.169830
468.310700	0.154572
468.310800	0.126038
468.310900	0.092926
468.311000	0.056610
468.311100	0.032654
468.311200	0.012360
468.311300	0.011444
468.311400	0.019989
468.311500	0.036621
468.311600	0.059814
468.311700	0.082092
468.311800	0.104370
468.311900	0.115662
468.312000	0.122833
468.312100	0.116119
468.312200	0.113831
468.312300	0.097504
468.312400	0.081940
468.312500	0.075073
468.312600	0.071869
468.312700	0.074768
468.312800	0.081024
468.312900	0.083923
468.313000	0.087891
468.313100	0.097961
468.313200	0.096130
468.313300	0.095825
468.313400	0.098572
468.313500	0.102539
468.313600	0.099487
468.313700	0.103149
468.313800	0.101776
468.313900	0.106506
468.314000	0.102997
468.314100	0.104218
468.314200	0.103760
468.314300	0.105438
468.314400	0.106964
468.314500	0.104828
468.314600	0.119476
468.314700	0.176392
468.314800	0.324554
468.314900	0.593262
468.315000	0.889282
468.315100	1.063080
468.315200	1.065674
468.315300	0.846558
468.315400	0.433044
468.315500	-0.061798
468.315600	-0.513611
468.315700	-0.807037
468.315800	-0.939636
468.315900	-0.929718
468.316000	-0.702820
468.316100	-0.397644
468.316200	-0.175171
468.316300	-0.070496
468.316400	-0.012207
468.316500	0.032501
468.316600	0.084381
468.316700	0.118866
468.316800	0.138245
468.316900	0.128937
468.317000	0.113068
468.317100	0.092163
468.317200	0.078430
468.317300	0.065155
468.317400	0.058136
468.317500	0.060730
468.317600	0.058746
468.317700	0.064240
468.317800	0.072479
468.317900	0.078125
468.318000	0.079956
468.318100	0.089722
468.318200	0.093079
468.318300	0.098877
468.318400	0.093689
468.318500	0.105438
468.318600	0.103455
468.318700	0.109711
468.318800	0.108948
468.318900	0.108490
468.319000	0.145264
468.319100	0.337219
468.319200	0.868835
468.319300	1.666718
468.319400	2.257843
468.319500	2.315216
468.319600	1.913605
468.319700	1.154327
468.319800	0.134583
468.319900	-0.886536
468.320000	-1.671600
468.320100	-2.119293
468.320200	-2.145844
468.320300	-1.668091
468.320400	-1.176758
468.320500	-0.333252
468.320600	-0.046387
468.320700	0.026855
468.320800	0.028076
468.320900	0.009460
468.321000	0.003815
468.321100	0.009918
468.321200	0.021057
468.321300	0.051117
468.321400	0.078125
468.321500	0.092316
468.321600	0.093079
468.321700	0.093842
468.321800	0.093231
468.321900	0.087128
468.322000	0.090027
468.322100	0.090027
468.322200	0.093231
468.322300	0.086365
468.322400	0.093384
468.322500	0.097961
468.322600	0.107269
468.322700	0.105286
468.322800	0.110321
468.322900	0.134125
468.323000	0.149841
468.323100	0.161591
468.323200	0.163879
468.323300	0.147095
468.323400	0.107422
468.323500	0.058899
468.323600	0.027924
468.323700	0.019379
468.323800	0.019226
468.323900	0.041199
468.324000	0.057678
468.324100	0.072632
468.324200	0.082397
468.324300	0.088501
468.324400	0.093994
468.324500	0.089874
468.324600	0.088806
468.324700	0.100250
468.324800	0.100708
468.324900	0.100861
468.325000	0.094147
468.325100	0.104523
468.325200	0.101471
468.325300	0.106201
468.325400	0.108032
468.325500	0.111694
468.325600	0.108643
468.325700	0.113373
468.325800	0.100861
468.325900	0.090637
468.326000	0.082397
468.326100	0.073090
468.326200	0.071106
468.326300	0.071564
468.326400	0.074005
