579.786500	0.018311
579.786600	0.010834
579.786700	0.009613
579.786800	0.012207
579.786900	0.017242
579.787000	0.015411
579.787100	0.016632
579.787200	0.019226
579.787300	0.018616
579.787400	0.015869
579.787500	0.017090
579.787600	0.017395
579.787700	0.015717
579.787800	0.016785
579.787900	0.009460
579.788000	0.012360
579.788100	0.018158
579.788200	0.014648
579.788300	0.010071
579.788400	0.009766
579.788500	0.016022
579.788600	0.018005
579.788700	0.014648
579.788800	0.018311
579.788900	0.015869
579.789000	0.012207
579.789100	0.011597
579.789200	0.013580
579.789300	0.012665
579.789400	0.012970
579.789500	0.010223
579.789600	0.013733
579.789700	0.014648
579.789800	0.010681
579.789900	0.008240
579.790000	0.012512
579.790100	0.017090
579.790200	0.017090
579.790300	0.010529
579.790400	0.011749
579.790500	0.013428
579.790600	0.010529
579.790700	0.009918
579.790800	0.013733
579.790900	0.012360
579.791000	0.012207
579.791100	0.012360
579.791200	0.016937
579.791300	0.017242
579.791400	0.016937
579.791500	0.014343
579.791600	0.012207
579.791700	0.016632
579.791800	0.016632
579.791900	0.018158
579.792000	0.013275
579.792100	0.011749
579.792200	0.010986
579.792300	0.014496
579.792400	0.013580
579.792500	0.016479
579.792600	0.017242
579.792700	0.009766
579.792800	0.013275
579.792900	0.014648
579.793000	0.015259
579.793100	0.014038
579.793200	0.011139
579.793300	0.013428
579.793400	0.020142
579.793500	0.011902
579.793600	0.012665
579.793700	0.016632
579.793800	0.014343
579.793900	0.013275
579.794000	0.013428
579.794100	0.012360
579.794200	0.012665
579.794300	0.013428
579.794400	0.015106
579.794500	0.015564
579.794600	0.014038
579.794700	0.015259
579.794800	0.016022
579.794900	0.009766
579.795000	0.017853
579.795100	0.013428
579.795200	0.015106
579.795300	0.013885
579.795400	0.013733
579.795500	0.018463
579.795600	0.017395
579.795700	0.014801
579.795800	0.016632
579.795900	0.014038
579.796000	0.015869
579.796100	0.015564
579.796200	0.011749
579.796300	0.017090
579.796400	0.015411
579.796500	0.010071
579.796600	0.009918
579.796700	0.013885
579.796800	0.016327
579.796900	0.020142
579.797000	0.013885
579.797100	0.013123
579.797200	0.014191
579.797300	0.010223
579.797400	0.011902
579.797500	0.014801
579.797600	0.012970
579.797700	0.016327
579.797800	0.010834
579.797900	0.011444
579.798000	0.016174
579.798100	0.017090
579.798200	0.012512
579.798300	0.015564
579.798400	0.013733
579.798500	0.017395
579.798600	0.019073
579.798700	0.015869
579.798800	0.012970
579.798900	0.015869
579.799000	0.012360
579.799100	0.013885
579.799200	0.011139
579.799300	0.017395
579.799400	0.009766
579.799500	0.014191
579.799600	0.011597
579.799700	0.010529
579.799800	0.014038
579.799900	0.009308
579.800000	0.014343
579.800100	0.015411
579.800200	0.014954
579.800300	0.012512
579.800400	0.018158
579.800500	0.018158
579.800600	0.016632
579.800700	0.011444
579.800800	0.015564
579.800900	0.015869
579.801000	0.013885
579.801100	0.011749
579.801200	0.011902
579.801300	0.015869
579.801400	0.014038
579.801500	0.010376
579.801600	0.012207
579.801700	0.008850
579.801800	0.015564
579.801900	0.011597
579.802000	0.012207
579.802100	0.013123
579.802200	0.015106
579.802300	0.011444
579.802400	0.010376
579.802500	0.013123
579.802600	0.012512
579.802700	0.010834
579.802800	0.014038
579.802900	0.014801
579.803000	0.013123
579.803100	0.010529
579.803200	0.015411
579.803300	0.016632
579.803400	0.014954
579.803500	0.017090
579.803600	0.011749
579.803700	0.010376
579.803800	0.008698
579.803900	0.012054
579.804000	0.009155
579.804100	0.011139
579.804200	0.013123
579.804300	0.013580
579.804400	0.015259
579.804500	0.017853
579.804600	0.013885
579.804700	0.014801
579.804800	0.013885
579.804900	0.013885
579.805000	0.014496
579.805100	0.015411
579.805200	0.011749
579.805300	0.008850
579.805400	0.010834
579.805500	0.014496
579.805600	0.012054
579.805700	0.010986
579.805800	0.009460
579.805900	0.009613
579.806000	0.010681
579.806100	0.013123
579.806200	0.014954
579.806300	0.013428
579.806400	0.014496
579.806500	0.012207
579.806600	0.009918
579.806700	0.015106
579.806800	0.014038
579.806900	0.011139
579.807000	0.012054
579.807100	0.010071
579.807200	0.011597
579.807300	0.008392
579.807400	0.012207
579.807500	0.014038
579.807600	0.012970
579.807700	0.010071
579.807800	0.009460
579.807900	0.014191
579.808000	0.012054
579.808100	0.020142
579.808200	0.011444
579.808300	0.017090
579.808400	0.013275
579.808500	0.016327
579.808600	0.013580
579.808700	0.010529
579.808800	0.012512
579.808900	0.014648
579.809000	0.012817
579.809100	0.014343
579.809200	0.013428
579.809300	0.012970
579.809400	0.012970
579.809500	0.014038
579.809600	0.014038
579.809700	0.016937
579.809800	0.013580
579.809900	0.014954
579.810000	0.014343
579.810100	0.011902
579.810200	0.014038
579.810300	0.011597
579.810400	0.014191
579.810500	0.013580
579.810600	0.012054
579.810700	0.009308
579.810800	0.010834
579.810900	0.014801
579.811000	0.017700
579.811100	0.013275
579.811200	0.011597
579.811300	0.010529
579.811400	0.014343
579.811500	0.013885
579.811600	0.010071
579.811700	0.010986
579.811800	0.010834
579.811900	0.010529
579.812000	0.011749
579.812100	0.011597
579.812200	0.010071
579.812300	0.008087
579.812400	0.010376
579.812500	0.014648
579.812600	0.015717
579.812700	0.014496
579.812800	0.007019
579.812900	0.012817
579.813000	0.010681
579.813100	0.014343
579.813200	0.014191
579.813300	0.010223
579.813400	0.009155
579.813500	0.010681
579.813600	0.011902
579.813700	0.010834
579.813800	0.009155
579.813900	0.014496
579.814000	0.012207
579.814100	0.012665
579.814200	0.009460
579.814300	0.006561
579.814400	0.014648
579.814500	0.010986
579.814600	0.012970
579.814700	0.018005
579.814800	0.019073
579.814900	0.014191
579.815000	0.017242
579.815100	0.014801
579.815200	0.016479
579.815300	0.012970
579.815400	0.014038
579.815500	0.014343
579.815600	0.013123
579.815700	0.009766
579.815800	0.013428
579.815900	0.018311
579.816000	0.012054
579.816100	0.013885
579.816200	0.013428
579.816300	0.013885
579.816400	0.017700
579.816500	0.013123
579.816600	0.010529
579.816700	0.012207
579.816800	0.013580
579.816900	0.018005
579.817000	0.012665
579.817100	0.010071
579.817200	0.013580
579.817300	0.015564
579.817400	0.012817
579.817500	0.011444
579.817600	0.008087
579.817700	0.011139
579.817800	0.013123
579.817900	0.014038
579.818000	0.010986
579.818100	0.010681
579.818200	0.009766
579.818300	0.013275
579.818400	0.009766
579.818500	0.016327
579.818600	0.013885
579.818700	0.014801
579.818800	0.013580
579.818900	0.014496
579.819000	0.013885
579.819100	0.012207
579.819200	0.015106
579.819300	0.014954
579.819400	0.011444
579.819500	0.013733
579.819600	0.011597
579.819700	0.012207
579.819800	0.014801
579.819900	0.011902
579.820000	0.016785
579.820100	0.015259
579.820200	0.016479
579.820300	0.013885
579.820400	0.008392
579.820500	0.013123
579.820600	0.014038
579.820700	0.011749
579.820800	0.010834
579.820900	0.016785
579.821000	0.014954
579.821100	0.014954
579.821200	0.016327
579.821300	0.016479
579.821400	0.015259
579.821500	0.012360
579.821600	0.016022
579.821700	0.015411
579.821800	0.008240
579.821900	0.010376
579.822000	0.015411
579.822100	0.012054
579.822200	0.012665
579.822300	0.012817
579.822400	0.012512
579.822500	0.010376
579.822600	0.009003
579.822700	0.007477
579.822800	0.015106
579.822900	0.016327
579.823000	0.015564
579.823100	0.016479
579.823200	0.013275
579.823300	0.014191
579.823400	0.006409
579.823500	0.011139
579.823600	0.010223
579.823700	0.010681
579.823800	0.009003
579.823900	0.017548
579.824000	0.014191
579.824100	0.012360
579.824200	0.016022
579.824300	0.011597
579.824400	0.011444
579.824500	0.014648
579.824600	0.012665
579.824700	0.012512
579.824800	0.013885
579.824900	0.007324
579.825000	0.008240
579.825100	0.010834
579.825200	0.011139
579.825300	0.010986
579.825400	0.009918
579.825500	0.007477
579.825600	0.003815
579.825700	0.011749
579.825800	0.009155
579.825900	0.013123
579.826000	0.010986
579.826100	0.011902
579.826200	0.014954
579.826300	0.015106
579.826400	0.014038
579.826500	0.016174
579.826600	0.012512
579.826700	0.008698
579.826800	0.013733
579.826900	0.017395
579.827000	0.014191
579.827100	0.012054
579.827200	0.014648
579.827300	0.011902
579.827400	0.010834
579.827500	0.006104
579.827600	0.007629
579.827700	0.008545
579.827800	0.010834
579.827900	0.013428
579.828000	0.007935
579.828100	0.010529
579.828200	0.010376
579.828300	0.011444
579.828400	0.014648
579.828500	0.013428
579.828600	0.013580
579.828700	0.013123
579.828800	0.015259
579.828900	0.013885
579.829000	0.010223
579.829100	0.009155
579.829200	0.016937
579.829300	0.014648
579.829400	0.012207
579.829500	0.014954
579.829600	0.014343
579.829700	0.012817
579.829800	0.011139
579.829900	0.010071
579.830000	0.014343
579.830100	0.015717
579.830200	0.016174
579.830300	0.018311
579.830400	0.016327
579.830500	0.014038
579.830600	0.014648
579.830700	0.012054
579.830800	0.013428
579.830900	0.012665
579.831000	0.011292
579.831100	0.008240
579.831200	0.009918
579.831300	0.011597
579.831400	0.011597
579.831500	0.009918
579.831600	0.012360
579.831700	0.015564
579.831800	0.014954
579.831900	0.009766
579.832000	0.011139
579.832100	0.013885
579.832200	0.017090
579.832300	0.016327
579.832400	0.011292
579.832500	0.011749
579.832600	0.012512
579.832700	0.010376
579.832800	0.012970
579.832900	0.014801
579.833000	0.012207
579.833100	0.009308
579.833200	0.012360
579.833300	0.014801
579.833400	0.011444
579.833500	0.009460
579.833600	0.012207
579.833700	0.010071
579.833800	0.018005
579.833900	0.018921
579.834000	0.016632
579.834100	0.012970
579.834200	0.012665
579.834300	0.013275
579.834400	0.011902
579.834500	0.013580
579.834600	0.011902
579.834700	0.011444
579.834800	0.018005
579.834900	0.016937
579.835000	0.013428
579.835100	0.013275
579.835200	0.018005
579.835300	0.018158
579.835400	0.013428
579.835500	0.012665
579.835600	0.012360
579.835700	0.012054
579.835800	0.013428
579.835900	0.010223
579.836000	0.012817
579.836100	0.009766
579.836200	0.012207
579.836300	0.011749
579.836400	0.010986
579.836500	0.011749
579.836600	0.008545
579.836700	0.012665
579.836800	0.015869
579.836900	0.013733
579.837000	0.014191
579.837100	0.008240
579.837200	0.011902
579.837300	0.012665
579.837400	0.012817
579.837500	0.009308
579.837600	0.013275
579.837700	0.011139
579.837800	0.010986
579.837900	0.010376
579.838000	0.010529
579.838100	0.015106
579.838200	0.014801
579.838300	0.014954
579.838400	0.013428
579.838500	0.009308
579.838600	0.009003
579.838700	0.013733
579.838800	0.014038
579.838900	0.009766
579.839000	0.012512
579.839100	0.009918
579.839200	0.012512
579.839300	0.007629
579.839400	0.011749
579.839500	0.012207
579.839600	0.011444
579.839700	0.016174
579.839800	0.015717
579.839900	0.009460
579.840000	0.010529
