425.418500	-0.013885
425.418600	-0.012817
425.418700	-0.010223
425.418800	-0.011597
425.418900	-0.012970
425.419000	-0.006866
425.419100	-0.003967
425.419200	-0.003204
425.419300	0.017090
425.419400	0.064850
425.419500	0.141907
425.419600	0.259705
425.419700	0.429382
425.419800	0.649261
425.419900	0.822906
425.420000	0.836487
425.420100	0.752869
425.420200	0.652008
425.420300	0.525818
425.420400	0.372467
425.420500	0.178070
425.420600	-0.032806
425.420700	-0.238037
425.420800	-0.412292
425.420900	-0.549927
425.421000	-0.663147
425.421100	-0.753479
425.421200	-0.846863
425.421300	-0.904846
425.421400	-0.837097
425.421500	-0.634460
425.421600	-0.445404
425.421700	-0.285034
425.421800	-0.153503
425.421900	-0.075378
425.422000	-0.034485
425.422100	-0.011139
425.422200	-0.003052
425.422300	-0.003967
425.422400	-0.000458
425.422500	0.002594
425.422600	0.010529
425.422700	0.009308
425.422800	0.009460
425.422900	0.003052
425.423000	0.004272
425.423100	0.007782
425.423200	0.008392
425.423300	0.006866
425.423400	0.012512
425.423500	0.010986
425.423600	0.030518
425.423700	0.072632
425.423800	0.166321
425.423900	0.336456
425.424000	0.583496
425.424100	0.905914
425.424200	1.197662
425.424300	1.340790
425.424400	1.355133
425.424500	1.336060
425.424600	1.251526
425.424700	1.018829
425.424800	0.603485
425.424900	0.129395
425.425000	-0.320740
425.425100	-0.736389
425.425200	-1.130829
425.425300	-1.408539
425.425400	-1.464539
425.425500	-1.413879
425.425600	-1.331635
425.425700	-1.211700
425.425800	-0.966187
425.425900	-0.654755
425.426000	-0.389709
425.426100	-0.177002
425.426200	-0.028687
425.426300	0.043488
425.426400	0.077972
425.426500	0.078888
425.426600	0.069580
425.426700	0.051880
425.426800	0.033875
425.426900	0.008850
425.427000	-0.014648
425.427100	-0.040588
425.427200	-0.054626
425.427300	-0.059509
425.427400	-0.059967
425.427500	-0.055237
425.427600	-0.044403
425.427700	-0.025940
425.427800	-0.015259
425.427900	-0.003357
425.428000	0.012207
425.428100	0.017548
425.428200	0.017548
425.428300	0.017090
425.428400	0.017548
425.428500	0.017700
425.428600	0.021973
425.428700	0.027161
425.428800	0.028534
425.428900	0.037842
425.429000	0.045166
425.429100	0.050812
425.429200	0.050507
425.429300	0.051117
425.429400	0.050659
425.429500	0.044708
425.429600	0.039368
425.429700	0.029602
425.429800	0.021362
425.429900	0.015106
425.430000	0.001373
425.430100	-0.012207
425.430200	-0.017090
425.430300	-0.023041
425.430400	-0.029907
425.430500	-0.030518
425.430600	-0.033417
425.430700	-0.033264
425.430800	-0.026550
425.430900	-0.015869
425.431000	-0.008850
425.431100	0.003815
425.431200	0.015411
425.431300	0.050049
425.431400	0.119019
425.431500	0.222473
425.431600	0.368805
425.431700	0.527649
425.431800	0.648651
425.431900	0.724640
425.432000	0.742035
425.432100	0.709229
425.432200	0.588379
425.432300	0.382690
425.432400	0.135651
425.432500	-0.131226
425.432600	-0.380707
425.432700	-0.582733
425.432800	-0.724792
425.432900	-0.797119
425.433000	-0.794373
425.433100	-0.729523
425.433200	-0.613708
425.433300	-0.467834
425.433400	-0.310211
425.433500	-0.179291
425.433600	-0.074310
425.433700	-0.021057
425.433800	0.005188
425.433900	0.021973
425.434000	0.036011
425.434100	0.032806
425.434200	0.036011
425.434300	0.027771
425.434400	0.023499
425.434500	0.026550
425.434600	0.020905
425.434700	0.012970
425.434800	0.012665
425.434900	0.005951
425.435000	0.002899
425.435100	0.005646
425.435200	0.009460
425.435300	0.029907
425.435400	0.052643
425.435500	0.081635
425.435600	0.100403
425.435700	0.103455
425.435800	0.098419
425.435900	0.094757
425.436000	0.068359
425.436100	0.031128
425.436200	-0.007477
425.436300	-0.030518
425.436400	-0.053253
425.436500	-0.063324
425.436600	-0.075836
425.436700	-0.087433
425.436800	-0.088501
425.436900	-0.085297
425.437000	-0.074768
425.437100	-0.070038
425.437200	-0.062714
425.437300	-0.066986
425.437400	-0.072479
425.437500	-0.065308
425.437600	-0.057068
425.437700	-0.036774
425.437800	-0.022583
425.437900	-0.008087
425.438000	0.003052
425.438100	0.008392
425.438200	0.009918
425.438300	0.004272
425.438400	0.006866
425.438500	0.004883
425.438600	0.006866
425.438700	0.003815
425.438800	-0.001373
425.438900	-0.004578
425.439000	-0.007477
425.439100	-0.009460
425.439200	-0.011292
425.439300	-0.008850
425.439400	-0.007324
425.439500	-0.006256
425.439600	-0.012665
425.439700	-0.007782
425.439800	-0.003510
425.439900	0.027771
425.440000	0.096741
425.440100	0.200958
425.440200	0.357513
425.440300	0.528870
425.440400	0.655670
425.440500	0.720215
425.440600	0.724945
425.440700	0.689087
425.440800	0.628357
425.440900	0.535278
425.441000	0.476074
425.441100	0.504608
425.441200	0.624390
425.441300	0.721741
425.441400	0.749969
425.441500	0.761108
425.441600	0.780487
425.441700	0.763397
425.441800	0.592957
425.441900	0.279999
425.442000	-0.109406
425.442100	-0.511322
425.442200	-0.909882
425.442300	-1.164398
425.442400	-1.399231
425.442500	-1.442566
425.442600	-1.436310
425.442700	-1.382599
425.442800	-1.221924
425.442900	-0.962067
425.443000	-0.696716
425.443100	-0.490417
425.443200	-0.342560
425.443300	-0.244293
425.443400	-0.157013
425.443500	-0.101013
425.443600	-0.055084
425.443700	-0.036774
425.443800	-0.025330
425.443900	-0.024261
425.444000	-0.025330
425.444100	-0.016174
425.444200	-0.008392
425.444300	-0.001831
425.444400	0.000916
425.444500	0.004578
425.444600	0.009460
425.444700	0.001831
425.444800	0.011902
425.444900	0.007172
425.445000	0.006256
425.445100	0.007935
425.445200	0.013275
425.445300	0.007629
425.445400	0.007172
425.445500	0.008087
425.445600	0.011902
425.445700	0.017090
425.445800	0.032654
425.445900	0.105286
425.446000	0.255737
425.446100	0.496521
425.446200	0.873871
425.446300	1.387939
425.446400	1.864624
425.446500	2.091827
425.446600	2.121887
425.446700	2.095490
425.446800	2.024689
425.446900	1.764526
425.447000	1.245422
425.447100	0.693054
425.447200	0.202179
425.447300	-0.314789
425.447400	-0.848236
425.447500	-1.151886
425.447600	-1.327515
425.447700	-1.254425
425.447800	-1.242981
425.447900	-1.378326
425.448000	-1.494141
425.448100	-1.523285
425.448200	-1.483765
425.448300	-1.355133
425.448400	-1.208038
425.448500	-1.093140
425.448600	-1.040497
425.448700	-1.009827
425.448800	-0.906372
425.448900	-0.658569
425.449000	-0.421906
425.449100	-0.235596
425.449200	-0.098267
425.449300	-0.018616
425.449400	0.028992
425.449500	0.050659
425.449600	0.060120
425.449700	0.066528
425.449800	0.069580
425.449900	0.067749
425.450000	0.064240
425.450100	0.058899
425.450200	0.051117
425.450300	0.044861
425.450400	0.035706
425.450500	0.029755
425.450600	0.018311
425.450700	0.021973
425.450800	0.018158
425.450900	0.020294
425.451000	0.018616
425.451100	0.012207
425.451200	0.017700
425.451300	0.024719
425.451400	0.043488
425.451500	0.102692
425.451600	0.192261
425.451700	0.333557
425.451800	0.529633
425.451900	0.710144
425.452000	0.764923
425.452100	0.726166
425.452200	0.646973
425.452300	0.528564
425.452400	0.381775
425.452500	0.195312
425.452600	-0.003204
425.452700	-0.205536
425.452800	-0.376434
425.452900	-0.511627
425.453000	-0.608978
425.453100	-0.687256
425.453200	-0.749817
425.453300	-0.734253
425.453400	-0.603485
425.453500	-0.415344
425.453600	-0.258026
425.453700	-0.123596
425.453800	-0.042725
425.453900	0.001221
425.454000	0.022583
425.454100	0.024414
425.454200	0.025787
425.454300	0.034180
425.454400	0.039215
425.454500	0.039368
425.454600	0.043945
425.454700	0.043945
425.454800	0.043182
425.454900	0.047150
425.455000	0.052338
425.455100	0.043945
425.455200	0.045013
425.455300	0.048981
425.455400	0.046844
425.455500	0.034485
425.455600	0.036926
425.455700	0.037537
425.455800	0.039978
425.455900	0.038757
425.456000	0.041656
425.456100	0.045471
425.456200	0.050964
425.456300	0.051880
425.456400	0.056305
425.456500	0.054321
425.456600	0.049744
425.456700	0.046082
425.456800	0.042572
425.456900	0.040283
425.457000	0.035706
425.457100	0.031281
425.457200	0.021057
425.457300	0.017700
425.457400	0.007629
425.457500	0.000610
425.457600	-0.005188
425.457700	-0.013580
425.457800	-0.012817
425.457900	-0.013123
425.458000	-0.005188
425.458100	-0.001221
425.458200	0.000610
425.458300	0.011597
425.458400	0.016479
425.458500	0.013580
425.458600	0.019379
425.458700	0.021667
425.458800	0.014954
425.458900	0.014496
425.459000	0.019989
425.459100	0.012970
425.459200	0.015411
425.459300	0.022125
425.459400	0.029297
425.459500	0.032196
425.459600	0.035400
425.459700	0.040894
425.459800	0.039825
425.459900	0.035400
425.460000	0.024109
425.460100	0.017548
425.460200	0.007782
425.460300	0.003052
425.460400	-0.011597
425.460500	-0.017090
425.460600	-0.018616
425.460700	-0.016174
425.460800	-0.020294
425.460900	-0.016937
425.461000	-0.013428
425.461100	-0.003815
425.461200	-0.007019
425.461300	-0.005035
425.461400	0.005188
425.461500	0.020142
425.461600	0.054016
425.461700	0.130157
425.461800	0.258179
425.461900	0.443115
425.462000	0.646820
425.462100	0.815735
425.462200	0.920258
425.462300	0.948792
425.462400	0.892181
425.462500	0.739441
425.462600	0.475922
425.462700	0.150757
425.462800	-0.189056
425.462900	-0.487061
425.463000	-0.729675
425.463100	-0.891113
425.463200	-0.971069
425.463300	-0.977631
425.463400	-0.903320
425.463500	-0.760193
425.463600	-0.565948
425.463700	-0.381775
425.463800	-0.219421
425.463900	-0.111694
425.464000	-0.052948
425.464100	-0.018158
425.464200	-0.008087
425.464300	0.002899
425.464400	0.013428
425.464500	0.017395
425.464600	0.036926
425.464700	0.072937
425.464800	0.159760
425.464900	0.284882
425.465000	0.479126
425.465100	0.751648
425.465200	1.115570
425.465300	1.444702
425.465400	1.568604
425.465500	1.539154
425.465600	1.471558
425.465700	1.436768
425.465800	1.392517
425.465900	1.223450
425.466000	0.838165
425.466100	0.350647
425.466200	-0.116272
425.466300	-0.526581
425.466400	-0.958099
425.466500	-1.439667
425.466600	-1.725769
425.466700	-1.768341
425.466800	-1.693878
425.466900	-1.589355
425.467000	-1.514893
425.467100	-1.428986
425.467200	-1.249542
425.467300	-0.937653
425.467400	-0.622711
425.467500	-0.384674
425.467600	-0.205536
425.467700	-0.078888
425.467800	-0.008087
425.467900	0.014648
425.468000	0.028076
425.468100	0.030365
425.468200	0.030975
425.468300	0.025330
425.468400	0.032806
425.468500	0.028992
425.468600	0.029602
425.468700	0.027008
425.468800	0.033722
425.468900	0.032196
425.469000	0.030518
425.469100	0.031891
425.469200	0.033112
425.469300	0.025940
425.469400	0.029755
425.469500	0.024414
425.469600	0.028687
425.469700	0.025635
425.469800	0.023193
425.469900	0.025940
425.470000	0.018921
425.470100	0.019836
425.470200	0.020905
425.470300	0.027771
425.470400	0.022430
425.470500	0.025635
425.470600	0.026855
425.470700	0.026703
425.470800	0.024261
425.470900	0.023499
425.471000	0.023804
425.471100	0.020905
425.471200	0.019379
425.471300	0.012360
425.471400	0.007629
425.471500	0.003510
425.471600	0.007935
425.471700	0.004578
425.471800	0.009155
425.471900	0.005188
425.472000	0.013275
