432.791300	0.010986
432.791400	0.020752
432.791500	0.028839
432.791600	0.032349
432.791700	0.030823
432.791800	0.026550
432.791900	0.030823
432.792000	0.033112
432.792100	0.030518
432.792200	0.031281
432.792300	0.031433
432.792400	0.030365
432.792500	0.036163
432.792600	0.032501
432.792700	0.029297
432.792800	0.032349
432.792900	0.031128
432.793000	0.039062
432.793100	0.045166
432.793200	0.050354
432.793300	0.051422
432.793400	0.055847
432.793500	0.059052
432.793600	0.052490
432.793700	0.050659
432.793800	0.044403
432.793900	0.035400
432.794000	0.031281
432.794100	0.017548
432.794200	0.020142
432.794300	0.014648
432.794400	0.009918
432.794500	0.015259
432.794600	0.014648
432.794700	0.018921
432.794800	0.018463
432.794900	0.016174
432.795000	0.022583
432.795100	0.026855
432.795200	0.032959
432.795300	0.040741
432.795400	0.045013
432.795500	0.046082
432.795600	0.046387
432.795700	0.072021
432.795800	0.141296
432.795900	0.293732
432.796000	0.536652
432.796100	0.825348
432.796200	1.041565
432.796300	1.115570
432.796400	1.064453
432.796500	0.904694
432.796600	0.637970
432.796700	0.280457
432.796800	-0.096893
432.796900	-0.457916
432.797000	-0.684814
432.797100	-0.626221
432.797200	-0.282593
432.797300	0.353088
432.797400	1.335144
432.797500	2.443237
432.797600	2.969666
432.797700	3.046112
432.797800	3.069458
432.797900	3.109131
432.798000	2.906036
432.798100	2.057495
432.798200	0.840607
432.798300	-0.350342
432.798400	-1.604767
432.798500	-2.890930
432.798600	-3.824005
432.798700	-4.082031
432.798800	-3.920441
432.798900	-3.710175
432.799000	-3.586884
432.799100	-3.354645
432.799200	-2.664948
432.799300	-1.767578
432.799400	-1.231842
432.799500	-0.521393
432.799600	-0.173798
432.799700	0.001984
432.799800	0.066986
432.799900	0.083008
432.800000	0.092163
432.800100	0.094452
432.800200	0.091705
432.800300	0.095367
432.800400	0.092316
432.800500	0.097809
432.800600	0.094147
432.800700	0.097656
432.800800	0.105896
432.800900	0.100555
432.801000	0.099335
432.801100	0.101624
432.801200	0.103149
432.801300	0.102081
432.801400	0.101776
432.801500	0.101166
432.801600	0.101624
432.801700	0.102386
432.801800	0.100250
432.801900	0.098572
432.802000	0.099182
432.802100	0.099487
432.802200	0.099792
432.802300	0.098724
432.802400	0.105743
432.802500	0.101624
432.802600	0.099640
432.802700	0.102692
432.802800	0.099792
432.802900	0.105743
432.803000	0.103302
432.803100	0.101013
432.803200	0.105133
432.803300	0.099945
432.803400	0.106201
432.803500	0.106354
432.803600	0.097656
432.803700	0.095215
432.803800	0.093536
432.803900	0.085754
432.804000	0.084534
432.804100	0.079651
432.804200	0.072632
432.804300	0.069733
432.804400	0.070038
432.804500	0.061493
432.804600	0.072174
432.804700	0.070343
432.804800	0.067291
432.804900	0.070190
432.805000	0.068054
432.805100	0.069122
432.805200	0.064545
432.805300	0.052795
432.805400	0.045471
432.805500	0.046234
432.805600	0.044556
432.805700	0.041046
432.805800	0.048828
432.805900	0.053101
432.806000	0.061646
432.806100	0.064392
432.806200	0.070190
432.806300	0.072174
432.806400	0.071106
432.806500	0.069580
432.806600	0.075684
432.806700	0.073242
432.806800	0.072784
432.806900	0.065918
432.807000	0.070953
432.807100	0.069427
432.807200	0.062561
432.807300	0.061188
432.807400	0.071259
432.807500	0.064087
432.807600	0.066376
432.807700	0.065765
432.807800	0.068054
432.807900	0.065002
432.808000	0.061646
432.808100	0.063171
432.808200	0.057220
432.808300	0.056458
432.808400	0.054474
432.808500	0.055542
432.808600	0.051727
432.808700	0.054321
432.808800	0.055237
432.808900	0.058746
432.809000	0.058746
432.809100	0.056305
432.809200	0.053864
432.809300	0.057678
432.809400	0.057831
432.809500	0.057678
432.809600	0.055542
432.809700	0.057678
432.809800	0.055389
432.809900	0.052338
432.810000	0.054474
432.810100	0.050659
432.810200	0.048828
432.810300	0.043793
432.810400	0.043182
432.810500	0.047760
432.810600	0.042725
432.810700	0.044556
432.810800	0.039978
432.810900	0.045624
432.811000	0.041199
432.811100	0.044098
432.811200	0.044556
432.811300	0.047302
432.811400	0.048828
432.811500	0.045929
432.811600	0.047607
432.811700	0.050049
432.811800	0.041962
432.811900	0.040741
432.812000	0.051422
432.812100	0.094910
432.812200	0.207520
432.812300	0.389709
432.812400	0.700836
432.812500	1.123199
432.812600	1.506348
432.812700	1.649323
432.812800	1.657867
432.812900	1.621552
432.813000	1.488037
432.813100	1.102142
432.813200	0.535431
432.813300	-0.034332
432.813400	-0.621948
432.813500	-1.136932
432.813600	-1.591339
432.813700	-1.716766
432.813800	-1.672363
432.813900	-1.575928
432.814000	-1.438599
432.814100	-1.204071
432.814200	-0.802612
432.814300	-0.441742
432.814400	-0.206451
432.814500	-0.068817
432.814600	-0.001831
432.814700	0.025177
432.814800	0.026855
432.814900	0.032501
432.815000	0.037994
432.815100	0.040588
432.815200	0.041809
432.815300	0.040894
432.815400	0.041962
432.815500	0.043945
432.815600	0.038910
432.815700	0.033875
432.815800	0.033875
432.815900	0.034790
432.816000	0.034027
432.816100	0.031738
432.816200	0.038147
432.816300	0.041199
432.816400	0.051422
432.816500	0.059204
432.816600	0.070496
432.816700	0.084534
432.816800	0.084839
432.816900	0.085449
432.817000	0.085144
432.817100	0.079041
432.817200	0.065613
432.817300	0.045624
432.817400	0.028381
432.817500	0.020294
432.817600	0.021515
432.817700	0.017242
432.817800	0.013123
432.817900	0.008698
432.818000	0.010071
432.818100	0.027313
432.818200	0.037079
432.818300	0.035553
432.818400	0.032959
432.818500	0.030060
432.818600	0.029907
432.818700	0.037537
432.818800	0.039520
432.818900	0.048828
432.819000	0.055237
432.819100	0.053711
432.819200	0.053711
432.819300	0.049744
432.819400	0.051575
432.819500	0.053101
432.819600	0.049133
432.819700	0.043640
432.819800	0.029755
432.819900	0.017395
432.820000	0.005188
432.820100	0.003967
432.820200	0.003662
432.820300	-0.001526
432.820400	0.000153
432.820500	0.004120
432.820600	0.011292
432.820700	0.014496
432.820800	0.024719
432.820900	0.033264
432.821000	0.035553
432.821100	0.044708
432.821200	0.044250
432.821300	0.048218
432.821400	0.046387
432.821500	0.047913
432.821600	0.051422
432.821700	0.055847
432.821800	0.061951
432.821900	0.062256
432.822000	0.059357
432.822100	0.054932
432.822200	0.056152
432.822300	0.048065
432.822400	0.048828
432.822500	0.047150
432.822600	0.039673
432.822700	0.034637
432.822800	0.036316
432.822900	0.039368
432.823000	0.055389
432.823100	0.076141
432.823200	0.103455
432.823300	0.119629
432.823400	0.125885
432.823500	0.124664
432.823600	0.111847
432.823700	0.087128
432.823800	0.054169
432.823900	0.012817
432.824000	-0.022736
432.824100	-0.067139
432.824200	-0.083466
432.824300	-0.086975
432.824400	-0.078278
432.824500	-0.072327
432.824600	-0.051727
432.824700	-0.027771
432.824800	-0.005493
432.824900	0.008087
432.825000	0.022125
432.825100	0.031433
432.825200	0.038605
432.825300	0.042419
432.825400	0.043945
432.825500	0.044098
432.825600	0.051880
432.825700	0.046997
432.825800	0.037384
432.825900	0.030518
432.826000	0.021667
432.826100	0.023804
432.826200	0.018616
432.826300	0.022278
432.826400	0.023346
432.826500	0.021973
432.826600	0.018463
432.826700	0.025940
432.826800	0.028076
432.826900	0.030212
432.827000	0.027924
432.827100	0.034637
432.827200	0.033569
432.827300	0.038452
432.827400	0.038147
432.827500	0.052795
432.827600	0.057678
432.827700	0.060730
432.827800	0.061798
432.827900	0.059204
432.828000	0.054169
432.828100	0.043640
432.828200	0.027771
432.828300	0.012817
432.828400	0.006714
432.828500	-0.001678
432.828600	-0.012970
432.828700	-0.015869
432.828800	-0.015259
432.828900	-0.007172
432.829000	-0.002441
432.829100	0.003357
432.829200	0.013733
432.829300	0.018921
432.829400	0.019836
432.829500	0.018921
432.829600	0.020599
432.829700	0.019836
432.829800	0.019684
432.829900	0.020294
432.830000	0.023956
432.830100	0.027313
432.830200	0.038452
432.830300	0.046692
432.830400	0.065155
432.830500	0.126190
432.830600	0.250854
432.830700	0.454102
432.830800	0.774536
432.830900	1.144257
432.831000	1.435089
432.831100	1.690826
432.831200	2.003632
432.831300	2.228851
432.831400	2.095337
432.831500	1.695099
432.831600	1.248627
432.831700	0.791016
432.831800	0.188599
432.831900	-0.538330
432.832000	-1.107178
432.832100	-1.580200
432.832200	-2.000885
432.832300	-2.307434
432.832400	-2.306976
432.832500	-2.025452
432.832600	-1.702118
432.832700	-1.452332
432.832800	-1.238251
432.832900	-0.905151
432.833000	-0.543365
432.833100	-0.282135
432.833200	-0.095215
432.833300	0.020447
432.833400	0.076294
432.833500	0.112152
432.833600	0.117340
432.833700	0.121460
432.833800	0.128937
432.833900	0.127869
432.834000	0.104675
432.834100	0.079498
432.834200	0.038605
432.834300	0.008698
432.834400	-0.011139
432.834500	-0.019684
432.834600	-0.020447
432.834700	-0.021362
432.834800	-0.028076
432.834900	-0.017090
432.835000	0.007629
432.835100	0.022888
432.835200	0.037537
432.835300	0.034790
432.835400	0.044403
432.835500	0.049744
432.835600	0.057831
432.835700	0.061035
432.835800	0.066071
432.835900	0.071716
432.836000	0.075836
432.836100	0.080719
432.836200	0.077057
432.836300	0.071106
432.836400	0.057831
432.836500	0.047302
432.836600	0.042572
432.836700	0.038452
432.836800	0.033417
432.836900	0.031738
432.837000	0.034027
432.837100	0.036774
432.837200	0.041351
432.837300	0.043030
432.837400	0.043640
432.837500	0.049438
432.837600	0.048981
432.837700	0.049744
432.837800	0.055389
432.837900	0.056152
432.838000	0.056915
432.838100	0.052643
432.838200	0.052490
432.838300	0.049286
432.838400	0.047913
432.838500	0.050049
432.838600	0.057831
432.838700	0.060272
432.838800	0.052948
432.838900	0.051727
432.839000	0.049133
432.839100	0.041504
432.839200	0.032959
432.839300	0.028534
432.839400	0.026550
432.839500	0.023651
432.839600	0.026093
432.839700	0.022125
432.839800	0.023651
432.839900	0.028534
432.840000	0.025787
432.840100	0.022583
432.840200	0.027618
432.840300	0.033112
432.840400	0.028076
432.840500	0.023956
432.840600	0.013885
432.840700	0.008087
432.840800	0.002747
432.840900	-0.002441
432.841000	0.004578
432.841100	0.011444
432.841200	0.011902
432.841300	0.015869
432.841400	0.027618
432.841500	0.029449
432.841600	0.038147
432.841700	0.039520
432.841800	0.047760
432.841900	0.048370
432.842000	0.050354
432.842100	0.053101
432.842200	0.052795
432.842300	0.061951
432.842400	0.062561
432.842500	0.057068
432.842600	0.055695
432.842700	0.048523
432.842800	0.046082
432.842900	0.040131
432.843000	0.031891
432.843100	0.029449
432.843200	0.024261
432.843300	0.019226
432.843400	0.016022
432.843500	0.016479
432.843600	0.015869
432.843700	0.011139
432.843800	0.014343
432.843900	0.015411
432.844000	0.019684
432.844100	0.017700
432.844200	0.016937
432.844300	0.021210
432.844400	0.032806
432.844500	0.058441
432.844600	0.102997
432.844700	0.177460
432.844800	0.283661
