401.456900	-0.022736
401.457000	-0.018463
401.457100	-0.003510
401.457200	0.011749
401.457300	0.038452
401.457400	0.080414
401.457500	0.147552
401.457600	0.229645
401.457700	0.341492
401.457800	0.461731
401.457900	0.587463
401.458000	0.690613
401.458100	0.758667
401.458200	0.799866
401.458300	0.803223
401.458400	0.763702
401.458500	0.694275
401.458600	0.576324
401.458700	0.414429
401.458800	0.230408
401.458900	0.041504
401.459000	-0.149078
401.459100	-0.340881
401.459200	-0.523834
401.459300	-0.681610
401.459400	-0.801697
401.459500	-0.880280
401.459600	-0.910797
401.459700	-0.906372
401.459800	-0.865021
401.459900	-0.792542
401.460000	-0.692444
401.460100	-0.586548
401.460200	-0.470276
401.460300	-0.342865
401.460400	-0.239410
401.460500	-0.151062
401.460600	-0.077972
401.460700	-0.035095
401.460800	-0.005951
401.460900	0.002747
401.461000	0.009766
401.461100	0.017090
401.461200	0.022125
401.461300	0.017700
401.461400	0.011749
401.461500	0.010071
401.461600	0.009308
401.461700	0.003815
401.461800	0.006866
401.461900	0.005188
401.462000	-0.001068
401.462100	0.001831
401.462200	0.002594
401.462300	-0.010223
401.462400	-0.006561
401.462500	-0.004578
401.462600	-0.001984
401.462700	-0.007172
401.462800	-0.010681
401.462900	-0.004120
401.463000	-0.003510
401.463100	0.004578
401.463200	0.013123
401.463300	0.013580
401.463400	0.011902
401.463500	0.021973
401.463600	0.023804
401.463700	0.030060
401.463800	0.035706
401.463900	0.034180
401.464000	0.030975
401.464100	0.026093
401.464200	0.023804
401.464300	0.028839
401.464400	0.026550
401.464500	0.021973
401.464600	0.020905
401.464700	0.019531
401.464800	0.017700
401.464900	0.011749
401.465000	0.006256
401.465100	-0.005493
401.465200	-0.007019
401.465300	-0.010529
401.465400	-0.019379
401.465500	-0.022430
401.465600	-0.029297
401.465700	-0.027008
401.465800	-0.034485
401.465900	-0.034790
401.466000	-0.043488
401.466100	-0.033569
401.466200	-0.033264
401.466300	-0.038605
401.466400	-0.034637
401.466500	-0.030975
401.466600	-0.019989
401.466700	-0.011597
401.466800	-0.000458
401.466900	0.007324
401.467000	0.021515
401.467100	0.030518
401.467200	0.037689
401.467300	0.036011
401.467400	0.034943
401.467500	0.028229
401.467600	0.028076
401.467700	0.018463
401.467800	0.003967
401.467900	-0.006714
401.468000	-0.019684
401.468100	-0.037231
401.468200	-0.046387
401.468300	-0.054474
401.468400	-0.061493
401.468500	-0.064545
401.468600	-0.065155
401.468700	-0.063782
401.468800	-0.056763
401.468900	-0.054474
401.469000	-0.043945
401.469100	-0.036774
401.469200	-0.028534
401.469300	-0.025635
401.469400	-0.017090
401.469500	-0.013885
401.469600	-0.012970
401.469700	-0.006409
401.469800	-0.007782
401.469900	-0.010376
401.470000	-0.002441
401.470100	-0.007629
401.470200	-0.005493
401.470300	-0.004730
401.470400	-0.006866
401.470500	-0.013885
401.470600	-0.013733
401.470700	-0.011902
401.470800	-0.013123
401.470900	-0.013123
401.471000	-0.014801
401.471100	-0.011902
401.471200	-0.011597
401.471300	-0.011597
401.471400	-0.017853
401.471500	-0.012207
401.471600	-0.018616
401.471700	-0.013580
401.471800	-0.020294
401.471900	-0.018616
401.472000	-0.017853
401.472100	-0.011749
401.472200	-0.014801
401.472300	-0.012817
401.472400	-0.019379
401.472500	-0.012665
401.472600	-0.015717
401.472700	-0.017090
401.472800	-0.018158
401.472900	-0.014191
401.473000	-0.011597
401.473100	-0.005646
401.473200	-0.013885
401.473300	-0.012207
401.473400	-0.018311
401.473500	-0.014648
401.473600	-0.019989
401.473700	-0.013428
401.473800	-0.013885
401.473900	-0.013885
401.474000	-0.019531
401.474100	-0.019073
401.474200	-0.023041
401.474300	-0.028381
401.474400	-0.029755
401.474500	-0.027466
401.474600	-0.027313
401.474700	-0.034180
401.474800	-0.032959
401.474900	-0.028687
401.475000	-0.026855
401.475100	-0.022736
401.475200	-0.018921
401.475300	-0.021057
401.475400	-0.015717
401.475500	-0.016785
401.475600	-0.013885
401.475700	-0.010223
401.475800	-0.014648
401.475900	-0.014191
401.476000	-0.008545
401.476100	-0.006714
401.476200	-0.011139
401.476300	-0.010071
401.476400	-0.011139
401.476500	-0.011597
401.476600	-0.007935
401.476700	-0.005035
401.476800	-0.007019
401.476900	-0.006866
401.477000	0.000153
401.477100	0.009155
401.477200	0.014343
401.477300	0.030060
401.477400	0.059052
401.477500	0.085449
401.477600	0.109558
401.477700	0.129395
401.477800	0.137787
401.477900	0.139313
401.478000	0.131226
401.478100	0.113983
401.478200	0.091858
401.478300	0.057678
401.478400	0.018005
401.478500	-0.023346
401.478600	-0.055084
401.478700	-0.088196
401.478800	-0.111847
401.478900	-0.135498
401.479000	-0.136108
401.479100	-0.124664
401.479200	-0.106506
401.479300	-0.083771
401.479400	-0.040894
401.479500	0.010681
401.479600	0.087280
401.479700	0.155640
401.479800	0.211182
401.479900	0.260620
401.480000	0.285950
401.480100	0.291443
401.480200	0.278473
401.480300	0.249939
401.480400	0.209961
401.480500	0.169067
401.480600	0.119781
401.480700	0.061035
401.480800	-0.001526
401.480900	-0.059967
401.481000	-0.120392
401.481100	-0.182953
401.481200	-0.238953
401.481300	-0.279388
401.481400	-0.320435
401.481500	-0.350189
401.481600	-0.362244
401.481700	-0.366211
401.481800	-0.355530
401.481900	-0.333099
401.482000	-0.288391
401.482100	-0.240631
401.482200	-0.195465
401.482300	-0.144043
401.482400	-0.094757
401.482500	-0.062866
401.482600	-0.037079
401.482700	-0.018921
401.482800	-0.015564
401.482900	-0.010834
401.483000	-0.001678
401.483100	-0.007935
401.483200	-0.007324
401.483300	-0.011597
401.483400	-0.005646
401.483500	-0.007782
401.483600	-0.006256
401.483700	-0.004120
401.483800	-0.005493
401.483900	-0.010834
401.484000	-0.008850
401.484100	-0.000458
401.484200	-0.004425
401.484300	-0.011444
401.484400	-0.005035
401.484500	-0.005798
401.484600	-0.007935
401.484700	-0.012054
401.484800	-0.010223
401.484900	-0.010223
401.485000	-0.006104
401.485100	-0.002136
401.485200	-0.002289
401.485300	-0.001678
401.485400	0.001526
401.485500	-0.003357
401.485600	0.003204
401.485700	-0.001984
401.485800	0.000000
401.485900	0.003052
401.486000	0.000153
401.486100	0.011444
401.486200	0.005646
401.486300	0.003815
401.486400	-0.002136
401.486500	0.001831
401.486600	-0.002136
401.486700	-0.008545
401.486800	-0.007782
401.486900	-0.002441
401.487000	-0.011139
401.487100	-0.009613
401.487200	-0.009613
401.487300	-0.004120
401.487400	-0.012817
401.487500	-0.012512
401.487600	-0.004883
401.487700	-0.010223
401.487800	-0.012665
401.487900	-0.010834
401.488000	-0.015869
401.488100	-0.016479
401.488200	-0.027161
401.488300	-0.028229
401.488400	-0.031433
401.488500	-0.037537
401.488600	-0.038147
401.488700	-0.039062
401.488800	-0.042877
401.488900	-0.038147
401.489000	-0.035400
401.489100	-0.036469
401.489200	-0.030823
401.489300	-0.027924
401.489400	-0.028687
401.489500	-0.025024
401.489600	-0.023499
401.489700	-0.017548
401.489800	-0.013733
401.489900	-0.010529
401.490000	-0.005646
401.490100	-0.003967
401.490200	-0.005341
401.490300	-0.010071
401.490400	-0.010376
401.490500	-0.012512
401.490600	-0.009003
401.490700	-0.009918
401.490800	-0.006409
401.490900	-0.003510
401.491000	-0.006256
401.491100	-0.004883
401.491200	-0.003510
401.491300	-0.003510
401.491400	-0.004883
401.491500	0.004730
401.491600	0.005188
401.491700	0.009918
401.491800	0.009766
401.491900	0.011139
401.492000	0.013123
401.492100	0.017548
401.492200	0.021973
401.492300	0.019684
401.492400	0.017090
401.492500	0.013580
401.492600	0.013733
401.492700	0.018921
401.492800	0.018616
401.492900	0.015411
401.493000	0.006409
401.493100	0.000916
401.493200	-0.004730
401.493300	-0.008698
401.493400	-0.010986
401.493500	-0.017548
401.493600	-0.020447
401.493700	-0.030212
401.493800	-0.039215
401.493900	-0.038300
401.494000	-0.037231
401.494100	-0.039978
401.494200	-0.027924
401.494300	-0.010681
401.494400	0.025482
401.494500	0.098877
401.494600	0.216217
401.494700	0.378113
401.494800	0.581360
401.494900	0.795898
401.495000	0.973663
401.495100	1.101532
401.495200	1.177216
401.495300	1.192322
401.495400	1.166077
401.495500	1.060333
401.495600	0.850372
401.495700	0.547791
401.495800	0.207825
401.495900	-0.148468
401.496000	-0.504761
401.496100	-0.827179
401.496200	-1.102295
401.496300	-1.297150
401.496400	-1.392212
401.496500	-1.411591
401.496600	-1.364594
401.496700	-1.278076
401.496800	-1.198120
401.496900	-0.986023
401.497000	-0.765076
401.497100	-0.549316
401.497200	-0.366669
401.497300	-0.229187
401.497400	-0.126038
401.497500	-0.064697
401.497600	-0.028687
401.497700	-0.007629
401.497800	0.002441
401.497900	0.011597
401.498000	0.015717
401.498100	0.021362
401.498200	0.017700
401.498300	0.023804
401.498400	0.028381
401.498500	0.023499
401.498600	0.028992
401.498700	0.032501
401.498800	0.028839
401.498900	0.027924
401.499000	0.025177
401.499100	0.024872
401.499200	0.027924
401.499300	0.029907
401.499400	0.028229
401.499500	0.031433
401.499600	0.029907
401.499700	0.028992
401.499800	0.029449
401.499900	0.024719
401.500000	0.028076
401.500100	0.025177
401.500200	0.021667
401.500300	0.029907
401.500400	0.022888
401.500500	0.023193
401.500600	0.012054
401.500700	0.010223
401.500800	0.004425
401.500900	0.003052
401.501000	-0.005188
401.501100	-0.005493
401.501200	-0.011444
401.501300	-0.014343
401.501400	-0.009003
401.501500	-0.007935
401.501600	-0.008240
401.501700	-0.011444
401.501800	-0.009613
401.501900	-0.009003
401.502000	0.000610
401.502100	-0.000916
401.502200	-0.002289
401.502300	-0.002899
401.502400	0.000458
401.502500	0.004425
401.502600	-0.003510
401.502700	-0.003815
401.502800	-0.001831
401.502900	-0.005951
401.503000	-0.008392
401.503100	-0.008392
401.503200	-0.010529
401.503300	-0.011292
401.503400	-0.014496
401.503500	-0.009613
401.503600	-0.013885
401.503700	-0.011597
401.503800	-0.011902
401.503900	-0.008240
401.504000	-0.002136
401.504100	0.000458
401.504200	-0.004883
401.504300	0.000610
401.504400	0.001984
401.504500	0.004120
401.504600	0.013885
401.504700	0.010376
401.504800	0.014801
401.504900	0.019531
401.505000	0.024414
401.505100	0.021973
401.505200	0.017548
401.505300	0.015717
401.505400	0.010529
401.505500	0.006256
401.505600	0.008698
401.505700	0.003357
401.505800	0.007324
401.505900	0.012054
401.506000	0.016174
401.506100	0.025330
401.506200	0.062561
401.506300	0.116425
401.506400	0.189819
401.506500	0.293274
401.506600	0.440369
401.506700	0.603485
401.506800	0.756683
401.506900	0.819855
401.507000	0.814972
401.507100	0.781097
401.507200	0.715637
401.507300	0.641632
401.507400	0.549469
401.507500	0.425415
401.507600	0.256348
401.507700	0.060272
401.507800	-0.151520
401.507900	-0.351257
401.508000	-0.516205
401.508100	-0.645752
401.508200	-0.733185
401.508300	-0.792847
401.508400	-0.842896
401.508500	-0.876312
401.508600	-0.895233
401.508700	-0.868378
401.508800	-0.766602
401.508900	-0.623779
401.509000	-0.460052
401.509100	-0.317688
401.509200	-0.197906
401.509300	-0.109100
401.509400	-0.049438
401.509500	-0.011597
401.509600	0.003967
401.509700	0.014801
401.509800	0.016022
401.509900	0.016632
401.510000	0.019379
401.510100	0.014648
401.510200	0.015564
401.510300	0.008698
401.510400	0.009003
