272.432900	0.053864
272.433000	0.059662
272.433100	0.061188
272.433200	0.064087
272.433300	0.070496
272.433400	0.072174
272.433500	0.078888
272.433600	0.074768
272.433700	0.070343
272.433800	0.064545
272.433900	0.049133
272.434000	0.034790
272.434100	0.028229
272.434200	0.027161
272.434300	0.027924
272.434400	0.033569
272.434500	0.038605
272.434600	0.045013
272.434700	0.047913
272.434800	0.052490
272.434900	0.056000
272.435000	0.050964
272.435100	0.043945
272.435200	0.042114
272.435300	0.051575
272.435400	0.043182
272.435500	0.045929
272.435600	0.048981
272.435700	0.051575
272.435800	0.055084
272.435900	0.053864
272.436000	0.052643
272.436100	0.043793
272.436200	0.049591
272.436300	0.054321
272.436400	0.058289
272.436500	0.057068
272.436600	0.055695
272.436700	0.063171
272.436800	0.060883
272.436900	0.044250
272.437000	0.036316
272.437100	0.027924
272.437200	0.031433
272.437300	0.034943
272.437400	0.036774
272.437500	0.039215
272.437600	0.045319
272.437700	0.052948
272.437800	0.050354
272.437900	0.048065
272.438000	0.045471
272.438100	0.039062
272.438200	0.037842
272.438300	0.040588
272.438400	0.043488
272.438500	0.040283
272.438600	0.043945
272.438700	0.043945
272.438800	0.047607
272.438900	0.049286
272.439000	0.043793
272.439100	0.045319
272.439200	0.043030
272.439300	0.044556
272.439400	0.044708
272.439500	0.044861
272.439600	0.037384
272.439700	0.032043
272.439800	0.027924
272.439900	0.032349
272.440000	0.029907
272.440100	0.027924
272.440200	0.023651
272.440300	0.024719
272.440400	0.026550
272.440500	0.022736
272.440600	0.025940
272.440700	0.030823
272.440800	0.039520
272.440900	0.054474
272.441000	0.075684
272.441100	0.123291
272.441200	0.178680
272.441300	0.225677
272.441400	0.210724
272.441500	0.195770
272.441600	0.180054
272.441700	0.108795
272.441800	-0.007782
272.441900	-0.135193
272.442000	-0.214233
272.442100	-0.202484
272.442200	-0.185699
272.442300	-0.164032
272.442400	-0.094147
272.442500	-0.011749
272.442600	0.039062
272.442700	0.046387
272.442800	0.025177
272.442900	0.001526
272.443000	-0.014801
272.443100	-0.028992
272.443200	-0.038605
272.443300	-0.041351
272.443400	-0.012665
272.443500	0.013733
272.443600	0.037689
272.443700	0.039062
272.443800	0.044708
272.443900	0.053101
272.444000	0.062561
272.444100	0.076294
272.444200	0.090027
272.444300	0.099030
272.444400	0.107422
272.444500	0.105743
272.444600	0.096893
272.444700	0.082397
272.444800	0.057068
272.444900	0.042419
272.445000	0.027466
272.445100	0.016632
272.445200	0.017548
272.445300	0.020599
272.445400	0.025177
272.445500	0.033569
272.445600	0.039215
272.445700	0.054626
272.445800	0.063324
272.445900	0.063934
272.446000	0.065155
272.446100	0.065308
272.446200	0.059662
272.446300	0.059509
272.446400	0.067444
272.446500	0.070496
272.446600	0.067596
272.446700	0.070801
272.446800	0.074921
272.446900	0.072784
272.447000	0.064850
272.447100	0.062256
272.447200	0.057526
272.447300	0.055847
272.447400	0.061951
272.447500	0.071106
272.447600	0.120239
272.447700	0.255737
272.447800	0.522003
272.447900	0.943451
272.448000	1.277924
272.448100	1.353607
272.448200	1.342010
272.448300	1.199341
272.448400	0.751190
272.448500	0.158234
272.448600	-0.460205
272.448700	-0.977478
272.448800	-1.177216
272.448900	-1.265259
272.449000	-1.198273
272.449100	-1.026001
272.449200	-0.677490
272.449300	-0.337372
272.449400	-0.100555
272.449500	0.010376
272.449600	0.053101
272.449700	0.070496
272.449800	0.077515
272.449900	0.080109
272.450000	0.076294
272.450100	0.075684
272.450200	0.057373
272.450300	0.048981
272.450400	0.047607
272.450500	0.042114
272.450600	0.048981
272.450700	0.056152
272.450800	0.073242
272.450900	0.088501
272.451000	0.088348
272.451100	0.096741
272.451200	0.090485
272.451300	0.091400
272.451400	0.085449
272.451500	0.062714
272.451600	0.046387
272.451700	0.040588
272.451800	0.023956
272.451900	0.018768
272.452000	0.012207
272.452100	0.013428
272.452200	0.015411
272.452300	0.017700
272.452400	0.028534
272.452500	0.036163
272.452600	0.036621
272.452700	0.042725
272.452800	0.050659
272.452900	0.050964
272.453000	0.055237
272.453100	0.060577
272.453200	0.087585
272.453300	0.174561
272.453400	0.358582
272.453500	0.647125
272.453600	0.986023
272.453700	1.137695
272.453800	1.074219
272.453900	0.901031
272.454000	0.623474
272.454100	0.192261
272.454200	-0.317993
272.454300	-0.702972
272.454400	-0.934753
272.454500	-1.051025
272.454600	-1.084290
272.454700	-0.908051
272.454800	-0.534210
272.454900	-0.165863
272.455000	0.160522
272.455100	0.496216
272.455200	0.876923
272.455300	1.037598
272.455400	1.095276
272.455500	1.179199
272.455600	1.055908
272.455700	0.504913
272.455800	-0.274811
272.455900	-0.892792
272.456000	-1.129456
272.456100	-1.035919
272.456200	-0.709839
272.456300	-0.018616
272.456400	1.135101
272.456500	2.087402
272.456600	2.624054
272.456700	2.854004
272.456800	2.483215
272.456900	1.501160
272.457000	0.227203
272.457100	-1.018524
272.457200	-2.034760
272.457300	-2.558289
272.457400	-2.786865
272.457500	-2.547607
272.457600	-1.979523
272.457700	-1.438141
272.457800	-1.138000
272.457900	-0.619659
272.458000	-0.314026
272.458100	-0.136414
272.458200	-0.060730
272.458300	-0.033569
272.458400	-0.014496
272.458500	0.015564
272.458600	0.034637
272.458700	0.055237
272.458800	0.063324
272.458900	0.072937
272.459000	0.077515
272.459100	0.079803
272.459200	0.089722
272.459300	0.087585
272.459400	0.091095
272.459500	0.093842
272.459600	0.096283
272.459700	0.100555
272.459800	0.109253
272.459900	0.113831
272.460000	0.124359
272.460100	0.125427
272.460200	0.122375
272.460300	0.116577
272.460400	0.102081
272.460500	0.092316
272.460600	0.080566
272.460700	0.068970
272.460800	0.051727
272.460900	0.044708
272.461000	0.052948
272.461100	0.079803
272.461200	0.163574
272.461300	0.366364
272.461400	0.711365
272.461500	1.143188
272.461600	1.487274
272.461700	1.654510
272.461800	1.624146
272.461900	1.369629
272.462000	0.919037
272.462100	0.325317
272.462200	-0.342407
272.462300	-0.899658
272.462400	-1.360779
272.462500	-1.596375
272.462600	-1.540375
272.462700	-1.293945
272.462800	-1.062317
272.462900	-0.719452
272.463000	-0.455170
272.463100	-0.225677
272.463200	-0.069733
272.463300	0.019531
272.463400	0.064850
272.463500	0.081177
272.463600	0.094604
272.463700	0.109711
272.463800	0.112610
272.463900	0.109406
272.464000	0.109253
272.464100	0.103302
272.464200	0.095062
272.464300	0.086823
272.464400	0.082245
272.464500	0.092621
272.464600	0.136871
272.464700	0.229797
272.464800	0.382233
272.464900	0.568237
272.465000	0.652466
272.465100	0.599365
272.465200	0.489807
272.465300	0.354004
272.465400	0.200195
272.465500	0.029144
272.465600	-0.130920
272.465700	-0.264282
272.465800	-0.379639
272.465900	-0.468445
272.466000	-0.523987
272.466100	-0.460663
272.466200	-0.302277
272.466300	-0.140686
272.466400	-0.022278
272.466500	0.052643
272.466600	0.143585
272.466700	0.322723
272.466800	0.657501
272.466900	1.095734
272.467000	1.439667
272.467100	1.575470
272.467200	1.517029
272.467300	1.186523
272.467400	0.604706
272.467500	-0.071716
272.467600	-0.713196
272.467700	-1.170959
272.467800	-1.464691
272.467900	-1.434021
272.468000	-1.256714
272.468100	-0.922241
272.468200	-0.523224
272.468300	-0.197296
272.468400	-0.004272
272.468500	0.078430
272.468600	0.090637
272.468700	0.081787
272.468800	0.064240
272.468900	0.054169
272.469000	0.043182
272.469100	0.023346
272.469200	0.016479
272.469300	0.014954
272.469400	0.018463
272.469500	0.031433
272.469600	0.045776
272.469700	0.066376
272.469800	0.074768
272.469900	0.079041
272.470000	0.079193
272.470100	0.078278
272.470200	0.076904
272.470300	0.078430
272.470400	0.083160
272.470500	0.082550
272.470600	0.102692
272.470700	0.214996
272.470800	0.437012
272.470900	0.850220
272.471000	1.359711
272.471100	1.613770
272.471200	1.723785
272.471300	1.706085
272.471400	1.205597
272.471500	0.333862
272.471600	-0.630951
272.471700	-1.175385
272.471800	-1.590729
272.471900	-1.659241
272.472000	-1.667480
272.472100	-1.297607
272.472200	-0.791473
272.472300	-0.397186
272.472400	-0.161438
272.472500	-0.028687
272.472600	0.049133
272.472700	0.091095
272.472800	0.105286
272.472900	0.106201
272.473000	0.099182
272.473100	0.087280
272.473200	0.082092
272.473300	0.075684
272.473400	0.062256
272.473500	0.051575
272.473600	0.047760
272.473700	0.048676
272.473800	0.051575
272.473900	0.058594
272.474000	0.073547
272.474100	0.085144
272.474200	0.102539
272.474300	0.104675
272.474400	0.109406
272.474500	0.157013
272.474600	0.302124
272.474700	0.566559
272.474800	0.907135
272.474900	1.181030
272.475000	1.289215
272.475100	1.230011
272.475200	0.976257
272.475300	0.530548
272.475400	-0.000153
272.475500	-0.529327
272.475600	-0.943451
272.475700	-1.177521
272.475800	-1.196289
272.475900	-1.193848
272.476000	-0.841675
272.476100	-0.514221
272.476200	-0.229797
272.476300	-0.050507
272.476400	0.030975
272.476500	0.066528
272.476600	0.076294
272.476700	0.085144
272.476800	0.103455
272.476900	0.118103
272.477000	0.128784
272.477100	0.127106
272.477200	0.112762
272.477300	0.103302
272.477400	0.091553
272.477500	0.074768
272.477600	0.071259
272.477700	0.076447
272.477800	0.066833
272.477900	0.064697
272.478000	0.068512
272.478100	0.072327
272.478200	0.070343
272.478300	0.065155
272.478400	0.057373
272.478500	0.080872
272.478600	0.180664
272.478700	0.384674
272.478800	0.755768
272.478900	1.077423
272.479000	1.169281
272.479100	1.234283
272.479200	1.271515
272.479300	1.173248
272.479400	1.168671
272.479500	1.038513
272.479600	0.857391
272.479700	0.903015
272.479800	0.767975
272.479900	0.469513
272.480000	0.539551
272.480100	0.520020
272.480200	0.287476
272.480300	0.237274
272.480400	0.176544
272.480500	-0.346985
272.480600	-0.978699
272.480700	-1.655121
272.480800	-2.221832
272.480900	-2.345886
272.481000	-2.201843
272.481100	-2.043915
272.481200	-1.785278
272.481300	-1.239014
272.481400	-0.614319
272.481500	-0.214539
272.481600	0.008698
272.481700	0.093994
272.481800	0.125427
272.481900	0.125885
272.482000	0.117187
272.482100	0.109558
272.482200	0.103302
272.482300	0.100098
272.482400	0.093842
272.482500	0.099335
272.482600	0.100403
272.482700	0.109253
272.482800	0.110931
272.482900	0.112610
272.483000	0.117340
272.483100	0.112457
272.483200	0.118256
272.483300	0.118561
272.483400	0.115356
272.483500	0.115967
272.483600	0.129395
272.483700	0.138855
272.483800	0.167236
272.483900	0.249634
272.484000	0.416870
272.484100	0.622406
272.484200	0.763245
272.484300	0.782928
272.484400	0.683594
272.484500	0.479736
272.484600	0.215454
272.484700	-0.066833
272.484800	-0.338745
272.484900	-0.546570
272.485000	-0.647430
272.485100	-0.623932
272.485200	-0.471954
272.485300	-0.267181
272.485400	-0.110168
272.485500	-0.002441
272.485600	0.056458
272.485700	0.072327
272.485800	0.065918
272.485900	0.054169
272.486000	0.048523
272.486100	0.054169
272.486200	0.066986
272.486300	0.080566
272.486400	0.102081
