300.388100	0.051575
300.388200	0.051270
300.388300	0.048828
300.388400	0.049896
300.388500	0.046997
300.388600	0.047760
300.388700	0.046539
300.388800	0.048828
300.388900	0.050964
300.389000	0.050964
300.389100	0.046844
300.389200	0.054321
300.389300	0.052643
300.389400	0.057068
300.389500	0.051575
300.389600	0.052795
300.389700	0.051270
300.389800	0.056152
300.389900	0.049744
300.390000	0.051880
300.390100	0.050201
300.390200	0.052490
300.390300	0.051270
300.390400	0.058899
300.390500	0.052948
300.390600	0.053253
300.390700	0.052643
300.390800	0.048828
300.390900	0.049744
300.391000	0.051880
300.391100	0.051422
300.391200	0.050201
300.391300	0.048676
300.391400	0.048981
300.391500	0.053406
300.391600	0.047455
300.391700	0.050964
300.391800	0.056610
300.391900	0.054169
300.392000	0.051270
300.392100	0.054474
300.392200	0.051727
300.392300	0.052643
300.392400	0.052643
300.392500	0.053406
300.392600	0.053558
300.392700	0.052185
300.392800	0.056458
300.392900	0.051575
300.393000	0.047760
300.393100	0.049286
300.393200	0.047607
300.393300	0.046387
300.393400	0.049133
300.393500	0.049896
300.393600	0.046692
300.393700	0.046387
300.393800	0.049438
300.393900	0.047760
300.394000	0.048676
300.394100	0.052643
300.394200	0.056152
300.394300	0.049286
300.394400	0.048828
300.394500	0.048828
300.394600	0.051117
300.394700	0.055237
300.394800	0.055237
300.394900	0.053558
300.395000	0.052490
300.395100	0.050507
300.395200	0.049133
300.395300	0.054169
300.395400	0.051422
300.395500	0.048218
300.395600	0.052185
300.395700	0.051727
300.395800	0.050659
300.395900	0.049286
300.396000	0.051117
300.396100	0.052032
300.396200	0.045776
300.396300	0.045776
300.396400	0.050964
300.396500	0.049133
300.396600	0.053558
300.396700	0.051117
300.396800	0.050354
300.396900	0.049744
300.397000	0.051117
300.397100	0.049896
300.397200	0.050812
300.397300	0.048981
300.397400	0.049133
300.397500	0.051422
300.397600	0.051880
300.397700	0.050659
300.397800	0.049591
300.397900	0.054474
300.398000	0.053101
300.398100	0.054626
300.398200	0.051727
300.398300	0.056610
300.398400	0.053711
300.398500	0.056152
300.398600	0.053711
300.398700	0.053864
300.398800	0.053864
300.398900	0.053253
300.399000	0.050507
300.399100	0.053101
300.399200	0.051270
300.399300	0.047760
300.399400	0.052185
300.399500	0.050049
300.399600	0.053406
300.399700	0.047607
300.399800	0.051880
300.399900	0.052032
300.400000	0.051727
300.400100	0.049744
300.400200	0.051117
300.400300	0.054169
300.400400	0.051270
300.400500	0.049438
300.400600	0.050812
300.400700	0.055237
300.400800	0.052185
300.400900	0.055542
300.401000	0.053406
300.401100	0.054321
300.401200	0.053253
300.401300	0.053864
300.401400	0.058746
300.401500	0.053864
300.401600	0.055695
300.401700	0.051727
300.401800	0.048981
300.401900	0.054779
300.402000	0.049591
300.402100	0.047607
300.402200	0.048981
300.402300	0.051575
300.402400	0.048218
300.402500	0.046997
300.402600	0.052338
300.402700	0.051117
300.402800	0.047913
300.402900	0.050201
300.403000	0.054169
300.403100	0.050354
300.403200	0.049286
300.403300	0.046539
300.403400	0.052338
300.403500	0.050049
300.403600	0.055084
300.403700	0.050659
300.403800	0.046082
300.403900	0.047913
300.404000	0.049133
300.404100	0.051880
300.404200	0.050659
300.404300	0.048218
300.404400	0.048370
300.404500	0.049438
300.404600	0.048370
300.404700	0.052948
300.404800	0.048981
300.404900	0.050201
300.405000	0.046997
300.405100	0.048828
300.405200	0.050964
300.405300	0.046387
300.405400	0.046082
300.405500	0.045624
300.405600	0.045013
300.405700	0.054321
300.405800	0.054626
300.405900	0.047913
300.406000	0.046997
300.406100	0.049438
300.406200	0.047913
300.406300	0.052643
300.406400	0.043793
300.406500	0.049438
300.406600	0.048981
300.406700	0.057220
300.406800	0.056000
300.406900	0.054779
300.407000	0.052032
300.407100	0.051575
300.407200	0.052643
300.407300	0.047607
300.407400	0.047607
300.407500	0.051727
300.407600	0.051117
300.407700	0.049896
300.407800	0.049744
300.407900	0.045166
300.408000	0.044708
300.408100	0.048828
300.408200	0.049286
300.408300	0.056915
300.408400	0.052643
300.408500	0.050964
300.408600	0.048828
300.408700	0.047760
300.408800	0.050812
300.408900	0.052490
300.409000	0.046844
300.409100	0.046234
300.409200	0.054016
300.409300	0.056152
300.409400	0.053406
300.409500	0.051422
300.409600	0.050812
300.409700	0.054779
300.409800	0.051270
300.409900	0.048370
300.410000	0.053101
300.410100	0.056458
300.410200	0.048065
300.410300	0.049286
300.410400	0.054016
300.410500	0.055847
300.410600	0.054321
300.410700	0.049133
300.410800	0.052795
300.410900	0.052185
300.411000	0.052032
300.411100	0.051880
300.411200	0.047913
300.411300	0.046539
300.411400	0.048065
300.411500	0.050201
300.411600	0.049133
300.411700	0.052338
300.411800	0.050659
300.411900	0.049286
300.412000	0.046997
300.412100	0.047913
300.412200	0.044708
300.412300	0.046539
300.412400	0.051270
300.412500	0.055389
300.412600	0.052490
300.412700	0.051880
300.412800	0.043945
300.412900	0.048676
300.413000	0.054016
300.413100	0.053101
300.413200	0.053406
300.413300	0.052948
300.413400	0.046692
300.413500	0.046997
300.413600	0.051880
300.413700	0.048981
300.413800	0.049896
300.413900	0.050507
300.414000	0.053101
300.414100	0.048370
300.414200	0.047913
300.414300	0.045166
300.414400	0.052338
300.414500	0.054932
300.414600	0.054169
300.414700	0.047302
300.414800	0.052338
300.414900	0.052490
300.415000	0.048828
300.415100	0.054779
300.415200	0.056763
300.415300	0.052795
300.415400	0.049133
300.415500	0.054169
300.415600	0.052185
300.415700	0.049591
300.415800	0.052643
300.415900	0.047913
300.416000	0.048981
300.416100	0.052185
300.416200	0.049896
300.416300	0.054169
300.416400	0.053101
300.416500	0.055237
300.416600	0.056000
300.416700	0.054932
300.416800	0.057526
300.416900	0.052032
300.417000	0.050201
300.417100	0.048828
300.417200	0.052795
300.417300	0.059204
300.417400	0.058136
300.417500	0.055237
300.417600	0.056152
300.417700	0.048676
300.417800	0.055542
300.417900	0.053406
300.418000	0.058899
300.418100	0.054474
300.418200	0.054626
300.418300	0.048828
300.418400	0.049591
300.418500	0.052948
300.418600	0.053864
300.418700	0.051727
300.418800	0.058899
300.418900	0.057526
300.419000	0.054321
300.419100	0.056915
300.419200	0.057526
300.419300	0.061188
300.419400	0.059204
300.419500	0.054626
300.419600	0.054321
300.419700	0.058594
300.419800	0.060883
300.419900	0.065155
300.420000	0.052032
300.420100	0.053711
300.420200	0.054932
300.420300	0.051727
300.420400	0.055237
300.420500	0.053558
300.420600	0.050812
300.420700	0.056763
300.420800	0.056763
300.420900	0.053558
300.421000	0.054169
300.421100	0.055389
300.421200	0.057831
300.421300	0.050049
300.421400	0.050201
300.421500	0.055542
300.421600	0.052490
300.421700	0.053406
300.421800	0.052948
300.421900	0.051880
300.422000	0.058289
300.422100	0.063477
300.422200	0.056152
300.422300	0.056763
300.422400	0.055847
300.422500	0.056763
300.422600	0.056458
300.422700	0.055542
300.422800	0.056763
300.422900	0.063477
300.423000	0.056763
300.423100	0.051727
300.423200	0.053864
300.423300	0.058746
300.423400	0.052948
300.423500	0.052490
300.423600	0.054474
300.423700	0.051422
300.423800	0.050201
300.423900	0.058289
300.424000	0.048676
300.424100	0.053711
300.424200	0.053253
300.424300	0.052490
300.424400	0.050507
300.424500	0.050201
300.424600	0.051422
300.424700	0.050507
300.424800	0.051270
300.424900	0.050964
300.425000	0.051270
300.425100	0.055237
300.425200	0.057068
300.425300	0.054779
300.425400	0.056458
300.425500	0.056458
300.425600	0.056610
300.425700	0.059814
300.425800	0.055847
300.425900	0.050964
300.426000	0.050964
300.426100	0.052490
300.426200	0.050201
300.426300	0.054932
300.426400	0.050201
300.426500	0.055389
300.426600	0.051880
300.426700	0.053101
300.426800	0.050812
300.426900	0.047455
300.427000	0.051880
300.427100	0.050049
300.427200	0.053711
300.427300	0.052795
300.427400	0.052032
300.427500	0.048065
300.427600	0.052185
300.427700	0.052948
300.427800	0.050659
300.427900	0.050964
300.428000	0.053864
300.428100	0.058899
300.428200	0.055084
300.428300	0.053253
300.428400	0.054169
300.428500	0.056915
300.428600	0.056305
300.428700	0.051270
300.428800	0.046692
300.428900	0.054932
300.429000	0.056305
300.429100	0.052032
300.429200	0.051117
300.429300	0.055237
300.429400	0.052338
300.429500	0.048523
300.429600	0.049133
300.429700	0.060120
300.429800	0.050354
300.429900	0.053253
300.430000	0.049744
300.430100	0.048981
300.430200	0.049591
300.430300	0.049438
300.430400	0.049896
300.430500	0.055389
300.430600	0.051727
300.430700	0.051575
300.430800	0.053253
300.430900	0.053711
300.431000	0.054932
300.431100	0.056000
300.431200	0.052795
300.431300	0.052795
300.431400	0.055084
300.431500	0.050507
300.431600	0.055542
300.431700	0.052338
300.431800	0.053711
300.431900	0.052185
300.432000	0.050507
300.432100	0.057373
300.432200	0.055237
300.432300	0.060425
300.432400	0.056458
300.432500	0.056152
300.432600	0.054779
300.432700	0.054474
300.432800	0.051575
300.432900	0.050659
300.433000	0.050201
300.433100	0.048676
300.433200	0.052795
300.433300	0.055542
300.433400	0.052795
300.433500	0.052643
300.433600	0.057220
300.433700	0.055695
300.433800	0.055389
300.433900	0.056763
300.434000	0.058441
300.434100	0.056458
300.434200	0.055695
300.434300	0.052795
300.434400	0.052185
300.434500	0.052185
300.434600	0.051270
300.434700	0.049744
300.434800	0.052032
300.434900	0.061035
300.435000	0.056458
300.435100	0.052338
300.435200	0.054474
300.435300	0.056000
300.435400	0.060577
300.435500	0.058594
300.435600	0.054932
300.435700	0.056610
300.435800	0.057831
300.435900	0.054626
300.436000	0.057678
300.436100	0.054474
300.436200	0.057983
300.436300	0.054779
300.436400	0.054779
300.436500	0.059662
300.436600	0.060425
300.436700	0.057526
300.436800	0.053864
300.436900	0.060425
300.437000	0.057373
300.437100	0.055847
300.437200	0.060577
300.437300	0.057831
300.437400	0.062256
300.437500	0.061951
300.437600	0.063477
300.437700	0.059357
300.437800	0.057678
300.437900	0.060883
300.438000	0.058594
300.438100	0.063934
300.438200	0.059967
300.438300	0.055695
300.438400	0.052643
300.438500	0.051270
300.438600	0.055695
300.438700	0.052032
300.438800	0.058746
300.438900	0.055695
300.439000	0.056152
300.439100	0.055084
300.439200	0.052338
300.439300	0.054474
300.439400	0.051880
300.439500	0.050354
300.439600	0.052490
300.439700	0.051422
300.439800	0.048065
300.439900	0.051575
300.440000	0.050964
300.440100	0.050354
300.440200	0.048523
300.440300	0.049744
300.440400	0.052643
300.440500	0.052338
300.440600	0.053406
300.440700	0.050507
300.440800	0.050659
300.440900	0.051727
300.441000	0.054932
300.441100	0.055695
300.441200	0.055389
300.441300	0.054779
300.441400	0.052948
300.441500	0.055084
300.441600	0.055389
