476.720900	0.089264
476.721000	0.089722
476.721100	0.088348
476.721200	0.093231
476.721300	0.092773
476.721400	0.093842
476.721500	0.090790
476.721600	0.094604
476.721700	0.088959
476.721800	0.090179
476.721900	0.089111
476.722000	0.087738
476.722100	0.089569
476.722200	0.093384
476.722300	0.091248
476.722400	0.091553
476.722500	0.092468
476.722600	0.089722
476.722700	0.084991
476.722800	0.076294
476.722900	0.081787
476.723000	0.077820
476.723100	0.080872
476.723200	0.073090
476.723300	0.075684
476.723400	0.075989
476.723500	0.078735
476.723600	0.078735
476.723700	0.081787
476.723800	0.083313
476.723900	0.084839
476.724000	0.088654
476.724100	0.095062
476.724200	0.093536
476.724300	0.093384
476.724400	0.084076
476.724500	0.077667
476.724600	0.067139
476.724700	0.077820
476.724800	0.087585
476.724900	0.108948
476.725000	0.179749
476.725100	0.324707
476.725200	0.521698
476.725300	0.634003
476.725400	0.619049
476.725500	0.491943
476.725600	0.290833
476.725700	0.058136
476.725800	-0.173035
476.725900	-0.351868
476.726000	-0.450439
476.726100	-0.457611
476.726200	-0.371704
476.726300	-0.208435
476.726400	-0.064697
476.726500	0.016479
476.726600	0.052643
476.726700	0.069427
476.726800	0.077667
476.726900	0.083160
476.727000	0.085144
476.727100	0.083313
476.727200	0.081329
476.727300	0.086060
476.727400	0.086975
476.727500	0.088959
476.727600	0.089417
476.727700	0.090179
476.727800	0.098724
476.727900	0.110168
476.728000	0.111084
476.728100	0.122070
476.728200	0.115662
476.728300	0.102234
476.728400	0.084229
476.728500	0.068359
476.728600	0.051270
476.728700	0.043640
476.728800	0.044708
476.728900	0.047607
476.729000	0.059662
476.729100	0.092010
476.729200	0.151062
476.729300	0.242157
476.729400	0.320587
476.729500	0.364227
476.729600	0.389252
476.729700	0.325317
476.729800	0.145874
476.729900	-0.077667
476.730000	-0.211029
476.730100	-0.244141
476.730200	-0.248260
476.730300	-0.182343
476.730400	-0.067596
476.730500	0.017090
476.730600	0.074005
476.730700	0.143433
476.730800	0.286102
476.730900	0.505371
476.731000	0.695496
476.731100	0.792236
476.731200	0.752258
476.731300	0.535278
476.731400	0.172272
476.731500	-0.236511
476.731600	-0.553131
476.731700	-0.702209
476.731800	-0.711670
476.731900	-0.567932
476.732000	-0.314941
476.732100	-0.098724
476.732200	0.039673
476.732300	0.102234
476.732400	0.124512
476.732500	0.126953
476.732600	0.116882
476.732700	0.101166
476.732800	0.076904
476.732900	0.059204
476.733000	0.048981
476.733100	0.044250
476.733200	0.065308
476.733300	0.149231
476.733400	0.339508
476.733500	0.715332
476.733600	1.079712
476.733700	1.205750
476.733800	1.308746
476.733900	1.204834
476.734000	0.609283
476.734100	-0.224915
476.734200	-0.933990
476.734300	-1.175079
476.734400	-1.186523
476.734500	-1.142273
476.734600	-0.861511
476.734700	-0.406342
476.734800	-0.117798
476.734900	0.028076
476.735000	0.080566
476.735100	0.091705
476.735200	0.105591
476.735300	0.109558
476.735400	0.134888
476.735500	0.225372
476.735600	0.493317
476.735700	0.999603
476.735800	1.580200
476.735900	1.763763
476.736000	1.802673
476.736100	1.522980
476.736200	0.663452
476.736300	-0.390930
476.736400	-1.164551
476.736500	-1.638031
476.736600	-1.665649
476.736700	-1.596680
476.736800	-1.210327
476.736900	-0.624390
476.737000	-0.248413
476.737100	-0.074615
476.737200	0.001678
476.737300	0.045776
476.737400	0.080261
476.737500	0.095978
476.737600	0.100098
476.737700	0.104065
476.737800	0.105133
476.737900	0.116425
476.738000	0.157013
476.738100	0.216370
476.738200	0.261383
476.738300	0.268860
476.738400	0.244141
476.738500	0.194244
476.738600	0.129852
476.738700	0.065308
476.738800	0.005798
476.738900	-0.038910
476.739000	-0.048523
476.739100	-0.023956
476.739200	0.016937
476.739300	0.057068
476.739400	0.082703
476.739500	0.095215
476.739600	0.095673
476.739700	0.091095
476.739800	0.082550
476.739900	0.086212
476.740000	0.089417
476.740100	0.091400
476.740200	0.094604
476.740300	0.096741
476.740400	0.092316
476.740500	0.099182
476.740600	0.101318
476.740700	0.101471
476.740800	0.099335
476.740900	0.092926
476.741000	0.092010
476.741100	0.094757
476.741200	0.092926
476.741300	0.090027
476.741400	0.089874
476.741500	0.090637
476.741600	0.092773
476.741700	0.096893
476.741800	0.092163
476.741900	0.097198
476.742000	0.091705
476.742100	0.091858
476.742200	0.093079
476.742300	0.104980
476.742400	0.121918
476.742500	0.152435
476.742600	0.167999
476.742700	0.179901
476.742800	0.182190
476.742900	0.139008
476.743000	0.076752
476.743100	0.012970
476.743200	-0.016174
476.743300	-0.013733
476.743400	-0.007019
476.743500	0.024261
476.743600	0.060272
476.743700	0.087128
476.743800	0.091553
476.743900	0.090637
476.744000	0.083160
476.744100	0.077972
476.744200	0.080414
476.744300	0.092621
476.744400	0.101013
476.744500	0.112305
476.744600	0.117950
476.744700	0.123749
476.744800	0.118408
476.744900	0.097961
476.745000	0.083618
476.745100	0.079803
476.745200	0.065918
476.745300	0.058899
476.745400	0.061188
476.745500	0.061951
476.745600	0.062714
476.745700	0.071564
476.745800	0.065918
476.745900	0.068970
476.746000	0.071106
476.746100	0.080261
476.746200	0.112762
476.746300	0.142365
476.746400	0.153961
476.746500	0.151520
476.746600	0.127716
476.746700	0.081482
476.746800	0.039673
476.746900	0.014954
476.747000	0.020599
476.747100	0.035095
476.747200	0.056763
476.747300	0.086365
476.747400	0.082550
476.747500	0.088654
476.747600	0.085449
476.747700	0.087585
476.747800	0.081177
476.747900	0.083923
476.748000	0.083466
476.748100	0.079346
476.748200	0.087280
476.748300	0.085449
476.748400	0.087891
476.748500	0.090027
476.748600	0.089417
476.748700	0.090027
476.748800	0.088806
476.748900	0.088501
476.749000	0.083923
476.749100	0.076904
476.749200	0.083618
476.749300	0.078735
476.749400	0.083008
476.749500	0.085602
476.749600	0.092010
476.749700	0.086823
476.749800	0.088806
476.749900	0.089111
476.750000	0.090027
476.750100	0.091248
476.750200	0.090179
476.750300	0.094452
476.750400	0.092010
476.750500	0.095367
476.750600	0.101929
476.750700	0.104218
476.750800	0.108948
476.750900	0.112762
476.751000	0.104218
476.751100	0.103302
476.751200	0.090942
476.751300	0.081329
476.751400	0.075073
476.751500	0.073090
476.751600	0.076447
476.751700	0.073090
476.751800	0.078888
476.751900	0.071259
476.752000	0.073090
476.752100	0.074463
476.752200	0.080109
476.752300	0.073242
476.752400	0.075226
476.752500	0.075684
476.752600	0.084839
476.752700	0.080414
476.752800	0.076599
476.752900	0.064545
476.753000	0.067139
476.753100	0.065765
476.753200	0.070190
476.753300	0.078125
476.753400	0.088043
476.753500	0.105133
476.753600	0.112610
476.753700	0.122528
476.753800	0.123596
476.753900	0.123444
476.754000	0.128479
476.754100	0.157471
476.754200	0.190125
476.754300	0.188599
476.754400	0.133820
476.754500	0.058289
476.754600	-0.017548
476.754700	-0.083466
476.754800	-0.128021
476.754900	-0.140228
476.755000	-0.092926
476.755100	-0.018921
476.755200	0.039673
476.755300	0.066376
476.755400	0.068512
476.755500	0.074005
476.755600	0.081482
476.755700	0.081024
476.755800	0.088043
476.755900	0.087433
476.756000	0.089417
476.756100	0.084381
476.756200	0.081024
476.756300	0.082245
476.756400	0.087280
476.756500	0.102539
476.756600	0.135803
476.756700	0.205231
476.756800	0.283813
476.756900	0.326538
476.757000	0.305328
476.757100	0.223389
476.757200	0.105133
476.757300	-0.036774
476.757400	-0.137329
476.757500	-0.189667
476.757600	-0.169678
476.757700	-0.100250
476.757800	-0.018311
476.757900	0.034790
476.758000	0.065155
476.758100	0.069427
476.758200	0.075684
476.758300	0.082092
476.758400	0.082397
476.758500	0.082397
476.758600	0.090637
476.758700	0.104523
476.758800	0.107880
476.758900	0.108032
476.759000	0.102997
476.759100	0.095978
476.759200	0.100250
476.759300	0.093079
476.759400	0.090790
476.759500	0.089264
476.759600	0.090027
476.759700	0.104523
476.759800	0.099792
476.759900	0.104218
476.760000	0.097198
476.760100	0.087128
476.760200	0.079651
476.760300	0.069733
476.760400	0.055389
476.760500	0.051270
476.760600	0.042419
476.760700	0.049133
476.760800	0.056458
476.760900	0.065918
476.761000	0.089111
476.761100	0.121002
476.761200	0.160675
476.761300	0.177307
476.761400	0.175934
476.761500	0.153046
476.761600	0.154419
476.761700	0.221558
476.761800	0.423279
476.761900	0.658569
476.762000	0.829468
476.762100	0.896149
476.762200	0.857391
476.762300	0.770874
476.762400	0.657959
476.762500	0.503235
476.762600	0.359192
476.762700	0.219269
476.762800	0.015106
476.762900	-0.234375
476.763000	-0.486908
476.763100	-0.681763
476.763200	-0.814514
476.763300	-0.910339
476.763400	-0.888824
476.763500	-0.779114
476.763600	-0.655212
476.763700	-0.543671
476.763800	-0.381012
476.763900	-0.190430
476.764000	-0.035858
476.764100	0.048065
476.764200	0.081482
476.764300	0.101929
476.764400	0.105591
476.764500	0.101929
476.764600	0.097809
476.764700	0.103302
476.764800	0.104980
476.764900	0.103760
476.765000	0.102844
476.765100	0.102997
476.765200	0.099030
476.765300	0.100708
476.765400	0.104218
476.765500	0.106506
476.765600	0.108337
476.765700	0.110016
476.765800	0.103149
476.765900	0.099640
476.766000	0.098267
476.766100	0.095673
476.766200	0.104065
476.766300	0.108185
476.766400	0.117340
476.766500	0.181580
476.766600	0.368042
476.766700	0.715637
476.766800	1.066132
476.766900	1.212769
476.767000	1.122131
476.767100	0.711212
476.767200	0.090790
476.767300	-0.563202
476.767400	-0.920258
476.767500	-0.852814
476.767600	-0.361938
476.767700	0.301056
476.767800	0.825195
476.767900	1.009216
476.768000	0.820160
476.768100	0.357056
476.768200	-0.190582
476.768300	-0.707397
476.768400	-1.010590
476.768500	-1.098328
476.768600	-0.992126
476.768700	-0.706787
476.768800	-0.352631
476.768900	-0.103607
476.769000	0.031281
476.769100	0.079651
476.769200	0.102844
476.769300	0.105133
476.769400	0.112152
476.769500	0.113678
476.769600	0.119171
476.769700	0.114288
476.769800	0.110016
476.769900	0.118103
476.770000	0.122375
476.770100	0.119171
476.770200	0.122223
476.770300	0.112305
476.770400	0.098267
476.770500	0.084991
476.770600	0.074921
476.770700	0.068970
476.770800	0.072021
476.770900	0.074615
476.771000	0.077972
476.771100	0.082855
476.771200	0.088501
476.771300	0.093079
476.771400	0.095978
476.771500	0.101013
476.771600	0.118256
476.771700	0.151367
476.771800	0.170441
476.771900	0.175018
476.772000	0.170288
476.772100	0.139618
476.772200	0.102997
476.772300	0.057373
476.772400	0.033875
476.772500	0.035400
476.772600	0.035553
476.772700	0.058746
476.772800	0.087891
476.772900	0.107727
476.773000	0.113831
476.773100	0.108032
476.773200	0.101318
476.773300	0.090485
476.773400	0.082855
476.773500	0.085449
476.773600	0.089569
476.773700	0.089264
476.773800	0.095062
476.773900	0.095978
476.774000	0.099792
476.774100	0.111694
476.774200	0.107117
476.774300	0.099792
476.774400	0.090027
