595.453700	0.013580
595.453800	0.017395
595.453900	0.017548
595.454000	0.015869
595.454100	0.012207
595.454200	0.013123
595.454300	0.011749
595.454400	0.011444
595.454500	0.008392
595.454600	0.010223
595.454700	0.007935
595.454800	0.012665
595.454900	0.010681
595.455000	0.008850
595.455100	0.010986
595.455200	0.007324
595.455300	0.006104
595.455400	0.012207
595.455500	0.015106
595.455600	0.009155
595.455700	0.010681
595.455800	0.009766
595.455900	0.012360
595.456000	0.016479
595.456100	0.011902
595.456200	0.010223
595.456300	0.012207
595.456400	0.009918
595.456500	0.008392
595.456600	0.009460
595.456700	0.006866
595.456800	0.009766
595.456900	0.011902
595.457000	0.012970
595.457100	0.012970
595.457200	0.008240
595.457300	0.009613
595.457400	0.009766
595.457500	0.005035
595.457600	0.007935
595.457700	0.009308
595.457800	0.008240
595.457900	0.010529
595.458000	0.007935
595.458100	0.013885
595.458200	0.010071
595.458300	0.008850
595.458400	0.012360
595.458500	0.005035
595.458600	0.011139
595.458700	0.018616
595.458800	0.012665
595.458900	0.009003
595.459000	0.010223
595.459100	0.012512
595.459200	0.012970
595.459300	0.005798
595.459400	0.007019
595.459500	0.007629
595.459600	0.006714
595.459700	0.005188
595.459800	0.007324
595.459900	0.009003
595.460000	0.009918
595.460100	0.006866
595.460200	0.013275
595.460300	0.009003
595.460400	0.009155
595.460500	0.010986
595.460600	0.005188
595.460700	0.012817
595.460800	0.015106
595.460900	0.012970
595.461000	0.010529
595.461100	0.012360
595.461200	0.008545
595.461300	0.014496
595.461400	0.009613
595.461500	0.008392
595.461600	0.015259
595.461700	0.015411
595.461800	0.010376
595.461900	0.014038
595.462000	0.011597
595.462100	0.006561
595.462200	0.009155
595.462300	0.008240
595.462400	0.005341
595.462500	0.002289
595.462600	0.007782
595.462700	0.009766
595.462800	0.008087
595.462900	0.006409
595.463000	0.007324
595.463100	0.010071
595.463200	0.012970
595.463300	0.008698
595.463400	0.007935
595.463500	0.009918
595.463600	0.009766
595.463700	0.008698
595.463800	0.005798
595.463900	0.004730
595.464000	0.006104
595.464100	0.013580
595.464200	0.009155
595.464300	0.009155
595.464400	0.008392
595.464500	0.007172
595.464600	0.006866
595.464700	0.009308
595.464800	0.004730
595.464900	0.009766
595.465000	0.010834
595.465100	0.009155
595.465200	0.009308
595.465300	0.010071
595.465400	0.010834
595.465500	0.012512
595.465600	0.011749
595.465700	0.009918
595.465800	0.008698
595.465900	0.013428
595.466000	0.015106
595.466100	0.013885
595.466200	0.014954
595.466300	0.012054
595.466400	0.009460
595.466500	0.009003
595.466600	0.010071
595.466700	0.015869
595.466800	0.010986
595.466900	0.011902
595.467000	0.009613
595.467100	0.006866
595.467200	0.010529
595.467300	0.008087
595.467400	0.006866
595.467500	0.012817
595.467600	0.010529
595.467700	0.009003
595.467800	0.012970
595.467900	0.014801
595.468000	0.013580
595.468100	0.009003
595.468200	0.010071
595.468300	0.012054
595.468400	0.007629
595.468500	0.006866
595.468600	0.008087
595.468700	0.008545
595.468800	0.009460
595.468900	0.013428
595.469000	0.008392
595.469100	0.012360
595.469200	0.010071
595.469300	0.011749
595.469400	0.010529
595.469500	0.010376
595.469600	0.010376
595.469700	0.009460
595.469800	0.004425
595.469900	0.008240
595.470000	0.010681
595.470100	0.012360
595.470200	0.007935
595.470300	0.005341
595.470400	0.009918
595.470500	0.011749
595.470600	0.004883
595.470700	0.010376
595.470800	0.012665
595.470900	0.011444
595.471000	0.009308
595.471100	0.009918
595.471200	0.008850
595.471300	0.010986
595.471400	0.012207
595.471500	0.009613
595.471600	0.009613
595.471700	0.010071
595.471800	0.010529
595.471900	0.006866
595.472000	0.008392
595.472100	0.011749
595.472200	0.010223
595.472300	0.011902
595.472400	0.010223
595.472500	0.010529
595.472600	0.010376
595.472700	0.011139
595.472800	0.011292
595.472900	0.012817
595.473000	0.012054
595.473100	0.013580
595.473200	0.007477
595.473300	0.013123
595.473400	0.013733
595.473500	0.010986
595.473600	0.009003
595.473700	0.010071
595.473800	0.008392
595.473900	0.008392
595.474000	0.010681
595.474100	0.013275
595.474200	0.006561
595.474300	0.006104
595.474400	0.010681
595.474500	0.007935
595.474600	0.009613
595.474700	0.007782
595.474800	0.008087
595.474900	0.008392
595.475000	0.004578
595.475100	0.010681
595.475200	0.010681
595.475300	0.012360
595.475400	0.016479
595.475500	0.010223
595.475600	0.011444
595.475700	0.015259
595.475800	0.016479
595.475900	0.009308
595.476000	0.006866
595.476100	0.010529
595.476200	0.015869
595.476300	0.011749
595.476400	0.007019
595.476500	0.015106
595.476600	0.017548
595.476700	0.017090
595.476800	0.011749
595.476900	0.007782
595.477000	0.009918
595.477100	0.013733
595.477200	0.014191
595.477300	0.012360
595.477400	0.012207
595.477500	0.010681
595.477600	0.015259
595.477700	0.008545
595.477800	0.005951
595.477900	0.004272
595.478000	0.003662
595.478100	0.006409
595.478200	0.009918
595.478300	0.010376
595.478400	0.012817
595.478500	0.010986
595.478600	0.006409
595.478700	0.008392
595.478800	0.003967
595.478900	0.007935
595.479000	0.007172
595.479100	0.005798
595.479200	0.008240
595.479300	0.007172
595.479400	0.012360
595.479500	0.013580
595.479600	0.011902
595.479700	0.009766
595.479800	0.009460
595.479900	0.009460
595.480000	0.009613
595.480100	0.008240
595.480200	0.003357
595.480300	0.015259
595.480400	0.014801
595.480500	0.006714
595.480600	0.014343
595.480700	0.011597
595.480800	0.014191
595.480900	0.010376
595.481000	0.013123
595.481100	0.012970
595.481200	0.014343
595.481300	0.012207
595.481400	0.014648
595.481500	0.010223
595.481600	0.010834
595.481700	0.011902
595.481800	0.005493
595.481900	0.005341
595.482000	0.005341
595.482100	0.009003
595.482200	0.003967
595.482300	0.006256
595.482400	0.005951
595.482500	0.003510
595.482600	0.008087
595.482700	0.005341
595.482800	0.007935
595.482900	0.008392
595.483000	0.008850
595.483100	0.015411
595.483200	0.012207
595.483300	0.017395
595.483400	0.011749
595.483500	0.010071
595.483600	0.009918
595.483700	0.012512
595.483800	0.012512
595.483900	0.017548
595.484000	0.012054
595.484100	0.009918
595.484200	0.012054
595.484300	0.014496
595.484400	0.011597
595.484500	0.011749
595.484600	0.005951
595.484700	0.012512
595.484800	0.011139
595.484900	0.010834
595.485000	0.007935
595.485100	0.009766
595.485200	0.012360
595.485300	0.009918
595.485400	0.006409
595.485500	0.012512
595.485600	0.009918
595.485700	0.007629
595.485800	0.010986
595.485900	0.010071
595.486000	0.006714
595.486100	0.010529
595.486200	0.007172
595.486300	0.007629
595.486400	0.009766
595.486500	0.011597
595.486600	0.009460
595.486700	0.010681
595.486800	0.012360
595.486900	0.007935
595.487000	0.012665
595.487100	0.011139
595.487200	0.009460
595.487300	0.012360
595.487400	0.005951
595.487500	0.007172
595.487600	0.011902
595.487700	0.009766
595.487800	0.008240
595.487900	0.003052
595.488000	0.007782
595.488100	0.007172
595.488200	0.009918
595.488300	0.011597
595.488400	0.016174
595.488500	0.010223
595.488600	0.009613
595.488700	0.005951
595.488800	0.012665
595.488900	0.010376
595.489000	0.012054
595.489100	0.007629
595.489200	0.010376
595.489300	0.005646
595.489400	0.012360
595.489500	0.010681
595.489600	0.012207
595.489700	0.009308
595.489800	0.008850
595.489900	0.008850
595.490000	0.010071
595.490100	0.008850
595.490200	0.008392
595.490300	0.011292
595.490400	0.010529
595.490500	0.004425
595.490600	0.009003
595.490700	0.008850
595.490800	0.011597
595.490900	0.009766
595.491000	0.007935
595.491100	0.011902
595.491200	0.010834
595.491300	0.009613
595.491400	0.009460
595.491500	0.011749
595.491600	0.014038
595.491700	0.008087
595.491800	0.010376
595.491900	0.005951
595.492000	0.009613
595.492100	0.007477
595.492200	0.009308
595.492300	0.011292
595.492400	0.010223
595.492500	0.012817
595.492600	0.011444
595.492700	0.014038
595.492800	0.010071
595.492900	0.010834
595.493000	0.008392
595.493100	0.007324
595.493200	0.008850
595.493300	0.014191
595.493400	0.015717
595.493500	0.015106
595.493600	0.009766
595.493700	0.008545
595.493800	0.006104
595.493900	0.008240
595.494000	0.006409
595.494100	0.005188
595.494200	0.005798
595.494300	0.009155
595.494400	0.007629
595.494500	0.005646
595.494600	0.006256
595.494700	0.009155
595.494800	0.008240
595.494900	0.006256
595.495000	0.000153
595.495100	0.007782
595.495200	0.008698
595.495300	0.005646
595.495400	0.008545
595.495500	0.003357
595.495600	0.009460
595.495700	0.011902
595.495800	0.011444
595.495900	0.008240
595.496000	0.006256
595.496100	0.012054
595.496200	0.005798
595.496300	0.007324
595.496400	0.006409
595.496500	0.008240
595.496600	0.008087
595.496700	0.007629
595.496800	0.010986
595.496900	0.009460
595.497000	0.005951
595.497100	0.010986
595.497200	0.006561
595.497300	0.009460
595.497400	0.010986
595.497500	0.010834
595.497600	0.008240
595.497700	0.004272
595.497800	0.004272
595.497900	0.003967
595.498000	0.011902
595.498100	0.008850
595.498200	0.009460
595.498300	0.010223
595.498400	0.010681
595.498500	0.010681
595.498600	0.005798
595.498700	0.009003
595.498800	0.008545
595.498900	0.009308
595.499000	0.009308
595.499100	0.006561
595.499200	0.007172
595.499300	0.005035
595.499400	0.006714
595.499500	0.004425
595.499600	0.003967
595.499700	0.008698
595.499800	0.009766
595.499900	0.007324
595.500000	0.008240
595.500100	0.009003
595.500200	0.007935
595.500300	0.006714
595.500400	0.007172
595.500500	0.005951
595.500600	0.005341
595.500700	0.008087
595.500800	0.007019
595.500900	0.008240
595.501000	0.006714
595.501100	0.011902
595.501200	0.012665
595.501300	0.016479
595.501400	0.008087
595.501500	0.010529
595.501600	0.008698
595.501700	0.009308
595.501800	0.009155
595.501900	0.011902
595.502000	0.013885
595.502100	0.012512
595.502200	0.010529
595.502300	0.012970
595.502400	0.008392
595.502500	0.006866
595.502600	0.003967
595.502700	0.008392
595.502800	0.010071
595.502900	0.009003
595.503000	0.011444
595.503100	0.011902
595.503200	0.012970
595.503300	0.013733
595.503400	0.008392
595.503500	0.005951
595.503600	0.010223
595.503700	0.008698
595.503800	0.006866
595.503900	0.008087
595.504000	0.012817
595.504100	0.008240
595.504200	0.009766
595.504300	0.006714
595.504400	0.007935
595.504500	0.009003
595.504600	0.008545
595.504700	0.005493
595.504800	0.004578
595.504900	0.005646
595.505000	0.010529
595.505100	0.002441
595.505200	0.007935
595.505300	0.005035
595.505400	0.004272
595.505500	0.007324
595.505600	0.007324
595.505700	0.009003
595.505800	0.011597
595.505900	0.013733
595.506000	0.010834
595.506100	0.010681
595.506200	0.011139
595.506300	0.011902
595.506400	0.009308
595.506500	0.017548
595.506600	0.010529
595.506700	0.012817
595.506800	0.011902
595.506900	0.011749
595.507000	0.010071
595.507100	0.011444
595.507200	0.007019
