320.048900	-0.104370
320.049000	-0.095215
320.049100	-0.090942
320.049200	-0.079956
320.049300	-0.069427
320.049400	-0.064545
320.049500	-0.064087
320.049600	-0.058441
320.049700	-0.057831
320.049800	-0.051117
320.049900	-0.045776
320.050000	-0.043335
320.050100	-0.043182
320.050200	-0.040741
320.050300	-0.037994
320.050400	-0.036621
320.050500	-0.034790
320.050600	-0.031128
320.050700	-0.025482
320.050800	-0.017853
320.050900	-0.012817
320.051000	-0.009460
320.051100	-0.004883
320.051200	-0.000763
320.051300	-0.003052
320.051400	-0.002136
320.051500	-0.000763
320.051600	-0.005188
320.051700	-0.000458
320.051800	-0.005798
320.051900	-0.015411
320.052000	-0.020599
320.052100	-0.024872
320.052200	-0.028229
320.052300	-0.034485
320.052400	-0.038910
320.052500	-0.043945
320.052600	-0.049438
320.052700	-0.052185
320.052800	-0.058136
320.052900	-0.057373
320.053000	-0.060425
320.053100	-0.055237
320.053200	-0.056458
320.053300	-0.060577
320.053400	-0.056915
320.053500	-0.064240
320.053600	-0.062103
320.053700	-0.065308
320.053800	-0.060577
320.053900	-0.057983
320.054000	-0.057678
320.054100	-0.052185
320.054200	-0.051575
320.054300	-0.050659
320.054400	-0.046692
320.054500	-0.041504
320.054600	-0.038757
320.054700	-0.036621
320.054800	-0.034180
320.054900	-0.030670
320.055000	-0.030060
320.055100	-0.024872
320.055200	-0.019531
320.055300	-0.016632
320.055400	-0.016174
320.055500	-0.014648
320.055600	-0.011902
320.055700	-0.008698
320.055800	-0.009766
320.055900	-0.005798
320.056000	-0.007935
320.056100	-0.013733
320.056200	-0.015411
320.056300	-0.014648
320.056400	-0.014496
320.056500	-0.019531
320.056600	-0.017090
320.056700	-0.015411
320.056800	-0.014343
320.056900	-0.015411
320.057000	-0.018311
320.057100	-0.021057
320.057200	-0.016479
320.057300	-0.021973
320.057400	-0.025482
320.057500	-0.024872
320.057600	-0.023346
320.057700	-0.021362
320.057800	-0.023499
320.057900	-0.019836
320.058000	-0.023651
320.058100	-0.019836
320.058200	-0.017548
320.058300	-0.018616
320.058400	-0.017700
320.058500	-0.021973
320.058600	-0.016632
320.058700	-0.018311
320.058800	-0.017700
320.058900	-0.014496
320.059000	-0.019379
320.059100	-0.015717
320.059200	-0.018921
320.059300	-0.012970
320.059400	-0.021362
320.059500	-0.019073
320.059600	-0.020905
320.059700	-0.023499
320.059800	-0.019073
320.059900	-0.024567
320.060000	-0.021210
320.060100	-0.023499
320.060200	-0.023041
320.060300	-0.023804
320.060400	-0.021057
320.060500	-0.020752
320.060600	-0.021057
320.060700	-0.018616
320.060800	-0.018616
320.060900	-0.018616
320.061000	-0.019989
320.061100	-0.012054
320.061200	-0.014191
320.061300	-0.008850
320.061400	-0.012360
320.061500	-0.009766
320.061600	-0.009613
320.061700	-0.014801
320.061800	-0.008545
320.061900	-0.009003
320.062000	-0.008850
320.062100	-0.008545
320.062200	-0.005341
320.062300	-0.007019
320.062400	-0.012970
320.062500	-0.006409
320.062600	-0.006256
320.062700	-0.006714
320.062800	-0.008240
320.062900	-0.004730
320.063000	-0.003967
320.063100	-0.006409
320.063200	0.001984
320.063300	0.001831
320.063400	0.005646
320.063500	-0.000153
320.063600	0.004730
320.063700	0.004883
320.063800	-0.000610
320.063900	-0.003357
320.064000	-0.004272
320.064100	-0.001831
320.064200	-0.006714
320.064300	-0.013123
320.064400	-0.013428
320.064500	-0.017090
320.064600	-0.018616
320.064700	-0.012360
320.064800	-0.012665
320.064900	-0.016632
320.065000	-0.019531
320.065100	-0.014343
320.065200	-0.018311
320.065300	-0.015106
320.065400	-0.021667
320.065500	-0.021973
320.065600	-0.014954
320.065700	-0.016174
320.065800	-0.020599
320.065900	-0.017395
320.066000	-0.013428
320.066100	-0.012360
320.066200	-0.013580
320.066300	-0.011292
320.066400	-0.009460
320.066500	-0.003662
320.066600	-0.008698
320.066700	-0.005188
320.066800	-0.003204
320.066900	-0.000305
320.067000	0.002747
320.067100	0.003967
320.067200	0.010376
320.067300	0.014648
320.067400	0.014801
320.067500	0.014648
320.067600	0.015869
320.067700	0.016174
320.067800	0.018768
320.067900	0.015869
320.068000	0.015869
320.068100	0.007477
320.068200	0.002441
320.068300	-0.004578
320.068400	-0.007477
320.068500	-0.024567
320.068600	-0.040436
320.068700	-0.075073
320.068800	-0.125427
320.068900	-0.203247
320.069000	-0.304108
320.069100	-0.440063
320.069200	-0.616302
320.069300	-0.822906
320.069400	-1.077576
320.069500	-1.386566
320.069600	-1.755524
320.069700	-2.136078
320.069800	-2.518005
320.069900	-2.859497
320.070000	-3.129578
320.070100	-3.311005
320.070200	-3.409271
320.070300	-3.460388
320.070400	-3.478241
320.070500	-3.480835
320.070600	-3.453827
320.070700	-3.398895
320.070800	-3.283997
320.070900	-3.083954
320.071000	-2.769165
320.071100	-2.322235
320.071200	-1.764984
320.071300	-1.349487
320.071400	-0.493622
320.071500	0.147247
320.071600	0.802460
320.071700	1.444092
320.071800	2.075653
320.071900	2.680969
320.072000	3.221588
320.072100	3.663483
320.072200	3.971558
320.072300	4.160309
320.072400	4.245148
320.072500	4.248505
320.072600	4.197845
320.072700	4.124146
320.072800	4.021759
320.072900	3.884735
320.073000	3.691406
320.073100	3.432312
320.073200	3.076172
320.073300	2.656860
320.073400	2.193298
320.073500	1.746674
320.073600	1.343536
320.073700	0.986938
320.073800	0.696869
320.073900	0.454559
320.074000	0.275116
320.074100	0.130768
320.074200	0.024109
320.074300	-0.044556
320.074400	-0.096130
320.074500	-0.124512
320.074600	-0.137634
320.074700	-0.146179
320.074800	-0.149078
320.074900	-0.151825
320.075000	-0.151825
320.075100	-0.151978
320.075200	-0.149384
320.075300	-0.140381
320.075400	-0.142822
320.075500	-0.140228
320.075600	-0.146179
320.075700	-0.137329
320.075800	-0.133667
320.075900	-0.140686
320.076000	-0.134125
320.076100	-0.132904
320.076200	-0.130005
320.076300	-0.129852
320.076400	-0.128479
320.076500	-0.130615
320.076600	-0.123901
320.076700	-0.124359
320.076800	-0.122375
320.076900	-0.121002
320.077000	-0.115967
320.077100	-0.119934
320.077200	-0.119324
320.077300	-0.122681
320.077400	-0.115662
320.077500	-0.115662
320.077600	-0.117493
320.077700	-0.115356
320.077800	-0.109100
320.077900	-0.111237
320.078000	-0.113983
320.078100	-0.111694
320.078200	-0.110474
320.078300	-0.108643
320.078400	-0.112152
320.078500	-0.111237
320.078600	-0.112305
320.078700	-0.110321
320.078800	-0.107727
320.078900	-0.105896
320.079000	-0.105438
320.079100	-0.109863
320.079200	-0.102234
320.079300	-0.099640
320.079400	-0.101471
320.079500	-0.097809
320.079600	-0.093536
320.079700	-0.091553
320.079800	-0.089111
320.079900	-0.077820
320.080000	-0.072327
320.080100	-0.067291
320.080200	-0.064545
320.080300	-0.049438
320.080400	-0.046234
320.080500	-0.031738
320.080600	-0.030212
320.080700	-0.020447
320.080800	-0.019073
320.080900	-0.013428
320.081000	-0.014954
320.081100	-0.013580
320.081200	-0.007477
320.081300	-0.006561
320.081400	-0.010834
320.081500	-0.013733
320.081600	-0.014191
320.081700	-0.016327
320.081800	-0.016785
320.081900	-0.023193
320.082000	-0.029144
320.082100	-0.034485
320.082200	-0.037231
320.082300	-0.038605
320.082400	-0.046539
320.082500	-0.046234
320.082600	-0.048981
320.082700	-0.046997
320.082800	-0.048828
320.082900	-0.052643
320.083000	-0.050507
320.083100	-0.050812
320.083200	-0.050659
320.083300	-0.055084
320.083400	-0.053558
320.083500	-0.046082
320.083600	-0.054169
320.083700	-0.054016
320.083800	-0.058746
320.083900	-0.061188
320.084000	-0.064850
320.084100	-0.069122
320.084200	-0.075378
320.084300	-0.082550
320.084400	-0.079651
320.084500	-0.089722
320.084600	-0.088501
320.084700	-0.084534
320.084800	-0.088806
320.084900	-0.081940
320.085000	-0.086365
320.085100	-0.084381
320.085200	-0.080261
320.085300	-0.081329
320.085400	-0.080566
320.085500	-0.074921
320.085600	-0.065765
320.085700	-0.055847
320.085800	-0.051422
320.085900	-0.035095
320.086000	-0.035858
320.086100	-0.026550
320.086200	-0.021210
320.086300	-0.011902
320.086400	-0.006714
320.086500	-0.001984
320.086600	0.008392
320.086700	0.011139
320.086800	0.019836
320.086900	0.012970
320.087000	0.011597
320.087100	0.004272
320.087200	-0.005188
320.087300	-0.018921
320.087400	-0.041656
320.087500	-0.074921
320.087600	-0.112305
320.087700	-0.159607
320.087800	-0.223694
320.087900	-0.295258
320.088000	-0.379486
320.088100	-0.456390
320.088200	-0.556335
320.088300	-0.647583
320.088400	-0.737152
320.088500	-0.809784
320.088600	-0.863190
320.088700	-0.911560
320.088800	-0.943146
320.088900	-0.964355
320.089000	-0.980530
320.089100	-0.986786
320.089200	-0.978699
320.089300	-0.959930
320.089400	-0.912476
320.089500	-0.838165
320.089600	-0.735016
320.089700	-0.597534
320.089800	-0.449982
320.089900	-0.293579
320.090000	-0.138397
320.090100	0.019531
320.090200	0.177612
320.090300	0.336151
320.090400	0.495300
320.090500	0.655518
320.090600	0.805664
320.090700	0.942688
320.090800	1.052399
320.090900	1.136322
320.091000	1.186829
320.091100	1.209412
320.091200	1.214600
320.091300	1.214905
320.091400	1.192169
320.091500	1.158142
320.091600	1.114807
320.091700	1.051331
320.091800	0.967865
320.091900	0.858459
320.092000	0.730286
320.092100	0.588989
320.092200	0.451813
320.092300	0.320587
320.092400	0.210876
320.092500	0.123596
320.092600	0.045319
320.092700	-0.006866
320.092800	-0.046692
320.092900	-0.072632
320.093000	-0.093384
320.093100	-0.092773
320.093200	-0.096893
320.093300	-0.092621
320.093400	-0.081482
320.093500	-0.071564
320.093600	-0.058899
320.093700	-0.044403
320.093800	-0.027924
320.093900	-0.021515
320.094000	-0.007935
320.094100	0.000916
320.094200	0.017700
320.094300	0.019226
320.094400	0.027313
320.094500	0.036011
320.094600	0.036163
320.094700	0.039520
320.094800	0.039368
320.094900	0.044861
320.095000	0.045929
320.095100	0.044708
320.095200	0.051880
320.095300	0.046692
320.095400	0.045624
320.095500	0.046082
320.095600	0.048981
320.095700	0.046387
320.095800	0.045319
320.095900	0.037384
320.096000	0.034790
320.096100	0.030518
320.096200	0.018768
320.096300	0.008850
320.096400	0.000000
320.096500	-0.014954
320.096600	-0.025177
320.096700	-0.036163
320.096800	-0.047150
320.096900	-0.056305
320.097000	-0.064697
320.097100	-0.076904
320.097200	-0.081024
320.097300	-0.090027
320.097400	-0.099945
320.097500	-0.106201
320.097600	-0.101929
320.097700	-0.107117
320.097800	-0.109100
320.097900	-0.105896
320.098000	-0.102997
320.098100	-0.103149
320.098200	-0.098877
320.098300	-0.094299
320.098400	-0.086975
320.098500	-0.084839
320.098600	-0.079651
320.098700	-0.067139
320.098800	-0.061493
320.098900	-0.050201
320.099000	-0.037079
320.099100	-0.030518
320.099200	-0.019989
320.099300	-0.009766
320.099400	-0.000458
320.099500	0.009308
320.099600	0.021515
320.099700	0.024719
320.099800	0.026093
320.099900	0.026550
320.100000	0.028992
320.100100	0.031738
320.100200	0.032043
320.100300	0.029602
320.100400	0.028381
320.100500	0.028687
320.100600	0.025330
320.100700	0.022888
320.100800	0.014343
320.100900	0.010681
320.101000	0.010376
320.101100	0.003815
320.101200	0.001526
320.101300	-0.000610
320.101400	-0.003204
320.101500	-0.013428
320.101600	-0.009003
320.101700	-0.014343
320.101800	-0.019684
320.101900	-0.019989
320.102000	-0.024414
320.102100	-0.025635
320.102200	-0.018463
320.102300	-0.021057
320.102400	-0.021210
