20.528900	0.001526
20.529000	-0.000916
20.529100	0.003967
20.529200	0.000916
20.529300	0.000153
20.529400	0.003967
20.529500	0.002747
20.529600	-0.000305
20.529700	0.000000
20.529800	0.003967
20.529900	0.004578
20.530000	0.002594
20.530100	0.003357
20.530200	0.002441
20.530300	0.002136
20.530400	0.001068
20.530500	-0.000305
20.530600	0.002441
20.530700	0.002289
20.530800	0.001678
20.530900	0.002136
20.531000	0.003357
20.531100	-0.000610
20.531200	0.000610
20.531300	-0.001221
20.531400	0.000000
20.531500	0.001373
20.531600	0.001221
20.531700	0.000000
20.531800	0.001831
20.531900	0.003052
20.532000	0.001526
20.532100	0.002899
20.532200	0.006409
20.532300	0.007019
20.532400	-0.002441
20.532500	0.000153
20.532600	-0.001221
20.532700	0.001526
20.532800	0.002899
20.532900	0.000000
20.533000	0.000610
20.533100	0.001221
20.533200	0.002441
20.533300	0.004578
20.533400	0.004272
20.533500	0.000305
20.533600	-0.001373
20.533700	0.000000
20.533800	0.003357
20.533900	0.005798
20.534000	0.003815
20.534100	0.001831
20.534200	0.000153
20.534300	0.005188
20.534400	0.002136
20.534500	-0.003662
20.534600	0.000000
20.534700	0.004272
20.534800	0.001221
20.534900	-0.000610
20.535000	-0.001221
20.535100	-0.000153
20.535200	0.002289
20.535300	0.005035
20.535400	0.002594
20.535500	-0.000458
20.535600	-0.001984
20.535700	0.003510
20.535800	0.004730
20.535900	0.004272
20.536000	0.002136
20.536100	0.002289
20.536200	0.001678
20.536300	0.005341
20.536400	0.008698
20.536500	0.004272
20.536600	0.003967
20.536700	0.003052
20.536800	-0.001678
20.536900	0.001678
20.537000	0.007629
20.537100	0.005341
20.537200	0.000305
20.537300	-0.001221
20.537400	-0.001221
20.537500	-0.001831
20.537600	-0.000153
20.537700	0.001831
20.537800	0.002441
20.537900	0.000305
20.538000	0.003510
20.538100	0.004272
20.538200	-0.001221
20.538300	0.001221
20.538400	0.002289
20.538500	-0.000610
20.538600	0.000000
20.538700	0.004425
20.538800	0.002594
20.538900	0.003204
20.539000	-0.005341
20.539100	-0.001221
20.539200	0.002594
20.539300	0.000916
20.539400	0.003357
20.539500	0.001068
20.539600	-0.001068
20.539700	-0.002747
20.539800	-0.003510
20.539900	-0.003357
20.540000	-0.000763
20.540100	-0.002899
20.540200	-0.001373
20.540300	0.000000
20.540400	0.002441
20.540500	-0.000763
20.540600	-0.001526
20.540700	-0.005951
20.540800	-0.004272
20.540900	0.002899
20.541000	0.006409
20.541100	0.000305
20.541200	-0.000305
20.541300	0.003204
20.541400	0.005646
20.541500	0.003510
20.541600	0.003815
20.541700	0.002899
20.541800	0.003510
20.541900	0.002899
20.542000	-0.001373
20.542100	0.001221
20.542200	0.002747
20.542300	0.002594
20.542400	0.002899
20.542500	0.003204
20.542600	-0.002747
20.542700	0.001984
20.542800	0.002136
20.542900	0.000000
20.543000	0.003967
20.543100	0.002289
20.543200	-0.000916
20.543300	0.002136
20.543400	0.000000
20.543500	-0.000458
20.543600	0.001221
20.543700	0.003815
20.543800	-0.000153
20.543900	0.006866
20.544000	0.003662
20.544100	-0.001526
20.544200	0.002594
20.544300	0.006866
20.544400	0.004883
20.544500	0.006714
20.544600	0.002594
20.544700	0.001526
20.544800	-0.001373
20.544900	0.001221
20.545000	0.001831
20.545100	-0.000305
20.545200	-0.002136
20.545300	-0.001678
20.545400	-0.001221
20.545500	0.001831
20.545600	0.002441
20.545700	0.000763
20.545800	0.000763
20.545900	0.005646
20.546000	0.000763
20.546100	0.000916
20.546200	0.003357
20.546300	0.004730
20.546400	0.002289
20.546500	0.002136
20.546600	0.001678
20.546700	-0.000305
20.546800	0.004272
20.546900	0.001373
20.547000	0.004272
20.547100	0.003510
20.547200	0.003510
20.547300	0.001678
20.547400	0.000000
20.547500	-0.000610
20.547600	0.000916
20.547700	0.003967
20.547800	0.002441
20.547900	0.001068
20.548000	0.007172
20.548100	0.002899
20.548200	-0.000153
20.548300	-0.001831
20.548400	0.005493
20.548500	0.002899
20.548600	0.001984
20.548700	0.003815
20.548800	0.007324
20.548900	0.003357
20.549000	-0.001831
20.549100	-0.003052
20.549200	0.005188
20.549300	0.004120
20.549400	0.001068
20.549500	0.005646
20.549600	-0.000763
20.549700	0.001678
20.549800	0.001373
20.549900	0.002594
20.550000	0.001984
20.550100	0.002747
20.550200	-0.002899
20.550300	0.003510
20.550400	-0.002136
20.550500	0.001068
20.550600	-0.000610
20.550700	0.004425
20.550800	0.001984
20.550900	0.000763
20.551000	0.001221
20.551100	0.002899
20.551200	0.000000
20.551300	0.002594
20.551400	-0.002289
20.551500	-0.001678
20.551600	-0.001526
20.551700	0.003815
20.551800	0.001831
20.551900	0.001984
20.552000	-0.002136
20.552100	-0.000763
20.552200	0.002441
20.552300	-0.003510
20.552400	-0.000305
20.552500	0.005188
20.552600	0.002441
20.552700	0.002594
20.552800	0.002136
20.552900	-0.002594
20.553000	0.000610
20.553100	-0.003357
20.553200	-0.003357
20.553300	-0.001373
20.553400	-0.000305
20.553500	0.000000
20.553600	-0.003204
20.553700	-0.000153
20.553800	-0.000916
20.553900	0.001678
20.554000	0.002441
20.554100	0.002594
20.554200	0.001221
20.554300	-0.001831
20.554400	0.005035
20.554500	0.002441
20.554600	0.000610
20.554700	0.001221
20.554800	0.003052
20.554900	0.005646
20.555000	0.009003
20.555100	-0.000763
20.555200	-0.001526
20.555300	0.004730
20.555400	0.003357
20.555500	0.001526
20.555600	0.004272
20.555700	0.002136
20.555800	0.001221
20.555900	-0.004425
20.556000	0.004730
20.556100	0.003967
20.556200	0.004272
20.556300	0.001984
20.556400	-0.001526
20.556500	-0.002747
20.556600	0.004883
20.556700	0.003662
20.556800	0.001831
20.556900	0.003204
20.557000	0.002136
20.557100	0.004272
20.557200	0.004120
20.557300	0.006256
20.557400	0.006104
20.557500	-0.001373
20.557600	0.000916
20.557700	0.000000
20.557800	0.002136
20.557900	0.003662
20.558000	-0.001984
20.558100	0.002747
20.558200	0.004272
20.558300	-0.002594
20.558400	-0.001831
20.558500	0.002594
20.558600	0.001831
20.558700	0.005188
20.558800	0.002594
20.558900	0.004120
20.559000	0.002594
20.559100	-0.002136
20.559200	-0.000610
20.559300	0.002136
20.559400	0.002594
20.559500	-0.000916
20.559600	-0.006409
20.559700	-0.003662
20.559800	0.003357
20.559900	0.003510
20.560000	0.003204
20.560100	0.003662
20.560200	0.000458
20.560300	0.002441
20.560400	-0.004730
20.560500	-0.001678
20.560600	0.000000
20.560700	0.002747
20.560800	-0.003204
20.560900	-0.001068
20.561000	-0.000763
20.561100	-0.001678
20.561200	-0.000305
20.561300	-0.003967
20.561400	0.004883
20.561500	0.001068
20.561600	0.001221
20.561700	0.002899
20.561800	0.000916
20.561900	0.001068
20.562000	0.002441
20.562100	-0.001984
20.562200	0.004730
20.562300	0.000610
20.562400	0.004883
20.562500	-0.001373
20.562600	-0.003052
20.562700	0.003967
20.562800	0.002747
20.562900	0.002899
20.563000	0.006409
20.563100	0.002747
20.563200	0.004120
20.563300	0.000000
20.563400	0.000153
20.563500	-0.002136
20.563600	0.000153
20.563700	0.003815
20.563800	0.002136
20.563900	0.005493
20.564000	0.006714
20.564100	-0.003052
20.564200	-0.003204
20.564300	0.000153
20.564400	0.002594
20.564500	0.005798
20.564600	0.004120
20.564700	-0.002594
20.564800	0.000458
20.564900	-0.001068
20.565000	-0.002899
20.565100	0.002441
20.565200	0.004578
20.565300	0.000763
20.565400	0.001068
20.565500	-0.002594
20.565600	0.000610
20.565700	0.001831
20.565800	-0.002441
20.565900	0.003204
20.566000	0.007324
20.566100	0.001984
20.566200	-0.000916
20.566300	0.004425
20.566400	0.001221
20.566500	0.003357
20.566600	-0.002747
20.566700	0.000305
20.566800	-0.001831
20.566900	-0.001068
20.567000	0.001373
20.567100	0.000153
20.567200	0.002747
20.567300	-0.000610
20.567400	0.002899
20.567500	0.003967
20.567600	0.003204
20.567700	-0.000153
20.567800	-0.004883
20.567900	-0.001373
20.568000	0.001221
20.568100	0.000458
20.568200	-0.001678
20.568300	0.001068
20.568400	-0.001678
20.568500	-0.000763
20.568600	0.001221
20.568700	-0.001221
20.568800	-0.000916
20.568900	-0.000458
20.569000	0.003204
20.569100	-0.001373
20.569200	0.000000
20.569300	0.003815
20.569400	0.003662
20.569500	-0.003357
20.569600	-0.000305
20.569700	0.002441
20.569800	0.002136
20.569900	0.001373
20.570000	-0.000458
20.570100	0.000000
20.570200	-0.004120
20.570300	-0.000305
20.570400	0.002441
20.570500	0.001221
20.570600	0.005493
20.570700	0.005493
20.570800	0.001831
20.570900	0.002594
20.571000	0.003662
20.571100	0.007324
20.571200	0.004883
20.571300	0.004272
20.571400	0.004883
20.571500	0.006104
20.571600	0.003815
20.571700	0.000610
20.571800	0.005798
20.571900	-0.000763
20.572000	-0.004883
20.572100	0.003204
20.572200	0.001984
20.572300	0.001831
20.572400	0.003052
20.572500	-0.000610
20.572600	0.001831
20.572700	0.002136
20.572800	-0.000305
20.572900	0.001373
20.573000	0.008240
20.573100	-0.000305
20.573200	0.001984
20.573300	0.002289
20.573400	0.000916
20.573500	0.002747
20.573600	0.002747
20.573700	0.004120
20.573800	0.001068
20.573900	0.000610
20.574000	0.000000
20.574100	0.000305
20.574200	0.002136
20.574300	0.001526
20.574400	0.003204
20.574500	0.006256
20.574600	0.002899
20.574700	0.002747
20.574800	0.001373
20.574900	0.001221
20.575000	0.003815
20.575100	0.004425
20.575200	0.002289
20.575300	0.003967
20.575400	0.001831
20.575500	0.002594
20.575600	-0.001373
20.575700	0.005493
20.575800	0.002441
20.575900	0.002136
20.576000	0.006256
20.576100	0.004120
20.576200	0.001221
20.576300	0.007935
20.576400	0.002899
20.576500	0.005951
20.576600	0.007477
20.576700	0.002747
20.576800	0.005341
20.576900	0.002136
20.577000	0.004425
20.577100	0.000000
20.577200	0.001221
20.577300	0.001984
20.577400	-0.000610
20.577500	-0.002747
20.577600	0.002899
20.577700	0.003052
20.577800	0.004578
20.577900	0.006866
20.578000	0.000458
20.578100	0.000610
20.578200	0.005798
20.578300	0.005951
20.578400	0.005646
20.578500	0.000763
20.578600	0.004272
20.578700	0.000916
20.578800	-0.003204
20.578900	-0.001373
20.579000	0.005341
20.579100	0.007477
20.579200	0.005035
20.579300	0.001984
20.579400	0.000458
20.579500	0.000458
20.579600	0.003052
20.579700	0.001678
20.579800	0.001678
20.579900	0.002747
20.580000	0.000916
20.580100	0.002441
20.580200	0.006714
20.580300	0.001984
20.580400	0.006866
20.580500	0.001831
20.580600	0.000153
20.580700	0.004578
20.580800	0.005035
20.580900	0.000763
20.581000	-0.003357
20.581100	-0.001221
20.581200	0.003204
20.581300	0.004425
20.581400	-0.001221
20.581500	0.001831
20.581600	0.000153
20.581700	0.002289
20.581800	0.002747
20.581900	0.000458
20.582000	0.000000
20.582100	0.001984
20.582200	-0.001984
20.582300	-0.001068
20.582400	0.002747
