354.916100	1.606750
354.916200	1.723633
354.916300	1.836853
354.916400	1.945190
354.916500	2.058105
354.916600	2.172089
354.916700	2.269745
354.916800	2.376099
354.916900	2.474060
354.917000	2.574768
354.917100	2.669678
354.917200	2.766113
354.917300	2.865601
354.917400	2.955627
354.917500	3.042297
354.917600	3.133850
354.917700	3.220673
354.917800	3.304596
354.917900	3.381500
354.918000	3.461914
354.918100	3.536835
354.918200	3.615417
354.918300	3.681793
354.918400	3.750916
354.918500	3.811340
354.918600	3.872375
354.918700	3.936157
354.918800	3.987427
354.918900	4.038544
354.919000	4.081879
354.919100	4.124451
354.919200	4.153290
354.919300	4.194336
354.919400	4.219208
354.919500	4.234924
354.919600	4.251709
354.919700	4.263306
354.919800	4.274292
354.919900	4.274139
354.920000	4.268951
354.920100	4.261322
354.920200	4.254913
354.920300	4.232788
354.920400	4.216309
354.920500	4.189148
354.920600	4.165802
354.920700	4.136353
354.920800	4.097443
354.920900	4.062958
354.921000	4.028778
354.921100	3.987274
354.921200	3.944397
354.921300	3.899994
354.921400	3.852539
354.921500	3.809052
354.921600	3.762360
354.921700	3.714294
354.921800	3.667145
354.921900	3.615265
354.922000	3.564606
354.922100	3.515778
354.922200	3.458252
354.922300	3.413239
354.922400	3.357849
354.922500	3.301849
354.922600	3.251343
354.922700	3.203888
354.922800	3.154144
354.922900	3.098907
354.923000	3.051758
354.923100	2.994995
354.923200	2.942352
354.923300	2.886505
354.923400	2.835236
354.923500	2.780457
354.923600	2.729187
354.923700	2.674561
354.923800	2.619629
354.923900	2.559814
354.924000	2.502289
354.924100	2.445831
354.924200	2.386780
354.924300	2.326202
354.924400	2.259521
354.924500	2.200928
354.924600	2.132874
354.924700	2.067871
354.924800	2.000885
354.924900	1.925659
354.925000	1.849823
354.925100	1.779022
354.925200	1.702271
354.925300	1.625366
354.925400	1.536865
354.925500	1.452026
354.925600	1.371613
354.925700	1.292419
354.925800	1.202393
354.925900	1.110077
354.926000	1.030884
354.926100	0.947876
354.926200	0.864563
354.926300	0.783997
354.926400	0.702667
354.926500	0.621338
354.926600	0.547028
354.926700	0.465088
354.926800	0.392456
354.926900	0.321960
354.927000	0.249329
354.927100	0.181732
354.927200	0.115509
354.927300	0.059357
354.927400	-0.005646
354.927500	-0.062256
354.927600	-0.117493
354.927700	-0.172119
354.927800	-0.225677
354.927900	-0.275269
354.928000	-0.321045
354.928100	-0.369110
354.928200	-0.405884
354.928300	-0.442810
354.928400	-0.478058
354.928500	-0.511627
354.928600	-0.543365
354.928700	-0.574036
354.928800	-0.608215
354.928900	-0.633240
354.929000	-0.655212
354.929100	-0.674286
354.929200	-0.689087
354.929300	-0.711823
354.929400	-0.731659
354.929500	-0.749664
354.929600	-0.760498
354.929700	-0.778809
354.929800	-0.785522
354.929900	-0.800476
354.930000	-0.807495
354.930100	-0.820312
354.930200	-0.826721
354.930300	-0.832367
354.930400	-0.836639
354.930500	-0.842743
354.930600	-0.848083
354.930700	-0.850067
354.930800	-0.850983
354.930900	-0.851288
354.931000	-0.852661
354.931100	-0.850983
354.931200	-0.846710
354.931300	-0.845642
354.931400	-0.848236
354.931500	-0.853271
354.931600	-0.841522
354.931700	-0.841980
354.931800	-0.835419
354.931900	-0.834503
354.932000	-0.828552
354.932100	-0.824890
354.932200	-0.820312
354.932300	-0.823517
354.932400	-0.811615
354.932500	-0.807495
354.932600	-0.793610
354.932700	-0.800323
354.932800	-0.786591
354.932900	-0.777435
354.933000	-0.776215
354.933100	-0.769806
354.933200	-0.757904
354.933300	-0.756073
354.933400	-0.749359
354.933500	-0.741425
354.933600	-0.731812
354.933700	-0.725555
354.933800	-0.717926
354.933900	-0.706177
354.934000	-0.693054
354.934100	-0.692902
354.934200	-0.685120
354.934300	-0.671692
354.934400	-0.669250
354.934500	-0.661774
354.934600	-0.652771
354.934700	-0.646210
354.934800	-0.640411
354.934900	-0.629883
354.935000	-0.622253
354.935100	-0.613403
354.935200	-0.601959
354.935300	-0.592651
354.935400	-0.583344
354.935500	-0.578918
354.935600	-0.569305
354.935700	-0.563049
354.935800	-0.555115
354.935900	-0.553589
354.936000	-0.538788
354.936100	-0.532532
354.936200	-0.521240
354.936300	-0.514526
354.936400	-0.504456
354.936500	-0.495300
354.936600	-0.488281
354.936700	-0.481110
354.936800	-0.474091
354.936900	-0.465393
354.937000	-0.452576
354.937100	-0.448303
354.937200	-0.439911
354.937300	-0.434723
354.937400	-0.429840
354.937500	-0.419464
354.937600	-0.412445
354.937700	-0.409851
354.937800	-0.403748
354.937900	-0.393829
354.938000	-0.389404
354.938100	-0.381927
354.938200	-0.378113
354.938300	-0.366516
354.938400	-0.362244
354.938500	-0.354919
354.938600	-0.351410
354.938700	-0.347900
354.938800	-0.340729
354.938900	-0.334778
354.939000	-0.330200
354.939100	-0.326996
354.939200	-0.316315
354.939300	-0.310974
354.939400	-0.306396
354.939500	-0.298920
354.939600	-0.297546
354.939700	-0.297089
354.939800	-0.280914
354.939900	-0.278320
354.940000	-0.277100
354.940100	-0.270844
354.940200	-0.266724
354.940300	-0.260773
354.940400	-0.251007
354.940500	-0.253906
354.940600	-0.250702
354.940700	-0.240784
354.940800	-0.244293
354.940900	-0.239563
354.941000	-0.231323
354.941100	-0.227051
354.941200	-0.222931
354.941300	-0.225677
354.941400	-0.221252
354.941500	-0.216064
354.941600	-0.209961
354.941700	-0.207977
354.941800	-0.205231
354.941900	-0.202179
354.942000	-0.193634
354.942100	-0.190125
354.942200	-0.185242
354.942300	-0.177460
354.942400	-0.181274
354.942500	-0.175781
354.942600	-0.173645
354.942700	-0.176086
354.942800	-0.169830
354.942900	-0.167236
354.943000	-0.166016
354.943100	-0.167999
354.943200	-0.163269
354.943300	-0.160370
354.943400	-0.151978
354.943500	-0.149841
354.943600	-0.144806
354.943700	-0.145111
354.943800	-0.143738
354.943900	-0.142822
354.944000	-0.144501
354.944100	-0.136566
354.944200	-0.139465
354.944300	-0.135803
354.944400	-0.137634
354.944500	-0.131683
354.944600	-0.124054
354.944700	-0.122986
354.944800	-0.119476
354.944900	-0.120544
354.945000	-0.113525
354.945100	-0.116119
354.945200	-0.111847
354.945300	-0.109406
354.945400	-0.111694
354.945500	-0.108185
354.945600	-0.101776
354.945700	-0.101624
354.945800	-0.096436
354.945900	-0.093994
354.946000	-0.094147
354.946100	-0.090485
354.946200	-0.094299
354.946300	-0.091400
354.946400	-0.084534
354.946500	-0.081024
354.946600	-0.081329
354.946700	-0.079193
354.946800	-0.080414
354.946900	-0.080261
354.947000	-0.073090
354.947100	-0.071869
354.947200	-0.070953
354.947300	-0.069885
354.947400	-0.066986
354.947500	-0.065155
354.947600	-0.064545
354.947700	-0.061035
354.947800	-0.064087
354.947900	-0.055084
354.948000	-0.050354
354.948100	-0.055084
354.948200	-0.057983
354.948300	-0.054626
354.948400	-0.050507
354.948500	-0.045471
354.948600	-0.047607
354.948700	-0.044556
354.948800	-0.039978
354.948900	-0.044403
354.949000	-0.045929
354.949100	-0.039368
354.949200	-0.040741
354.949300	-0.033875
354.949400	-0.032959
354.949500	-0.032196
354.949600	-0.032043
354.949700	-0.031586
354.949800	-0.028229
354.949900	-0.026093
354.950000	-0.030365
354.950100	-0.028992
354.950200	-0.028992
354.950300	-0.023956
354.950400	-0.026398
354.950500	-0.027161
354.950600	-0.025024
354.950700	-0.018005
354.950800	-0.023651
354.950900	-0.023041
354.951000	-0.025177
354.951100	-0.019226
354.951200	-0.017853
354.951300	-0.016785
354.951400	-0.012817
354.951500	-0.016937
354.951600	-0.018158
354.951700	-0.010986
354.951800	-0.010223
354.951900	-0.005798
354.952000	-0.009155
354.952100	-0.008087
354.952200	-0.013275
354.952300	-0.009155
354.952400	-0.009155
354.952500	-0.008392
354.952600	-0.004578
354.952700	-0.006256
354.952800	-0.007629
354.952900	-0.004120
354.953000	-0.007935
354.953100	-0.002289
354.953200	0.000916
354.953300	0.004120
354.953400	0.001984
354.953500	-0.000153
354.953600	-0.001221
354.953700	0.002747
354.953800	0.002136
354.953900	0.003662
354.954000	0.010376
354.954100	0.009460
354.954200	0.011902
354.954300	0.010986
354.954400	0.009613
354.954500	0.009918
354.954600	0.011139
354.954700	0.014801
354.954800	0.014954
354.954900	0.014648
354.955000	0.014801
354.955100	0.013885
354.955200	0.014954
354.955300	0.017242
354.955400	0.019531
354.955500	0.021820
354.955600	0.018616
354.955700	0.020294
354.955800	0.019989
354.955900	0.025482
354.956000	0.023651
354.956100	0.027924
354.956200	0.029449
354.956300	0.020294
354.956400	0.019989
354.956500	0.024414
354.956600	0.029907
354.956700	0.028534
354.956800	0.026398
354.956900	0.033112
354.957000	0.030212
354.957100	0.030212
354.957200	0.030365
354.957300	0.028076
354.957400	0.034027
354.957500	0.034180
354.957600	0.033112
354.957700	0.035553
354.957800	0.035553
354.957900	0.034027
354.958000	0.033417
354.958100	0.041046
354.958200	0.039215
354.958300	0.036469
354.958400	0.035706
354.958500	0.036163
354.958600	0.037689
354.958700	0.037384
354.958800	0.039215
354.958900	0.042419
354.959000	0.042267
354.959100	0.043030
354.959200	0.041504
354.959300	0.037384
354.959400	0.042877
354.959500	0.047302
354.959600	0.043793
354.959700	0.041656
354.959800	0.045471
354.959900	0.046082
354.960000	0.048370
354.960100	0.051727
354.960200	0.047302
354.960300	0.049133
354.960400	0.052032
354.960500	0.050507
354.960600	0.052490
354.960700	0.051880
354.960800	0.047913
354.960900	0.053253
354.961000	0.056305
354.961100	0.051422
354.961200	0.059662
354.961300	0.055542
354.961400	0.058899
354.961500	0.054474
354.961600	0.052032
354.961700	0.050812
354.961800	0.053406
354.961900	0.055389
354.962000	0.057220
354.962100	0.054321
354.962200	0.056000
354.962300	0.056763
354.962400	0.061035
354.962500	0.054932
354.962600	0.052643
354.962700	0.062103
354.962800	0.058289
354.962900	0.058594
354.963000	0.059357
354.963100	0.060120
354.963200	0.066528
354.963300	0.062408
354.963400	0.059052
354.963500	0.058746
354.963600	0.058899
354.963700	0.061340
354.963800	0.066376
354.963900	0.063324
354.964000	0.064392
354.964100	0.062714
354.964200	0.061340
354.964300	0.060120
354.964400	0.054932
354.964500	0.061340
354.964600	0.065765
354.964700	0.060730
354.964800	0.062866
354.964900	0.065002
354.965000	0.067596
354.965100	0.068054
354.965200	0.063171
354.965300	0.065765
354.965400	0.072174
354.965500	0.075378
354.965600	0.073700
354.965700	0.069733
354.965800	0.068970
354.965900	0.066376
354.966000	0.072327
354.966100	0.072174
354.966200	0.067444
354.966300	0.067596
354.966400	0.063324
354.966500	0.066986
354.966600	0.070801
354.966700	0.069427
354.966800	0.073242
354.966900	0.072021
354.967000	0.070801
354.967100	0.068817
354.967200	0.068359
354.967300	0.065002
354.967400	0.072937
354.967500	0.073700
354.967600	0.072021
354.967700	0.071411
354.967800	0.068359
354.967900	0.069427
354.968000	0.065460
354.968100	0.074310
354.968200	0.070648
354.968300	0.076141
354.968400	0.070648
354.968500	0.069885
354.968600	0.068054
354.968700	0.076599
354.968800	0.068512
354.968900	0.064392
354.969000	0.068054
354.969100	0.069580
354.969200	0.071564
354.969300	0.071259
354.969400	0.070953
354.969500	0.076599
354.969600	0.069580
