80.432900	0.029449
80.433000	0.030212
80.433100	0.030060
80.433200	0.029449
80.433300	0.032043
80.433400	0.028381
80.433500	0.030670
80.433600	0.029907
80.433700	0.029602
80.433800	0.027618
80.433900	0.030823
80.434000	0.026398
80.434100	0.028534
80.434200	0.026093
80.434300	0.026245
80.434400	0.032349
80.434500	0.028076
80.434600	0.030060
80.434700	0.028839
80.434800	0.026703
80.434900	0.029755
80.435000	0.030518
80.435100	0.034637
80.435200	0.025635
80.435300	0.025330
80.435400	0.028076
80.435500	0.029297
80.435600	0.027161
80.435700	0.027313
80.435800	0.031433
80.435900	0.032654
80.436000	0.035248
80.436100	0.033569
80.436200	0.036316
80.436300	0.031281
80.436400	0.028534
80.436500	0.029144
80.436600	0.032043
80.436700	0.032806
80.436800	0.035248
80.436900	0.033722
80.437000	0.035248
80.437100	0.032501
80.437200	0.030365
80.437300	0.033417
80.437400	0.036621
80.437500	0.038452
80.437600	0.035248
80.437700	0.027924
80.437800	0.028534
80.437900	0.031433
80.438000	0.032043
80.438100	0.032806
80.438200	0.036316
80.438300	0.029297
80.438400	0.030365
80.438500	0.031891
80.438600	0.036621
80.438700	0.029907
80.438800	0.032196
80.438900	0.032806
80.439000	0.036163
80.439100	0.033722
80.439200	0.034332
80.439300	0.029449
80.439400	0.033417
80.439500	0.032501
80.439600	0.032043
80.439700	0.033417
80.439800	0.033417
80.439900	0.031738
80.440000	0.039062
80.440100	0.036011
80.440200	0.036316
80.440300	0.035400
80.440400	0.029297
80.440500	0.032349
80.440600	0.032196
80.440700	0.030670
80.440800	0.030823
80.440900	0.030975
80.441000	0.028381
80.441100	0.027466
80.441200	0.031128
80.441300	0.030212
80.441400	0.034790
80.441500	0.030518
80.441600	0.028839
80.441700	0.031433
80.441800	0.030823
80.441900	0.031128
80.442000	0.028992
80.442100	0.030975
80.442200	0.034332
80.442300	0.031128
80.442400	0.036316
80.442500	0.032349
80.442600	0.034180
80.442700	0.032349
80.442800	0.032959
80.442900	0.034180
80.443000	0.032501
80.443100	0.033112
80.443200	0.030518
80.443300	0.026855
80.443400	0.029297
80.443500	0.032043
80.443600	0.034180
80.443700	0.029907
80.443800	0.033112
80.443900	0.030060
80.444000	0.035858
80.444100	0.037384
80.444200	0.035858
80.444300	0.031281
80.444400	0.036316
80.444500	0.034027
80.444600	0.031433
80.444700	0.035095
80.444800	0.032806
80.444900	0.032349
80.445000	0.030060
80.445100	0.036163
80.445200	0.031738
80.445300	0.039215
80.445400	0.035858
80.445500	0.034943
80.445600	0.032654
80.445700	0.033875
80.445800	0.036621
80.445900	0.035400
80.446000	0.031433
80.446100	0.036011
80.446200	0.029907
80.446300	0.031128
80.446400	0.031738
80.446500	0.032654
80.446600	0.038452
80.446700	0.035095
80.446800	0.032196
80.446900	0.028229
80.447000	0.030212
80.447100	0.027008
80.447200	0.030975
80.447300	0.034332
80.447400	0.034790
80.447500	0.031738
80.447600	0.033112
80.447700	0.030823
80.447800	0.033112
80.447900	0.036621
80.448000	0.041046
80.448100	0.034332
80.448200	0.032654
80.448300	0.034943
80.448400	0.035248
80.448500	0.030518
80.448600	0.032196
80.448700	0.028992
80.448800	0.033112
80.448900	0.035248
80.449000	0.033569
80.449100	0.032501
80.449200	0.034790
80.449300	0.033569
80.449400	0.028839
80.449500	0.028839
80.449600	0.034180
80.449700	0.034332
80.449800	0.033112
80.449900	0.030212
80.450000	0.032501
80.450100	0.030212
80.450200	0.032196
80.450300	0.032806
80.450400	0.032501
80.450500	0.035553
80.450600	0.034790
80.450700	0.034027
80.450800	0.031433
80.450900	0.033875
80.451000	0.034485
80.451100	0.035858
80.451200	0.036316
80.451300	0.034637
80.451400	0.034180
80.451500	0.035858
80.451600	0.038300
80.451700	0.031433
80.451800	0.030823
80.451900	0.029602
80.452000	0.030212
80.452100	0.034332
80.452200	0.030823
80.452300	0.026093
80.452400	0.029144
80.452500	0.031738
80.452600	0.028992
80.452700	0.026855
80.452800	0.036621
80.452900	0.028687
80.453000	0.033875
80.453100	0.032959
80.453200	0.028839
80.453300	0.026550
80.453400	0.034332
80.453500	0.031738
80.453600	0.030670
80.453700	0.033722
80.453800	0.031891
80.453900	0.033264
80.454000	0.029755
80.454100	0.031586
80.454200	0.031738
80.454300	0.030975
80.454400	0.033569
80.454500	0.032959
80.454600	0.038147
80.454700	0.034637
80.454800	0.035248
80.454900	0.036774
80.455000	0.033264
80.455100	0.032806
80.455200	0.034180
80.455300	0.041656
80.455400	0.036774
80.455500	0.033417
80.455600	0.033112
80.455700	0.030670
80.455800	0.028992
80.455900	0.032501
80.456000	0.033112
80.456100	0.035706
80.456200	0.033417
80.456300	0.033417
80.456400	0.038147
80.456500	0.029449
80.456600	0.034637
80.456700	0.030060
80.456800	0.036011
80.456900	0.038452
80.457000	0.038147
80.457100	0.035400
80.457200	0.038605
80.457300	0.030670
80.457400	0.035095
80.457500	0.036926
80.457600	0.038147
80.457700	0.039215
80.457800	0.034180
80.457900	0.032196
80.458000	0.033112
80.458100	0.036774
80.458200	0.032654
80.458300	0.036926
80.458400	0.032349
80.458500	0.032043
80.458600	0.036163
80.458700	0.037842
80.458800	0.033112
80.458900	0.030365
80.459000	0.033417
80.459100	0.031128
80.459200	0.031738
80.459300	0.032501
80.459400	0.030975
80.459500	0.040131
80.459600	0.034485
80.459700	0.032349
80.459800	0.034943
80.459900	0.029907
80.460000	0.031433
80.460100	0.031738
80.460200	0.033569
80.460300	0.030518
80.460400	0.040283
80.460500	0.039215
80.460600	0.033722
80.460700	0.035095
80.460800	0.038757
80.460900	0.034180
80.461000	0.034485
80.461100	0.038452
80.461200	0.037384
80.461300	0.030975
80.461400	0.030518
80.461500	0.030212
80.461600	0.034485
80.461700	0.038147
80.461800	0.035248
80.461900	0.034332
80.462000	0.032349
80.462100	0.030365
80.462200	0.033112
80.462300	0.035553
80.462400	0.029907
80.462500	0.035553
80.462600	0.032654
80.462700	0.028534
80.462800	0.034637
80.462900	0.034180
80.463000	0.032349
80.463100	0.034790
80.463200	0.030518
80.463300	0.034485
80.463400	0.038300
80.463500	0.032043
80.463600	0.034943
80.463700	0.034637
80.463800	0.035858
80.463900	0.034790
80.464000	0.033264
80.464100	0.033417
80.464200	0.034790
80.464300	0.034180
80.464400	0.034332
80.464500	0.037384
80.464600	0.037079
80.464700	0.039520
80.464800	0.031738
80.464900	0.034943
80.465000	0.036163
80.465100	0.033875
80.465200	0.037231
80.465300	0.036316
80.465400	0.036011
80.465500	0.033722
80.465600	0.036011
80.465700	0.032959
80.465800	0.034485
80.465900	0.032043
80.466000	0.036011
80.466100	0.036926
80.466200	0.032806
80.466300	0.036774
80.466400	0.039978
80.466500	0.037079
80.466600	0.034485
80.466700	0.033875
80.466800	0.030212
80.466900	0.032196
80.467000	0.034027
80.467100	0.032501
80.467200	0.035706
80.467300	0.036163
80.467400	0.042572
80.467500	0.035400
80.467600	0.036163
80.467700	0.035858
80.467800	0.034027
80.467900	0.034790
80.468000	0.035706
80.468100	0.040894
80.468200	0.036926
80.468300	0.034180
80.468400	0.037079
80.468500	0.036011
80.468600	0.034790
80.468700	0.039825
80.468800	0.040588
80.468900	0.037689
80.469000	0.038452
80.469100	0.032043
80.469200	0.034332
80.469300	0.035553
80.469400	0.032501
80.469500	0.034637
80.469600	0.033264
80.469700	0.034943
80.469800	0.034790
80.469900	0.034943
80.470000	0.035400
80.470100	0.038605
80.470200	0.036621
80.470300	0.036011
80.470400	0.036621
80.470500	0.040741
80.470600	0.039062
80.470700	0.039673
80.470800	0.040894
80.470900	0.037537
80.471000	0.038300
80.471100	0.035095
80.471200	0.033875
80.471300	0.034943
80.471400	0.036621
80.471500	0.037689
80.471600	0.034943
80.471700	0.038452
80.471800	0.036774
80.471900	0.033722
80.472000	0.036926
80.472100	0.041046
80.472200	0.031128
80.472300	0.036621
80.472400	0.038452
80.472500	0.034790
80.472600	0.037689
80.472700	0.034485
80.472800	0.038452
80.472900	0.040588
80.473000	0.041809
80.473100	0.041809
80.473200	0.043335
80.473300	0.034790
80.473400	0.035553
80.473500	0.037384
80.473600	0.031891
80.473700	0.034637
80.473800	0.036621
80.473900	0.039978
80.474000	0.034180
80.474100	0.031891
80.474200	0.034790
80.474300	0.036011
80.474400	0.035095
80.474500	0.039368
80.474600	0.037842
80.474700	0.035400
80.474800	0.036926
80.474900	0.035095
80.475000	0.031738
80.475100	0.033264
80.475200	0.033875
80.475300	0.030975
80.475400	0.033722
80.475500	0.036621
80.475600	0.035095
80.475700	0.038452
80.475800	0.038147
80.475900	0.037231
80.476000	0.037231
80.476100	0.036163
80.476200	0.037994
80.476300	0.036926
80.476400	0.041351
80.476500	0.038605
80.476600	0.038757
80.476700	0.036621
80.476800	0.038605
80.476900	0.040894
80.477000	0.040436
80.477100	0.038452
80.477200	0.038452
80.477300	0.030518
80.477400	0.029144
80.477500	0.034790
80.477600	0.031281
80.477700	0.030518
80.477800	0.031586
80.477900	0.038300
80.478000	0.039215
80.478100	0.036011
80.478200	0.036774
80.478300	0.039215
80.478400	0.035858
80.478500	0.035095
80.478600	0.034943
80.478700	0.036926
80.478800	0.035095
80.478900	0.034180
80.479000	0.035095
80.479100	0.036316
80.479200	0.034790
80.479300	0.034180
80.479400	0.034027
80.479500	0.036621
80.479600	0.036926
80.479700	0.034027
80.479800	0.036774
80.479900	0.034027
80.480000	0.035706
80.480100	0.031433
80.480200	0.032349
80.480300	0.032196
80.480400	0.037537
80.480500	0.037842
80.480600	0.039368
80.480700	0.036926
80.480800	0.034790
80.480900	0.035858
80.481000	0.036163
80.481100	0.041809
80.481200	0.036774
80.481300	0.036316
80.481400	0.037689
80.481500	0.038452
80.481600	0.033264
80.481700	0.035095
80.481800	0.035553
80.481900	0.034943
80.482000	0.039825
80.482100	0.035858
80.482200	0.034790
80.482300	0.036621
80.482400	0.033264
80.482500	0.037537
80.482600	0.037384
80.482700	0.039978
80.482800	0.037384
80.482900	0.034485
80.483000	0.032501
80.483100	0.036926
80.483200	0.035400
80.483300	0.037994
80.483400	0.035858
80.483500	0.040436
80.483600	0.037079
80.483700	0.036621
80.483800	0.037842
80.483900	0.041046
80.484000	0.044250
80.484100	0.034943
80.484200	0.034637
80.484300	0.034180
80.484400	0.033112
80.484500	0.039825
80.484600	0.039673
80.484700	0.042572
80.484800	0.036469
80.484900	0.037842
80.485000	0.040894
80.485100	0.042725
80.485200	0.036621
80.485300	0.039062
80.485400	0.034180
80.485500	0.037079
80.485600	0.036621
80.485700	0.038452
80.485800	0.037994
80.485900	0.041046
80.486000	0.043335
80.486100	0.040131
80.486200	0.041046
80.486300	0.037689
80.486400	0.034637
