195.172100	0.090637
195.172200	0.096741
195.172300	0.101471
195.172400	0.106201
195.172500	0.109863
195.172600	0.108643
195.172700	0.105896
195.172800	0.102386
195.172900	0.108643
195.173000	0.108185
195.173100	0.095367
195.173200	0.092621
195.173300	0.088806
195.173400	0.087585
195.173500	0.086823
195.173600	0.087738
195.173700	0.093231
195.173800	0.098114
195.173900	0.088654
195.174000	0.087891
195.174100	0.077667
195.174200	0.078583
195.174300	0.082245
195.174400	0.082550
195.174500	0.083466
195.174600	0.075226
195.174700	0.068207
195.174800	0.062256
195.174900	0.060577
195.175000	0.064697
195.175100	0.070648
195.175200	0.069885
195.175300	0.071106
195.175400	0.071106
195.175500	0.084991
195.175600	0.089722
195.175700	0.083923
195.175800	0.094452
195.175900	0.089111
195.176000	0.091705
195.176100	0.098114
195.176200	0.095062
195.176300	0.092316
195.176400	0.089417
195.176500	0.091858
195.176600	0.087433
195.176700	0.094147
195.176800	0.095520
195.176900	0.110474
195.177000	0.128174
195.177100	0.134125
195.177200	0.133667
195.177300	0.126495
195.177400	0.115814
195.177500	0.099182
195.177600	0.084534
195.177700	0.064850
195.177800	0.050049
195.177900	0.033112
195.178000	0.019531
195.178100	0.000916
195.178200	-0.011597
195.178300	-0.012512
195.178400	-0.018463
195.178500	-0.008240
195.178600	0.007935
195.178700	0.022736
195.178800	0.039673
195.178900	0.050354
195.179000	0.063477
195.179100	0.070801
195.179200	0.072327
195.179300	0.077515
195.179400	0.081635
195.179500	0.077820
195.179600	0.077820
195.179700	0.081329
195.179800	0.079956
195.179900	0.083008
195.180000	0.093079
195.180100	0.100098
195.180200	0.133362
195.180300	0.201569
195.180400	0.344391
195.180500	0.562439
195.180600	0.801544
195.180700	0.961304
195.180800	1.026917
195.180900	1.063232
195.181000	0.989227
195.181100	0.695953
195.181200	0.232849
195.181300	-0.278625
195.181400	-0.751801
195.181500	-1.012421
195.181600	-1.078491
195.181700	-1.055908
195.181800	-0.984955
195.181900	-0.836792
195.182000	-0.537720
195.182100	-0.278931
195.182200	-0.097656
195.182300	0.007782
195.182400	0.054016
195.182500	0.075836
195.182600	0.088959
195.182700	0.135498
195.182800	0.229187
195.182900	0.389557
195.183000	0.600891
195.183100	0.817261
195.183200	0.981903
195.183300	1.062317
195.183400	1.048279
195.183500	0.921936
195.183600	0.647736
195.183700	0.271912
195.183800	-0.143280
195.183900	-0.547028
195.184000	-0.848999
195.184100	-1.017456
195.184200	-1.060028
195.184300	-1.007080
195.184400	-0.857849
195.184500	-0.608368
195.184600	-0.357056
195.184700	-0.158997
195.184800	-0.021973
195.184900	0.044098
195.185000	0.072632
195.185100	0.080414
195.185200	0.085754
195.185300	0.080566
195.185400	0.085144
195.185500	0.084991
195.185600	0.089417
195.185700	0.097656
195.185800	0.098724
195.185900	0.111694
195.186000	0.119934
195.186100	0.120239
195.186200	0.121765
195.186300	0.120392
195.186400	0.111389
195.186500	0.104980
195.186600	0.097809
195.186700	0.093689
195.186800	0.089417
195.186900	0.083923
195.187000	0.080719
195.187100	0.079193
195.187200	0.084839
195.187300	0.088654
195.187400	0.094452
195.187500	0.098267
195.187600	0.097961
195.187700	0.096741
195.187800	0.091705
195.187900	0.091553
195.188000	0.095673
195.188100	0.084686
195.188200	0.081787
195.188300	0.079346
195.188400	0.075684
195.188500	0.076904
195.188600	0.073700
195.188700	0.074768
195.188800	0.069427
195.188900	0.079498
195.189000	0.074310
195.189100	0.076447
195.189200	0.078430
195.189300	0.082397
195.189400	0.083313
195.189500	0.083923
195.189600	0.087433
195.189700	0.087891
195.189800	0.096436
195.189900	0.102081
195.190000	0.122986
195.190100	0.152893
195.190200	0.205536
195.190300	0.284882
195.190400	0.410919
195.190500	0.567932
195.190600	0.723724
195.190700	0.805817
195.190800	0.823669
195.190900	0.774841
195.191000	0.633850
195.191100	0.408478
195.191200	0.106201
195.191300	-0.208435
195.191400	-0.488892
195.191500	-0.692596
195.191600	-0.792389
195.191700	-0.817566
195.191800	-0.785065
195.191900	-0.664368
195.192000	-0.490875
195.192100	-0.304718
195.192200	-0.138550
195.192300	-0.025635
195.192400	0.039520
195.192500	0.074768
195.192600	0.089417
195.192700	0.097809
195.192800	0.100403
195.192900	0.100403
195.193000	0.093079
195.193100	0.098114
195.193200	0.097046
195.193300	0.103760
195.193400	0.103149
195.193500	0.099792
195.193600	0.101166
195.193700	0.099792
195.193800	0.102692
195.193900	0.102844
195.194000	0.101776
195.194100	0.104523
195.194200	0.102386
195.194300	0.108032
195.194400	0.115662
195.194500	0.130768
195.194600	0.131836
195.194700	0.126801
195.194800	0.127106
195.194900	0.124664
195.195000	0.119171
195.195100	0.101776
195.195200	0.103760
195.195300	0.108032
195.195400	0.104065
195.195500	0.095367
195.195600	0.105438
195.195700	0.104523
195.195800	0.102234
195.195900	0.099640
195.196000	0.091248
195.196100	0.083771
195.196200	0.069733
195.196300	0.053406
195.196400	0.048218
195.196500	0.046844
195.196600	0.041809
195.196700	0.044403
195.196800	0.049438
195.196900	0.053253
195.197000	0.056000
195.197100	0.061951
195.197200	0.063171
195.197300	0.064087
195.197400	0.066986
195.197500	0.067444
195.197600	0.072632
195.197700	0.066223
195.197800	0.064850
195.197900	0.054932
195.198000	0.061493
195.198100	0.075073
195.198200	0.072632
195.198300	0.080109
195.198400	0.078735
195.198500	0.081329
195.198600	0.083466
195.198700	0.083160
195.198800	0.084229
195.198900	0.082550
195.199000	0.078125
195.199100	0.078430
195.199200	0.068512
195.199300	0.072327
195.199400	0.070038
195.199500	0.069122
195.199600	0.071106
195.199700	0.068665
195.199800	0.066681
195.199900	0.067749
195.200000	0.071106
195.200100	0.070190
195.200200	0.076752
195.200300	0.076599
195.200400	0.076447
195.200500	0.077057
195.200600	0.083466
195.200700	0.078430
195.200800	0.083008
195.200900	0.075989
195.201000	0.086517
195.201100	0.104523
195.201200	0.155945
195.201300	0.259857
195.201400	0.415344
195.201500	0.606689
195.201600	0.794678
195.201700	0.923615
195.201800	0.977783
195.201900	0.950012
195.202000	0.807037
195.202100	0.547485
195.202200	0.224762
195.202300	-0.133820
195.202400	-0.487213
195.202500	-0.770874
195.202600	-0.945129
195.202700	-1.005859
195.202800	-0.967712
195.202900	-0.848236
195.203000	-0.645142
195.203100	-0.416107
195.203200	-0.209351
195.203300	-0.070343
195.203400	0.009918
195.203500	0.054932
195.203600	0.064392
195.203700	0.074463
195.203800	0.082092
195.203900	0.081940
195.204000	0.080566
195.204100	0.081329
195.204200	0.078125
195.204300	0.079651
195.204400	0.076294
195.204500	0.076599
195.204600	0.075378
195.204700	0.076599
195.204800	0.084686
195.204900	0.086060
195.205000	0.086517
195.205100	0.086365
195.205200	0.085449
195.205300	0.086823
195.205400	0.088501
195.205500	0.091858
195.205600	0.086975
195.205700	0.090942
195.205800	0.086365
195.205900	0.080261
195.206000	0.077667
195.206100	0.079193
195.206200	0.077362
195.206300	0.078583
195.206400	0.085754
195.206500	0.082397
195.206600	0.088348
195.206700	0.080261
195.206800	0.082397
195.206900	0.082092
195.207000	0.083313
195.207100	0.078583
195.207200	0.073242
195.207300	0.074615
195.207400	0.073547
195.207500	0.072784
195.207600	0.074310
195.207700	0.069580
195.207800	0.070648
195.207900	0.074463
195.208000	0.079651
195.208100	0.082855
195.208200	0.086517
195.208300	0.084839
195.208400	0.088043
195.208500	0.089417
195.208600	0.082703
195.208700	0.089111
195.208800	0.086212
195.208900	0.090332
195.209000	0.086517
195.209100	0.085602
195.209200	0.089569
195.209300	0.086670
195.209400	0.085449
195.209500	0.097961
195.209600	0.097656
195.209700	0.110016
195.209800	0.122528
195.209900	0.144196
195.210000	0.211945
195.210100	0.343781
195.210200	0.561523
195.210300	0.824280
195.210400	1.064301
195.210500	1.213837
195.210600	1.262970
195.210700	1.193542
195.210800	0.953064
195.210900	0.557251
195.211000	0.083160
195.211100	-0.417175
195.211200	-0.852203
195.211300	-1.136017
195.211400	-1.227722
195.211500	-1.253967
195.211600	-1.190186
195.211700	-0.933075
195.211800	-0.615845
195.211900	-0.329132
195.212000	-0.116882
195.212100	0.014648
195.212200	0.089111
195.212300	0.130768
195.212400	0.166779
195.212500	0.181885
195.212600	0.192871
195.212700	0.196075
195.212800	0.186615
195.212900	0.176697
195.213000	0.162354
195.213100	0.146790
195.213200	0.137939
195.213300	0.136566
195.213400	0.142670
195.213500	0.128479
195.213600	0.118408
195.213700	0.109406
195.213800	0.111542
195.213900	0.110931
195.214000	0.091553
195.214100	0.076599
195.214200	0.058136
195.214300	0.028534
195.214400	-0.006561
195.214500	-0.014191
195.214600	-0.021667
195.214700	-0.023499
195.214800	-0.030365
195.214900	-0.022736
195.215000	0.003052
195.215100	0.028381
195.215200	0.048981
195.215300	0.056915
195.215400	0.073242
195.215500	0.075836
195.215600	0.081024
195.215700	0.087738
195.215800	0.084534
195.215900	0.091858
195.216000	0.090332
195.216100	0.086823
195.216200	0.088654
195.216300	0.096130
195.216400	0.098572
195.216500	0.106506
195.216600	0.112762
195.216700	0.119019
195.216800	0.120392
195.216900	0.119934
195.217000	0.112000
195.217100	0.095520
195.217200	0.079651
195.217300	0.069885
195.217400	0.063477
195.217500	0.068054
195.217600	0.094757
195.217700	0.168915
195.217800	0.305023
195.217900	0.493469
195.218000	0.734100
195.218100	0.996704
195.218200	1.275940
195.218300	1.611481
195.218400	1.865692
195.218500	1.838684
195.218600	1.582184
195.218700	1.286011
195.218800	0.976410
195.218900	0.517426
195.219000	-0.126343
195.219100	-0.767059
195.219200	-1.201019
195.219300	-1.816254
195.219400	-2.030640
195.219500	-1.931152
195.219600	-1.733704
195.219700	-1.570587
195.219800	-1.425323
195.219900	-1.206970
195.220000	-0.715485
195.220100	-0.356293
195.220200	-0.119781
195.220300	0.023499
195.220400	0.086365
195.220500	0.102539
195.220600	0.099335
195.220700	0.094757
195.220800	0.088196
195.220900	0.088501
195.221000	0.089264
195.221100	0.094910
195.221200	0.094299
195.221300	0.106354
195.221400	0.108948
195.221500	0.112457
195.221600	0.107269
195.221700	0.100708
195.221800	0.093231
195.221900	0.094757
195.222000	0.099182
195.222100	0.098572
195.222200	0.095520
195.222300	0.102844
195.222400	0.093384
195.222500	0.101013
195.222600	0.100098
195.222700	0.102692
195.222800	0.106659
195.222900	0.110321
195.223000	0.112305
195.223100	0.117645
195.223200	0.118561
195.223300	0.112915
195.223400	0.115051
195.223500	0.111847
195.223600	0.110474
195.223700	0.112610
195.223800	0.119934
195.223900	0.117340
195.224000	0.117493
195.224100	0.108490
195.224200	0.106049
195.224300	0.102386
195.224400	0.100403
195.224500	0.102844
195.224600	0.101624
195.224700	0.099182
195.224800	0.095825
195.224900	0.100861
195.225000	0.105743
195.225100	0.102081
195.225200	0.102234
195.225300	0.101166
195.225400	0.101318
195.225500	0.109406
195.225600	0.107422
