462.896900	0.063782
462.897000	0.072327
462.897100	0.071716
462.897200	0.083008
462.897300	0.088959
462.897400	0.100861
462.897500	0.117645
462.897600	0.118713
462.897700	0.110626
462.897800	0.099487
462.897900	0.081329
462.898000	0.060425
462.898100	0.041199
462.898200	0.035400
462.898300	0.027161
462.898400	0.037231
462.898500	0.045471
462.898600	0.050201
462.898700	0.047455
462.898800	0.054626
462.898900	0.050812
462.899000	0.056000
462.899100	0.056152
462.899200	0.053253
462.899300	0.061493
462.899400	0.069275
462.899500	0.069427
462.899600	0.076447
462.899700	0.096588
462.899800	0.122833
462.899900	0.135956
462.900000	0.130157
462.900100	0.131531
462.900200	0.119171
462.900300	0.091553
462.900400	0.061798
462.900500	0.037994
462.900600	0.007324
462.900700	-0.026398
462.900800	-0.032196
462.900900	-0.014343
462.901000	0.011749
462.901100	0.036621
462.901200	0.053406
462.901300	0.055542
462.901400	0.070190
462.901500	0.084381
462.901600	0.093536
462.901700	0.102997
462.901800	0.101776
462.901900	0.106812
462.902000	0.122986
462.902100	0.181122
462.902200	0.281067
462.902300	0.437927
462.902400	0.557556
462.902500	0.571747
462.902600	0.504913
462.902700	0.361023
462.902800	0.172729
462.902900	-0.044556
462.903000	-0.251007
462.903100	-0.425720
462.903200	-0.536652
462.903300	-0.556030
462.903400	-0.476532
462.903500	-0.310211
462.903600	-0.147858
462.903700	-0.035553
462.903800	0.027008
462.903900	0.048828
462.904000	0.056458
462.904100	0.059509
462.904200	0.060577
462.904300	0.060425
462.904400	0.070343
462.904500	0.075684
462.904600	0.087738
462.904700	0.095367
462.904800	0.108032
462.904900	0.103607
462.905000	0.100098
462.905100	0.090332
462.905200	0.075836
462.905300	0.057526
462.905400	0.044098
462.905500	0.033264
462.905600	0.025940
462.905700	0.024109
462.905800	0.017853
462.905900	0.025940
462.906000	0.036316
462.906100	0.048065
462.906200	0.056610
462.906300	0.062866
462.906400	0.065918
462.906500	0.064240
462.906600	0.060730
462.906700	0.046692
462.906800	0.046082
462.906900	0.041809
462.907000	0.033569
462.907100	0.039368
462.907200	0.047302
462.907300	0.059509
462.907400	0.060577
462.907500	0.061646
462.907600	0.059052
462.907700	0.053406
462.907800	0.046387
462.907900	0.047760
462.908000	0.039368
462.908100	0.037384
462.908200	0.037842
462.908300	0.039215
462.908400	0.051270
462.908500	0.052795
462.908600	0.057220
462.908700	0.055084
462.908800	0.061035
462.908900	0.068970
462.909000	0.076599
462.909100	0.082092
462.909200	0.094757
462.909300	0.096130
462.909400	0.094910
462.909500	0.090637
462.909600	0.082703
462.909700	0.079498
462.909800	0.080261
462.909900	0.081635
462.910000	0.085144
462.910100	0.082397
462.910200	0.072327
462.910300	0.058746
462.910400	0.041962
462.910500	0.027313
462.910600	0.010986
462.910700	0.011749
462.910800	0.008087
462.910900	0.010223
462.911000	0.015564
462.911100	0.023804
462.911200	0.031433
462.911300	0.038910
462.911400	0.035706
462.911500	0.034790
462.911600	0.049133
462.911700	0.070953
462.911800	0.108643
462.911900	0.140991
462.912000	0.161896
462.912100	0.172119
462.912200	0.168304
462.912300	0.188599
462.912400	0.278015
462.912500	0.476379
462.912600	0.680084
462.912700	0.877075
462.912800	1.038208
462.912900	0.906067
462.913000	0.435944
462.913100	-0.072937
462.913200	-0.434418
462.913300	-0.699768
462.913400	-0.914917
462.913500	-0.972290
462.913600	-0.884705
462.913700	-0.801849
462.913800	-0.723114
462.913900	-0.514526
462.914000	-0.226593
462.914100	-0.032349
462.914200	0.053253
462.914300	0.078888
462.914400	0.095825
462.914500	0.141296
462.914600	0.271912
462.914700	0.536346
462.914800	0.876007
462.914900	1.112518
462.915000	1.178589
462.915100	1.119995
462.915200	0.871887
462.915300	0.428009
462.915400	-0.069122
462.915500	-0.563507
462.915600	-0.914001
462.915700	-1.076050
462.915800	-1.044159
462.915900	-0.902863
462.916000	-0.636139
462.916100	-0.325165
462.916200	-0.097504
462.916300	0.008087
462.916400	0.050659
462.916500	0.062866
462.916600	0.058594
462.916700	0.065613
462.916800	0.080872
462.916900	0.093079
462.917000	0.099945
462.917100	0.095825
462.917200	0.097351
462.917300	0.097961
462.917400	0.094147
462.917500	0.093536
462.917600	0.094604
462.917700	0.098114
462.917800	0.096436
462.917900	0.092316
462.918000	0.090790
462.918100	0.089111
462.918200	0.081482
462.918300	0.078583
462.918400	0.063629
462.918500	0.073700
462.918600	0.076904
462.918700	0.080719
462.918800	0.079346
462.918900	0.078735
462.919000	0.057678
462.919100	0.047607
462.919200	0.037231
462.919300	0.037231
462.919400	0.041962
462.919500	0.041199
462.919600	0.051575
462.919700	0.057220
462.919800	0.063477
462.919900	0.069275
462.920000	0.073242
462.920100	0.075684
462.920200	0.074463
462.920300	0.082397
462.920400	0.075836
462.920500	0.072174
462.920600	0.079346
462.920700	0.074463
462.920800	0.082245
462.920900	0.151978
462.921000	0.411682
462.921100	1.054077
462.921200	2.132111
462.921300	3.081360
462.921400	3.518066
462.921500	3.504181
462.921600	2.562408
462.921700	0.746307
462.921800	-1.076965
462.921900	-2.826233
462.922000	-3.438416
462.922100	-3.448181
462.922200	-2.973175
462.922300	-1.955414
462.922400	-1.203613
462.922500	-0.344543
462.922600	-0.058441
462.922700	0.035095
462.922800	0.066528
462.922900	0.074615
462.923000	0.076904
462.923100	0.084076
462.923200	0.088959
462.923300	0.099030
462.923400	0.103302
462.923500	0.111389
462.923600	0.114594
462.923700	0.115051
462.923800	0.107880
462.923900	0.097046
462.924000	0.092926
462.924100	0.076599
462.924200	0.071106
462.924300	0.068817
462.924400	0.065613
462.924500	0.066223
462.924600	0.058441
462.924700	0.061951
462.924800	0.068970
462.924900	0.082397
462.925000	0.085754
462.925100	0.093842
462.925200	0.082855
462.925300	0.074310
462.925400	0.061646
462.925500	0.052185
462.925600	0.051270
462.925700	0.053864
462.925800	0.056610
462.925900	0.060883
462.926000	0.055237
462.926100	0.058441
462.926200	0.070496
462.926300	0.073547
462.926400	0.075531
462.926500	0.071106
462.926600	0.078430
462.926700	0.073853
462.926800	0.074463
462.926900	0.067902
462.927000	0.074768
462.927100	0.068207
462.927200	0.068665
462.927300	0.063019
462.927400	0.068512
462.927500	0.067139
462.927600	0.068665
462.927700	0.069580
462.927800	0.071716
462.927900	0.073547
462.928000	0.077057
462.928100	0.082397
462.928200	0.084381
462.928300	0.083923
462.928400	0.078430
462.928500	0.067139
462.928600	0.062408
462.928700	0.056915
462.928800	0.049744
462.928900	0.052185
462.929000	0.044556
462.929100	0.047913
462.929200	0.059509
462.929300	0.078430
462.929400	0.140381
462.929500	0.249786
462.929600	0.421143
462.929700	0.587463
462.929800	0.607605
462.929900	0.559540
462.930000	0.484772
462.930100	0.436096
462.930200	0.436249
462.930300	0.509949
462.930400	0.574646
462.930500	0.547791
462.930600	0.392609
462.930700	0.042267
462.930800	-0.431519
462.930900	-0.777130
462.931000	-0.984650
462.931100	-1.015625
462.931200	-0.911102
462.931300	-0.723724
462.931400	-0.469360
462.931500	-0.228729
462.931600	-0.068359
462.931700	0.006409
462.931800	0.035553
462.931900	0.051270
462.932000	0.055847
462.932100	0.067139
462.932200	0.075684
462.932300	0.094757
462.932400	0.112152
462.932500	0.121307
462.932600	0.122223
462.932700	0.107880
462.932800	0.085754
462.932900	0.062256
462.933000	0.035553
462.933100	0.020752
462.933200	0.011597
462.933300	0.022125
462.933400	0.037842
462.933500	0.058594
462.933600	0.065918
462.933700	0.076447
462.933800	0.086212
462.933900	0.134125
462.934000	0.273743
462.934100	0.560760
462.934200	0.975037
462.934300	1.211853
462.934400	1.291199
462.934500	1.303253
462.934600	0.941315
462.934700	0.248718
462.934800	-0.524750
462.934900	-1.067810
462.935000	-1.187592
462.935100	-1.238403
462.935200	-1.195526
462.935300	-0.833893
462.935400	-0.414886
462.935500	-0.123291
462.935600	0.011597
462.935700	0.060425
462.935800	0.065308
462.935900	0.069733
462.936000	0.073853
462.936100	0.068512
462.936200	0.072784
462.936300	0.072784
462.936400	0.071869
462.936500	0.078278
462.936600	0.067444
462.936700	0.063629
462.936800	0.068207
462.936900	0.064392
462.937000	0.065765
462.937100	0.059052
462.937200	0.055542
462.937300	0.055237
462.937400	0.062408
462.937500	0.060730
462.937600	0.057373
462.937700	0.060425
462.937800	0.064392
462.937900	0.061646
462.938000	0.063171
462.938100	0.074005
462.938200	0.083923
462.938300	0.087280
462.938400	0.088806
462.938500	0.087891
462.938600	0.079956
462.938700	0.079956
462.938800	0.071869
462.938900	0.071411
462.939000	0.059052
462.939100	0.065460
462.939200	0.102997
462.939300	0.228729
462.939400	0.479584
462.939500	0.854492
462.939600	1.202850
462.939700	1.385193
462.939800	1.356506
462.939900	1.102295
462.940000	0.622864
462.940100	0.041199
462.940200	-0.542755
462.940300	-0.987549
462.940400	-1.181641
462.940500	-1.266327
462.940600	-1.189880
462.940700	-0.829926
462.940800	-0.474243
462.940900	-0.196838
462.941000	-0.034943
462.941100	0.031891
462.941200	0.054474
462.941300	0.058594
462.941400	0.067444
462.941500	0.063629
462.941600	0.060730
462.941700	0.062408
462.941800	0.054016
462.941900	0.060577
462.942000	0.061798
462.942100	0.060120
462.942200	0.068054
462.942300	0.069427
462.942400	0.069733
462.942500	0.069122
462.942600	0.066986
462.942700	0.062866
462.942800	0.068359
462.942900	0.070801
462.943000	0.072479
462.943100	0.075531
462.943200	0.077515
462.943300	0.076141
462.943400	0.081482
462.943500	0.090790
462.943600	0.106049
462.943700	0.114899
462.943800	0.111389
462.943900	0.101776
462.944000	0.091095
462.944100	0.074921
462.944200	0.054779
462.944300	0.037994
462.944400	0.024414
462.944500	0.011902
462.944600	0.006409
462.944700	0.008087
462.944800	0.020142
462.944900	0.037842
462.945000	0.050964
462.945100	0.057983
462.945200	0.062408
462.945300	0.065918
462.945400	0.069580
462.945500	0.080261
462.945600	0.093384
462.945700	0.104523
462.945800	0.107574
462.945900	0.104980
462.946000	0.092010
462.946100	0.064850
462.946200	0.045471
462.946300	0.028839
462.946400	0.014954
462.946500	0.022125
462.946600	0.028381
462.946700	0.045319
462.946800	0.057220
462.946900	0.062561
462.947000	0.067749
462.947100	0.056152
462.947200	0.051117
462.947300	0.053558
462.947400	0.046844
462.947500	0.048065
462.947600	0.048523
462.947700	0.051727
462.947800	0.054932
462.947900	0.060272
462.948000	0.055542
462.948100	0.060272
462.948200	0.061951
462.948300	0.061646
462.948400	0.059662
462.948500	0.049896
462.948600	0.056763
462.948700	0.056915
462.948800	0.059967
462.948900	0.059509
462.949000	0.055847
462.949100	0.056610
462.949200	0.059204
462.949300	0.055084
462.949400	0.057373
462.949500	0.061951
462.949600	0.063171
462.949700	0.060577
462.949800	0.056915
462.949900	0.055847
462.950000	0.055542
462.950100	0.054321
462.950200	0.048218
462.950300	0.052032
462.950400	0.048370
