342.474500	0.001221
342.474600	-0.001068
342.474700	0.004883
342.474800	0.005493
342.474900	0.008545
342.475000	0.002747
342.475100	0.006866
342.475200	0.013428
342.475300	0.009766
342.475400	0.015411
342.475500	0.015564
342.475600	0.021973
342.475700	0.021362
342.475800	0.023041
342.475900	0.021057
342.476000	0.018005
342.476100	0.024414
342.476200	0.018921
342.476300	0.015411
342.476400	0.016632
342.476500	0.018005
342.476600	0.021210
342.476700	0.023804
342.476800	0.021362
342.476900	0.021362
342.477000	0.021973
342.477100	0.019989
342.477200	0.024109
342.477300	0.031281
342.477400	0.026703
342.477500	0.029602
342.477600	0.032654
342.477700	0.029907
342.477800	0.030670
342.477900	0.028076
342.478000	0.025787
342.478100	0.033569
342.478200	0.033112
342.478300	0.030060
342.478400	0.027008
342.478500	0.025330
342.478600	0.033264
342.478700	0.027466
342.478800	0.028381
342.478900	0.029602
342.479000	0.026855
342.479100	0.026550
342.479200	0.024872
342.479300	0.024567
342.479400	0.021973
342.479500	0.020905
342.479600	0.018463
342.479700	0.020905
342.479800	0.017853
342.479900	0.012665
342.480000	0.014648
342.480100	0.011139
342.480200	0.011292
342.480300	0.009003
342.480400	0.011139
342.480500	0.014191
342.480600	0.016327
342.480700	0.012817
342.480800	0.009155
342.480900	0.003815
342.481000	0.005798
342.481100	0.007324
342.481200	0.007935
342.481300	0.005646
342.481400	0.005493
342.481500	0.004578
342.481600	0.006104
342.481700	0.008545
342.481800	0.006866
342.481900	0.007782
342.482000	0.003204
342.482100	0.002289
342.482200	0.000000
342.482300	0.002747
342.482400	0.001221
342.482500	-0.000458
342.482600	0.004730
342.482700	0.000153
342.482800	0.004578
342.482900	0.005951
342.483000	0.006714
342.483100	0.000610
342.483200	0.005188
342.483300	0.007324
342.483400	0.001984
342.483500	-0.001831
342.483600	0.000000
342.483700	0.002747
342.483800	0.002136
342.483900	0.003815
342.484000	-0.000305
342.484100	0.008698
342.484200	0.004730
342.484300	0.005188
342.484400	0.013428
342.484500	0.007019
342.484600	0.006409
342.484700	0.010376
342.484800	0.008392
342.484900	0.006561
342.485000	0.005341
342.485100	0.005035
342.485200	0.011444
342.485300	0.011597
342.485400	0.013885
342.485500	0.010681
342.485600	0.009003
342.485700	0.014954
342.485800	0.012817
342.485900	0.013733
342.486000	0.014954
342.486100	0.010529
342.486200	0.018463
342.486300	0.016327
342.486400	0.018005
342.486500	0.016174
342.486600	0.018311
342.486700	0.010986
342.486800	0.019379
342.486900	0.011749
342.487000	0.012512
342.487100	0.016937
342.487200	0.014038
342.487300	0.014038
342.487400	0.012665
342.487500	0.011749
342.487600	0.010223
342.487700	0.011749
342.487800	0.011749
342.487900	0.012970
342.488000	0.005188
342.488100	0.008240
342.488200	0.010071
342.488300	0.011292
342.488400	0.008850
342.488500	0.008698
342.488600	0.007324
342.488700	0.000916
342.488800	0.005646
342.488900	0.001068
342.489000	-0.001221
342.489100	-0.001068
342.489200	-0.002136
342.489300	0.001984
342.489400	-0.002747
342.489500	-0.002899
342.489600	-0.003052
342.489700	-0.001221
342.489800	0.002441
342.489900	0.003204
342.490000	-0.003357
342.490100	-0.002747
342.490200	-0.004730
342.490300	0.001678
342.490400	0.000305
342.490500	0.000153
342.490600	-0.002747
342.490700	0.001221
342.490800	0.002136
342.490900	0.002899
342.491000	0.008850
342.491100	0.009613
342.491200	0.010986
342.491300	0.013733
342.491400	0.011292
342.491500	0.012207
342.491600	0.019531
342.491700	0.014496
342.491800	0.015411
342.491900	0.018463
342.492000	0.016632
342.492100	0.013885
342.492200	0.011597
342.492300	0.007019
342.492400	0.001221
342.492500	-0.010071
342.492600	-0.018921
342.492700	-0.035858
342.492800	-0.052032
342.492900	-0.075836
342.493000	-0.095215
342.493100	-0.133057
342.493200	-0.166931
342.493300	-0.210266
342.493400	-0.260620
342.493500	-0.309906
342.493600	-0.369263
342.493700	-0.430908
342.493800	-0.497894
342.493900	-0.575562
342.494000	-0.655975
342.494100	-0.740509
342.494200	-0.813141
342.494300	-0.890198
342.494400	-0.965271
342.494500	-1.039276
342.494600	-1.110535
342.494700	-1.173401
342.494800	-1.220245
342.494900	-1.236267
342.495000	-1.308899
342.495100	-1.338654
342.495200	-1.357269
342.495300	-1.372070
342.495400	-1.374969
342.495500	-1.373596
342.495600	-1.370087
342.495700	-1.348724
342.495800	-1.331940
342.495900	-1.303406
342.496000	-1.277466
342.496100	-1.277161
342.496200	-1.163025
342.496300	-1.097412
342.496400	-1.015015
342.496500	-0.921326
342.496600	-0.812683
342.496700	-0.692139
342.496800	-0.564117
342.496900	-0.429687
342.497000	-0.283813
342.497100	-0.136719
342.497200	0.014191
342.497300	0.174561
342.497400	0.332184
342.497500	0.490723
342.497600	0.650177
342.497700	0.804443
342.497800	0.956421
342.497900	1.098022
342.498000	1.226959
342.498100	1.350555
342.498200	1.459045
342.498300	1.553040
342.498400	1.633606
342.498500	1.703949
342.498600	1.756897
342.498700	1.796875
342.498800	1.821594
342.498900	1.833496
342.499000	1.840363
342.499100	1.842346
342.499200	1.825562
342.499300	1.806793
342.499400	1.776886
342.499500	1.747589
342.499600	1.705780
342.499700	1.655121
342.499800	1.601257
342.499900	1.540070
342.500000	1.471863
342.500100	1.399994
342.500200	1.320953
342.500300	1.237030
342.500400	1.141052
342.500500	1.037140
342.500600	0.942688
342.500700	0.839386
342.500800	0.740662
342.500900	0.648804
342.501000	0.556793
342.501100	0.467072
342.501200	0.381775
342.501300	0.305176
342.501400	0.241852
342.501500	0.176239
342.501600	0.121765
342.501700	0.073700
342.501800	0.031281
342.501900	0.000610
342.502000	-0.036621
342.502100	-0.058594
342.502200	-0.079651
342.502300	-0.086060
342.502400	-0.103607
342.502500	-0.117645
342.502600	-0.125885
342.502700	-0.126953
342.502800	-0.129242
342.502900	-0.131226
342.503000	-0.135193
342.503100	-0.134277
342.503200	-0.139923
342.503300	-0.137482
342.503400	-0.137634
342.503500	-0.137482
342.503600	-0.134430
342.503700	-0.128632
342.503800	-0.125122
342.503900	-0.125275
342.504000	-0.125580
342.504100	-0.122223
342.504200	-0.122070
342.504300	-0.119629
342.504400	-0.115051
342.504500	-0.112610
342.504600	-0.108948
342.504700	-0.102539
342.504800	-0.105896
342.504900	-0.100403
342.505000	-0.103912
342.505100	-0.099182
342.505200	-0.097961
342.505300	-0.097351
342.505400	-0.099030
342.505500	-0.098267
342.505600	-0.090790
342.505700	-0.093689
342.505800	-0.094757
342.505900	-0.093231
342.506000	-0.089874
342.506100	-0.090332
342.506200	-0.091705
342.506300	-0.086670
342.506400	-0.085602
342.506500	-0.087585
342.506600	-0.091400
342.506700	-0.089417
342.506800	-0.082092
342.506900	-0.090027
342.507000	-0.091400
342.507100	-0.092468
342.507200	-0.091095
342.507300	-0.091858
342.507400	-0.090027
342.507500	-0.090485
342.507600	-0.088959
342.507700	-0.090027
342.507800	-0.084686
342.507900	-0.081024
342.508000	-0.083923
342.508100	-0.083008
342.508200	-0.085754
342.508300	-0.077515
342.508400	-0.080414
342.508500	-0.073547
342.508600	-0.078583
342.508700	-0.073395
342.508800	-0.072174
342.508900	-0.068054
342.509000	-0.066681
342.509100	-0.062714
342.509200	-0.055542
342.509300	-0.060883
342.509400	-0.053253
342.509500	-0.058594
342.509600	-0.046997
342.509700	-0.049896
342.509800	-0.053253
342.509900	-0.050964
342.510000	-0.048065
342.510100	-0.043488
342.510200	-0.049591
342.510300	-0.052643
342.510400	-0.059052
342.510500	-0.060577
342.510600	-0.068665
342.510700	-0.077667
342.510800	-0.089264
342.510900	-0.101166
342.511000	-0.117645
342.511100	-0.132904
342.511200	-0.151520
342.511300	-0.172119
342.511400	-0.199585
342.511500	-0.228729
342.511600	-0.263062
342.511700	-0.298920
342.511800	-0.336914
342.511900	-0.382690
342.512000	-0.438843
342.512100	-0.482635
342.512200	-0.533752
342.512300	-0.593414
342.512400	-0.650330
342.512500	-0.696259
342.512600	-0.735626
342.512700	-0.771790
342.512800	-0.804749
342.512900	-0.825348
342.513000	-0.850677
342.513100	-0.863037
342.513200	-0.871582
342.513300	-0.880737
342.513400	-0.886230
342.513500	-0.892944
342.513600	-0.892334
342.513700	-0.892334
342.513800	-0.879059
342.513900	-0.862122
342.514000	-0.835571
342.514100	-0.799103
342.514200	-0.744324
342.514300	-0.689240
342.514400	-0.615540
342.514500	-0.535431
342.514600	-0.453796
342.514700	-0.364075
342.514800	-0.266266
342.514900	-0.167389
342.515000	-0.065918
342.515100	0.031128
342.515200	0.131836
342.515300	0.238190
342.515400	0.339661
342.515500	0.445251
342.515600	0.534668
342.515700	0.621643
342.515800	0.711212
342.515900	0.779877
342.516000	0.841980
342.516100	0.887451
342.516200	0.923309
342.516300	0.940094
342.516400	0.951691
342.516500	0.945740
342.516600	0.945892
342.516700	0.933228
342.516800	0.924072
342.516900	0.907135
342.517000	0.894775
342.517100	0.886383
342.517200	0.869904
342.517300	0.857391
342.517400	0.838013
342.517500	0.810089
342.517600	0.778351
342.517700	0.751801
342.517800	0.715637
342.517900	0.677032
342.518000	0.644836
342.518100	0.615234
342.518200	0.591278
342.518300	0.576935
342.518400	0.564880
342.518500	0.558319
342.518600	0.559692
342.518700	0.559387
342.518800	0.564270
342.518900	0.575562
342.519000	0.582886
342.519100	0.592651
342.519200	0.600128
342.519300	0.603485
342.519400	0.602570
342.519500	0.602264
342.519600	0.603027
342.519700	0.596771
342.519800	0.582733
342.519900	0.564728
342.520000	0.538635
342.520100	0.513916
342.520200	0.477905
342.520300	0.432434
342.520400	0.389404
342.520500	0.344238
342.520600	0.292664
342.520700	0.242462
342.520800	0.194855
342.520900	0.145264
342.521000	0.106659
342.521100	0.065155
342.521200	0.034180
342.521300	0.001526
342.521400	-0.028992
342.521500	-0.052643
342.521600	-0.073090
342.521700	-0.083618
342.521800	-0.101013
342.521900	-0.111542
342.522000	-0.121765
342.522100	-0.135956
342.522200	-0.136261
342.522300	-0.135040
342.522400	-0.140991
342.522500	-0.143280
342.522600	-0.146484
342.522700	-0.148926
342.522800	-0.143433
342.522900	-0.146332
342.523000	-0.146942
342.523100	-0.141907
342.523200	-0.138855
342.523300	-0.132446
342.523400	-0.130768
342.523500	-0.131531
342.523600	-0.128174
342.523700	-0.131073
342.523800	-0.130768
342.523900	-0.131836
342.524000	-0.127563
342.524100	-0.123749
342.524200	-0.122681
342.524300	-0.124512
342.524400	-0.122223
342.524500	-0.119019
342.524600	-0.120087
342.524700	-0.124054
342.524800	-0.121613
342.524900	-0.121613
342.525000	-0.119324
342.525100	-0.122528
342.525200	-0.116730
342.525300	-0.123138
342.525400	-0.120850
342.525500	-0.120850
342.525600	-0.115662
342.525700	-0.119629
342.525800	-0.118408
342.525900	-0.114288
342.526000	-0.109406
342.526100	-0.115814
342.526200	-0.110626
342.526300	-0.107880
342.526400	-0.104980
342.526500	-0.104065
342.526600	-0.105286
342.526700	-0.108948
342.526800	-0.103149
342.526900	-0.104523
342.527000	-0.099945
342.527100	-0.101624
342.527200	-0.103760
342.527300	-0.102844
342.527400	-0.105286
342.527500	-0.101776
342.527600	-0.102234
342.527700	-0.100861
342.527800	-0.108185
342.527900	-0.104065
342.528000	-0.104370
