600.829700	0.023193
600.829800	0.021057
600.829900	0.020447
600.830000	0.025635
600.830100	0.022583
600.830200	0.024109
600.830300	0.027771
600.830400	0.022430
600.830500	0.021667
600.830600	0.029144
600.830700	0.029297
600.830800	0.023041
600.830900	0.018921
600.831000	0.025787
600.831100	0.024109
600.831200	0.024261
600.831300	0.020752
600.831400	0.027466
600.831500	0.022888
600.831600	0.020599
600.831700	0.019073
600.831800	0.021057
600.831900	0.025024
600.832000	0.023651
600.832100	0.022583
600.832200	0.026398
600.832300	0.023346
600.832400	0.020294
600.832500	0.021362
600.832600	0.020752
600.832700	0.019226
600.832800	0.019531
600.832900	0.024567
600.833000	0.023346
600.833100	0.017548
600.833200	0.017548
600.833300	0.022736
600.833400	0.021667
600.833500	0.023499
600.833600	0.022583
600.833700	0.020447
600.833800	0.017395
600.833900	0.016022
600.834000	0.020752
600.834100	0.027008
600.834200	0.027161
600.834300	0.032959
600.834400	0.026550
600.834500	0.024872
600.834600	0.028839
600.834700	0.021362
600.834800	0.024567
600.834900	0.023956
600.835000	0.021057
600.835100	0.024414
600.835200	0.024414
600.835300	0.020752
600.835400	0.024261
600.835500	0.025635
600.835600	0.026550
600.835700	0.027161
600.835800	0.025177
600.835900	0.023346
600.836000	0.025024
600.836100	0.026855
600.836200	0.025635
600.836300	0.026550
600.836400	0.020142
600.836500	0.019684
600.836600	0.019073
600.836700	0.014343
600.836800	0.021515
600.836900	0.022125
600.837000	0.023041
600.837100	0.018768
600.837200	0.021515
600.837300	0.024414
600.837400	0.023956
600.837500	0.024719
600.837600	0.022430
600.837700	0.026550
600.837800	0.020447
600.837900	0.023651
600.838000	0.024109
600.838100	0.020905
600.838200	0.024719
600.838300	0.022430
600.838400	0.023041
600.838500	0.019836
600.838600	0.023193
600.838700	0.019989
600.838800	0.022125
600.838900	0.018768
600.839000	0.018005
600.839100	0.021667
600.839200	0.016785
600.839300	0.020752
600.839400	0.018005
600.839500	0.018158
600.839600	0.018311
600.839700	0.019684
600.839800	0.023499
600.839900	0.025330
600.840000	0.025024
600.840100	0.023041
600.840200	0.022430
600.840300	0.021667
600.840400	0.023193
600.840500	0.021973
600.840600	0.021515
600.840700	0.023041
600.840800	0.021515
600.840900	0.021820
600.841000	0.023956
600.841100	0.025024
600.841200	0.022888
600.841300	0.024109
600.841400	0.020294
600.841500	0.023193
600.841600	0.022888
600.841700	0.018311
600.841800	0.017700
600.841900	0.022888
600.842000	0.020294
600.842100	0.021973
600.842200	0.021057
600.842300	0.016632
600.842400	0.020905
600.842500	0.019379
600.842600	0.018768
600.842700	0.017090
600.842800	0.020142
600.842900	0.012512
600.843000	0.016327
600.843100	0.020294
600.843200	0.020599
600.843300	0.019836
600.843400	0.020752
600.843500	0.018921
600.843600	0.017548
600.843700	0.020905
600.843800	0.021210
600.843900	0.021973
600.844000	0.020447
600.844100	0.027618
600.844200	0.026398
600.844300	0.022125
600.844400	0.020142
600.844500	0.020905
600.844600	0.017548
600.844700	0.019531
600.844800	0.019073
600.844900	0.017090
600.845000	0.017090
600.845100	0.021973
600.845200	0.023041
600.845300	0.024567
600.845400	0.018768
600.845500	0.019989
600.845600	0.029755
600.845700	0.027618
600.845800	0.021973
600.845900	0.021667
600.846000	0.021362
600.846100	0.027466
600.846200	0.025940
600.846300	0.023193
600.846400	0.019989
600.846500	0.019684
600.846600	0.017853
600.846700	0.023193
600.846800	0.025177
600.846900	0.022736
600.847000	0.027771
600.847100	0.027771
600.847200	0.022583
600.847300	0.025024
600.847400	0.016785
600.847500	0.019226
600.847600	0.020294
600.847700	0.020294
600.847800	0.018005
600.847900	0.024414
600.848000	0.021515
600.848100	0.020447
600.848200	0.019531
600.848300	0.023651
600.848400	0.019989
600.848500	0.021515
600.848600	0.023193
600.848700	0.018768
600.848800	0.025635
600.848900	0.026855
600.849000	0.027313
600.849100	0.025940
600.849200	0.025635
600.849300	0.030212
600.849400	0.023956
600.849500	0.017853
600.849600	0.026550
600.849700	0.022583
600.849800	0.022278
600.849900	0.022736
600.850000	0.025330
600.850100	0.025787
600.850200	0.025787
600.850300	0.022125
600.850400	0.023041
600.850500	0.025024
600.850600	0.016174
600.850700	0.021362
600.850800	0.025940
600.850900	0.024872
600.851000	0.025177
600.851100	0.022583
600.851200	0.017242
600.851300	0.022583
600.851400	0.025482
600.851500	0.024567
600.851600	0.024567
600.851700	0.024109
600.851800	0.024109
600.851900	0.028229
600.852000	0.022125
600.852100	0.025787
600.852200	0.023346
600.852300	0.021210
600.852400	0.022736
600.852500	0.020142
600.852600	0.020905
600.852700	0.022583
600.852800	0.022888
600.852900	0.019989
600.853000	0.027771
600.853100	0.022430
600.853200	0.019531
600.853300	0.021515
600.853400	0.020599
600.853500	0.014343
600.853600	0.015564
600.853700	0.022888
600.853800	0.019989
600.853900	0.019836
600.854000	0.021667
600.854100	0.027618
600.854200	0.024414
600.854300	0.025787
600.854400	0.021515
600.854500	0.023499
600.854600	0.024719
600.854700	0.021210
600.854800	0.021362
600.854900	0.021210
600.855000	0.024261
600.855100	0.025330
600.855200	0.024567
600.855300	0.028076
600.855400	0.020294
600.855500	0.021362
600.855600	0.020599
600.855700	0.023651
600.855800	0.023041
600.855900	0.026550
600.856000	0.023193
600.856100	0.021362
600.856200	0.021210
600.856300	0.024261
600.856400	0.026703
600.856500	0.023193
600.856600	0.023041
600.856700	0.022278
600.856800	0.019684
600.856900	0.019836
600.857000	0.025940
600.857100	0.015717
600.857200	0.016937
600.857300	0.023651
600.857400	0.021973
600.857500	0.022430
600.857600	0.021057
600.857700	0.017548
600.857800	0.019226
600.857900	0.019531
600.858000	0.025940
600.858100	0.022736
600.858200	0.019989
600.858300	0.023956
600.858400	0.024567
600.858500	0.023041
600.858600	0.020905
600.858700	0.022125
600.858800	0.024872
600.858900	0.019989
600.859000	0.019531
600.859100	0.021973
600.859200	0.015259
600.859300	0.020142
600.859400	0.021210
600.859500	0.020294
600.859600	0.019073
600.859700	0.020142
600.859800	0.023499
600.859900	0.022430
600.860000	0.019989
600.860100	0.020905
600.860200	0.023499
600.860300	0.019531
600.860400	0.018311
600.860500	0.022430
600.860600	0.019989
600.860700	0.020142
600.860800	0.021667
600.860900	0.020142
600.861000	0.025024
600.861100	0.022430
600.861200	0.021362
600.861300	0.024261
600.861400	0.022430
600.861500	0.022278
600.861600	0.022278
600.861700	0.026398
600.861800	0.021820
600.861900	0.019531
600.862000	0.018768
600.862100	0.019684
600.862200	0.019379
600.862300	0.020752
600.862400	0.027008
600.862500	0.019073
600.862600	0.022278
600.862700	0.020905
600.862800	0.024567
600.862900	0.024109
600.863000	0.024261
600.863100	0.018463
600.863200	0.018768
600.863300	0.016479
600.863400	0.021057
600.863500	0.025482
600.863600	0.028229
600.863700	0.020752
600.863800	0.023499
600.863900	0.022430
600.864000	0.024719
600.864100	0.027924
600.864200	0.021057
600.864300	0.024414
600.864400	0.021667
600.864500	0.021057
600.864600	0.020447
600.864700	0.022125
600.864800	0.017395
600.864900	0.019073
600.865000	0.021057
600.865100	0.023651
600.865200	0.024414
600.865300	0.022583
600.865400	0.016022
600.865500	0.022278
600.865600	0.023499
600.865700	0.019073
600.865800	0.021362
600.865900	0.025940
600.866000	0.027466
600.866100	0.024719
600.866200	0.026093
600.866300	0.023651
600.866400	0.019531
600.866500	0.019684
600.866600	0.019379
600.866700	0.024872
600.866800	0.021820
600.866900	0.021515
600.867000	0.023499
600.867100	0.028839
600.867200	0.021210
600.867300	0.022430
600.867400	0.021057
600.867500	0.021973
600.867600	0.024109
600.867700	0.025787
600.867800	0.024109
600.867900	0.025787
600.868000	0.025024
600.868100	0.024872
600.868200	0.027924
600.868300	0.025482
600.868400	0.020599
600.868500	0.025330
600.868600	0.024261
600.868700	0.024109
600.868800	0.020447
600.868900	0.021057
600.869000	0.022430
600.869100	0.024109
600.869200	0.026550
600.869300	0.027008
600.869400	0.017548
600.869500	0.025940
600.869600	0.025177
600.869700	0.022583
600.869800	0.016632
600.869900	0.022125
600.870000	0.012665
600.870100	0.023956
600.870200	0.022583
600.870300	0.022583
600.870400	0.020905
600.870500	0.023499
600.870600	0.018616
600.870700	0.021820
600.870800	0.018311
600.870900	0.024261
600.871000	0.025177
600.871100	0.020447
600.871200	0.025330
600.871300	0.025787
600.871400	0.022125
600.871500	0.023499
600.871600	0.024109
600.871700	0.022278
600.871800	0.023346
600.871900	0.015717
600.872000	0.022278
600.872100	0.018158
600.872200	0.023499
600.872300	0.027008
600.872400	0.023346
600.872500	0.024109
600.872600	0.023193
600.872700	0.025635
600.872800	0.023804
600.872900	0.023193
600.873000	0.023651
600.873100	0.023041
600.873200	0.021362
600.873300	0.019989
600.873400	0.023346
600.873500	0.022125
600.873600	0.021973
600.873700	0.019379
600.873800	0.025635
600.873900	0.021973
600.874000	0.023193
600.874100	0.022736
600.874200	0.020447
600.874300	0.021210
600.874400	0.021820
600.874500	0.023499
600.874600	0.024567
600.874700	0.025177
600.874800	0.027771
600.874900	0.027924
600.875000	0.027924
600.875100	0.026855
600.875200	0.026398
600.875300	0.025635
600.875400	0.021362
600.875500	0.026398
600.875600	0.025787
600.875700	0.022278
600.875800	0.021973
600.875900	0.024261
600.876000	0.026245
600.876100	0.026245
600.876200	0.025482
600.876300	0.024719
600.876400	0.022125
600.876500	0.021362
600.876600	0.021515
600.876700	0.021515
600.876800	0.025787
600.876900	0.019989
600.877000	0.024719
600.877100	0.021820
600.877200	0.023193
600.877300	0.021057
600.877400	0.022278
600.877500	0.021057
600.877600	0.023193
600.877700	0.025635
600.877800	0.019684
600.877900	0.025024
600.878000	0.027008
600.878100	0.019684
600.878200	0.021667
600.878300	0.020752
600.878400	0.023193
600.878500	0.022736
600.878600	0.018311
600.878700	0.019836
600.878800	0.021973
600.878900	0.027161
600.879000	0.028839
600.879100	0.027313
600.879200	0.027466
600.879300	0.023499
600.879400	0.021210
600.879500	0.022430
600.879600	0.022278
600.879700	0.025787
600.879800	0.024872
600.879900	0.023499
600.880000	0.024261
600.880100	0.027008
600.880200	0.023804
600.880300	0.023804
600.880400	0.024109
600.880500	0.017700
600.880600	0.018311
600.880700	0.026855
600.880800	0.021515
600.880900	0.020752
600.881000	0.018768
600.881100	0.017395
600.881200	0.021210
600.881300	0.020905
600.881400	0.026093
600.881500	0.023346
600.881600	0.024109
600.881700	0.025940
600.881800	0.023346
600.881900	0.023499
600.882000	0.022888
600.882100	0.028992
600.882200	0.027313
600.882300	0.023804
600.882400	0.022583
600.882500	0.025024
600.882600	0.025177
600.882700	0.020142
600.882800	0.024872
600.882900	0.021667
600.883000	0.019836
600.883100	0.025482
600.883200	0.024414
