62.154500	-0.012665
62.154600	-0.008240
62.154700	-0.010223
62.154800	-0.009308
62.154900	-0.010223
62.155000	-0.004425
62.155100	-0.007019
62.155200	-0.010681
62.155300	-0.011444
62.155400	-0.011749
62.155500	-0.006714
62.155600	-0.004120
62.155700	-0.008698
62.155800	-0.011139
62.155900	-0.006714
62.156000	-0.006409
62.156100	-0.007324
62.156200	-0.004883
62.156300	-0.000458
62.156400	-0.003967
62.156500	-0.004120
62.156600	-0.006866
62.156700	-0.002747
62.156800	-0.002594
62.156900	0.002899
62.157000	0.000305
62.157100	0.000763
62.157200	0.000458
62.157300	0.004730
62.157400	0.005798
62.157500	0.004120
62.157600	0.005188
62.157700	0.007629
62.157800	0.003662
62.157900	0.004883
62.158000	0.002899
62.158100	0.005188
62.158200	0.004425
62.158300	0.002899
62.158400	0.002289
62.158500	0.005035
62.158600	0.004120
62.158700	0.005188
62.158800	0.005035
62.158900	0.004578
62.159000	0.004883
62.159100	0.008240
62.159200	0.007629
62.159300	0.004272
62.159400	0.007782
62.159500	0.007324
62.159600	0.005035
62.159700	0.007324
62.159800	0.006256
62.159900	0.005493
62.160000	0.011597
62.160100	0.011444
62.160200	0.014038
62.160300	0.012512
62.160400	0.011292
62.160500	0.009766
62.160600	0.012665
62.160700	0.010223
62.160800	0.015411
62.160900	0.012207
62.161000	0.014801
62.161100	0.009308
62.161200	0.013580
62.161300	0.016937
62.161400	0.014496
62.161500	0.017242
62.161600	0.011292
62.161700	0.010834
62.161800	0.005493
62.161900	0.014191
62.162000	0.013428
62.162100	0.010681
62.162200	0.009308
62.162300	0.012817
62.162400	0.014648
62.162500	0.017395
62.162600	0.018921
62.162700	0.022888
62.162800	0.023804
62.162900	0.024414
62.163000	0.025177
62.163100	0.025787
62.163200	0.027161
62.163300	0.024872
62.163400	0.023956
62.163500	0.027618
62.163600	0.033417
62.163700	0.028534
62.163800	0.032196
62.163900	0.030060
62.164000	0.036926
62.164100	0.030060
62.164200	0.029602
62.164300	0.032806
62.164400	0.036316
62.164500	0.032501
62.164600	0.034485
62.164700	0.036469
62.164800	0.032349
62.164900	0.033722
62.165000	0.036163
62.165100	0.034180
62.165200	0.036774
62.165300	0.036774
62.165400	0.032196
62.165500	0.033569
62.165600	0.030670
62.165700	0.031433
62.165800	0.034027
62.165900	0.034485
62.166000	0.033264
62.166100	0.032043
62.166200	0.030060
62.166300	0.027008
62.166400	0.032654
62.166500	0.031738
62.166600	0.029755
62.166700	0.031433
62.166800	0.031738
62.166900	0.028381
62.167000	0.030823
62.167100	0.033417
62.167200	0.031891
62.167300	0.030212
62.167400	0.032501
62.167500	0.033264
62.167600	0.033264
62.167700	0.031433
62.167800	0.028992
62.167900	0.027771
62.168000	0.024872
62.168100	0.026093
62.168200	0.030060
62.168300	0.026093
62.168400	0.027313
62.168500	0.031586
62.168600	0.034485
62.168700	0.027161
62.168800	0.029602
62.168900	0.027466
62.169000	0.028687
62.169100	0.028992
62.169200	0.028381
62.169300	0.027618
62.169400	0.028229
62.169500	0.032501
62.169600	0.031891
62.169700	0.027771
62.169800	0.028839
62.169900	0.025635
62.170000	0.026550
62.170100	0.031738
62.170200	0.032959
62.170300	0.029602
62.170400	0.033112
62.170500	0.033112
62.170600	0.027618
62.170700	0.023651
62.170800	0.027924
62.170900	0.030212
62.171000	0.028381
62.171100	0.030975
62.171200	0.022583
62.171300	0.030060
62.171400	0.031128
62.171500	0.027161
62.171600	0.022125
62.171700	0.027008
62.171800	0.023041
62.171900	0.026855
62.172000	0.021515
62.172100	0.027466
62.172200	0.027161
62.172300	0.026855
62.172400	0.028839
62.172500	0.026245
62.172600	0.024872
62.172700	0.027161
62.172800	0.023956
62.172900	0.023804
62.173000	0.031281
62.173100	0.027008
62.173200	0.021057
62.173300	0.019836
62.173400	0.019379
62.173500	0.021362
62.173600	0.021973
62.173700	0.021667
62.173800	0.026703
62.173900	0.024719
62.174000	0.024414
62.174100	0.028381
62.174200	0.027313
62.174300	0.029144
62.174400	0.032501
62.174500	0.035248
62.174600	0.027313
62.174700	0.029755
62.174800	0.029602
62.174900	0.032196
62.175000	0.029449
62.175100	0.030518
62.175200	0.033875
62.175300	0.034027
62.175400	0.026093
62.175500	0.028076
62.175600	0.032654
62.175700	0.032959
62.175800	0.032654
62.175900	0.028839
62.176000	0.030212
62.176100	0.024261
62.176200	0.021667
62.176300	0.024261
62.176400	0.027618
62.176500	0.027618
62.176600	0.028839
62.176700	0.029144
62.176800	0.028381
62.176900	0.030823
62.177000	0.026855
62.177100	0.022125
62.177200	0.022583
62.177300	0.023804
62.177400	0.027161
62.177500	0.025177
62.177600	0.026245
62.177700	0.023499
62.177800	0.021973
62.177900	0.024872
62.178000	0.025635
62.178100	0.018005
62.178200	0.019226
62.178300	0.023041
62.178400	0.022125
62.178500	0.023804
62.178600	0.020752
62.178700	0.018768
62.178800	0.023346
62.178900	0.024109
62.179000	0.026855
62.179100	0.026398
62.179200	0.023193
62.179300	0.023499
62.179400	0.021362
62.179500	0.023346
62.179600	0.022888
62.179700	0.026245
62.179800	0.025635
62.179900	0.024414
62.180000	0.019531
62.180100	0.026550
62.180200	0.025330
62.180300	0.017700
62.180400	0.018768
62.180500	0.018311
62.180600	0.018005
62.180700	0.019684
62.180800	0.021973
62.180900	0.017700
62.181000	0.020599
62.181100	0.022430
62.181200	0.029144
62.181300	0.021210
62.181400	0.020599
62.181500	0.020294
62.181600	0.019073
62.181700	0.022736
62.181800	0.020599
62.181900	0.022125
62.182000	0.028076
62.182100	0.021362
62.182200	0.019073
62.182300	0.021973
62.182400	0.019989
62.182500	0.018616
62.182600	0.019226
62.182700	0.019989
62.182800	0.019836
62.182900	0.020905
62.183000	0.018158
62.183100	0.019073
62.183200	0.020447
62.183300	0.021362
62.183400	0.022278
62.183500	0.019531
62.183600	0.023346
62.183700	0.021973
62.183800	0.023193
62.183900	0.021362
62.184000	0.020752
62.184100	0.019989
62.184200	0.027466
62.184300	0.022736
62.184400	0.023499
62.184500	0.023651
62.184600	0.025177
62.184700	0.023499
62.184800	0.021973
62.184900	0.023346
62.185000	0.022888
62.185100	0.021973
62.185200	0.017242
62.185300	0.021057
62.185400	0.021362
62.185500	0.025024
62.185600	0.020142
62.185700	0.021362
62.185800	0.019531
62.185900	0.016327
62.186000	0.015717
62.186100	0.021057
62.186200	0.020752
62.186300	0.015259
62.186400	0.021515
62.186500	0.021667
62.186600	0.017090
62.186700	0.025635
62.186800	0.020905
62.186900	0.016022
62.187000	0.019684
62.187100	0.017395
62.187200	0.022583
62.187300	0.022430
62.187400	0.021667
62.187500	0.022278
62.187600	0.018768
62.187700	0.019531
62.187800	0.020294
62.187900	0.016937
62.188000	0.014343
62.188100	0.021973
62.188200	0.020447
62.188300	0.016632
62.188400	0.020294
62.188500	0.020294
62.188600	0.019379
62.188700	0.020599
62.188800	0.018616
62.188900	0.014648
62.189000	0.022278
62.189100	0.018005
62.189200	0.015411
62.189300	0.018463
62.189400	0.017853
62.189500	0.023041
62.189600	0.022125
62.189700	0.020599
62.189800	0.014648
62.189900	0.020447
62.190000	0.025330
62.190100	0.024872
62.190200	0.023499
62.190300	0.019684
62.190400	0.021057
62.190500	0.018921
62.190600	0.021973
62.190700	0.023651
62.190800	0.020905
62.190900	0.019073
62.191000	0.021667
62.191100	0.017548
62.191200	0.023041
62.191300	0.024719
62.191400	0.026703
62.191500	0.023346
62.191600	0.024872
62.191700	0.024719
62.191800	0.023041
62.191900	0.022888
62.192000	0.022125
62.192100	0.022125
62.192200	0.015259
62.192300	0.023193
62.192400	0.016022
62.192500	0.015411
62.192600	0.014038
62.192700	0.015259
62.192800	0.019379
62.192900	0.021057
62.193000	0.022583
62.193100	0.019531
62.193200	0.020599
62.193300	0.025787
62.193400	0.016479
62.193500	0.017395
62.193600	0.016937
62.193700	0.018921
62.193800	0.024719
62.193900	0.019226
62.194000	0.021057
62.194100	0.020905
62.194200	0.019989
62.194300	0.021820
62.194400	0.025024
62.194500	0.018463
62.194600	0.017853
62.194700	0.020905
62.194800	0.018158
62.194900	0.020294
62.195000	0.015106
62.195100	0.018158
62.195200	0.019073
62.195300	0.021362
62.195400	0.017853
62.195500	0.017242
62.195600	0.019684
62.195700	0.021057
62.195800	0.021362
62.195900	0.022430
62.196000	0.024719
62.196100	0.025482
62.196200	0.019836
62.196300	0.021667
62.196400	0.020447
62.196500	0.018616
62.196600	0.017090
62.196700	0.027466
62.196800	0.023499
62.196900	0.026703
62.197000	0.030060
62.197100	0.025177
62.197200	0.021057
62.197300	0.020142
62.197400	0.022125
62.197500	0.026550
62.197600	0.022736
62.197700	0.023193
62.197800	0.023499
62.197900	0.021210
62.198000	0.019531
62.198100	0.018921
62.198200	0.023956
62.198300	0.020752
62.198400	0.017242
62.198500	0.024414
62.198600	0.025024
62.198700	0.027313
62.198800	0.023193
62.198900	0.027466
62.199000	0.021057
62.199100	0.023651
62.199200	0.023804
62.199300	0.026855
62.199400	0.028687
62.199500	0.020905
62.199600	0.026398
62.199700	0.024109
62.199800	0.024414
62.199900	0.022278
62.200000	0.024567
62.200100	0.023346
62.200200	0.022583
62.200300	0.023346
62.200400	0.025024
62.200500	0.021973
62.200600	0.020447
62.200700	0.026703
62.200800	0.025940
62.200900	0.027771
62.201000	0.029297
62.201100	0.027313
62.201200	0.026093
62.201300	0.024872
62.201400	0.021515
62.201500	0.023499
62.201600	0.023651
62.201700	0.025482
62.201800	0.021820
62.201900	0.026093
62.202000	0.021057
62.202100	0.022583
62.202200	0.022888
62.202300	0.021667
62.202400	0.024567
62.202500	0.025940
62.202600	0.022583
62.202700	0.023499
62.202800	0.027618
62.202900	0.026245
62.203000	0.024719
62.203100	0.029602
62.203200	0.030518
62.203300	0.023193
62.203400	0.024872
62.203500	0.025177
62.203600	0.026855
62.203700	0.025482
62.203800	0.025330
62.203900	0.029144
62.204000	0.028381
62.204100	0.029907
62.204200	0.027618
62.204300	0.027771
62.204400	0.028839
62.204500	0.024109
62.204600	0.023041
62.204700	0.018616
62.204800	0.020447
62.204900	0.023193
62.205000	0.022125
62.205100	0.019836
62.205200	0.023041
62.205300	0.025635
62.205400	0.025177
62.205500	0.023651
62.205600	0.022430
62.205700	0.023804
62.205800	0.026855
62.205900	0.026398
62.206000	0.026855
62.206100	0.021667
62.206200	0.023956
62.206300	0.024261
62.206400	0.024261
62.206500	0.021057
62.206600	0.026093
62.206700	0.028381
62.206800	0.023499
62.206900	0.027008
62.207000	0.023193
62.207100	0.025635
62.207200	0.022583
62.207300	0.022736
62.207400	0.028381
62.207500	0.025787
62.207600	0.024719
62.207700	0.024414
62.207800	0.025787
62.207900	0.021515
62.208000	0.025940
