91.338500	-0.056305
91.338600	-0.064545
91.338700	-0.075073
91.338800	-0.088654
91.338900	-0.092468
91.339000	-0.102081
91.339100	-0.109406
91.339200	-0.113220
91.339300	-0.122986
91.339400	-0.125885
91.339500	-0.123596
91.339600	-0.124054
91.339700	-0.123596
91.339800	-0.122223
91.339900	-0.108490
91.340000	-0.093536
91.340100	-0.086212
91.340200	-0.071716
91.340300	-0.068054
91.340400	-0.053864
91.340500	-0.050812
91.340600	-0.042419
91.340700	-0.036621
91.340800	-0.030212
91.340900	-0.025787
91.341000	-0.020447
91.341100	-0.014191
91.341200	-0.013428
91.341300	-0.011444
91.341400	-0.007324
91.341500	-0.007629
91.341600	-0.001831
91.341700	0.000153
91.341800	0.003204
91.341900	0.003510
91.342000	0.007782
91.342100	0.012360
91.342200	0.007935
91.342300	0.006561
91.342400	0.003052
91.342500	0.003510
91.342600	0.009613
91.342700	0.008392
91.342800	0.011139
91.342900	0.015564
91.343000	0.013580
91.343100	0.013885
91.343200	0.015411
91.343300	0.014191
91.343400	0.016632
91.343500	0.016785
91.343600	0.014343
91.343700	0.012970
91.343800	0.013123
91.343900	0.006866
91.344000	0.007782
91.344100	0.011597
91.344200	0.010223
91.344300	0.017090
91.344400	0.027771
91.344500	0.023651
91.344600	0.024872
91.344700	0.033264
91.344800	0.035248
91.344900	0.039520
91.345000	0.046997
91.345100	0.047302
91.345200	0.052490
91.345300	0.059662
91.345400	0.063629
91.345500	0.068054
91.345600	0.070953
91.345700	0.071869
91.345800	0.073853
91.345900	0.073090
91.346000	0.076294
91.346100	0.068970
91.346200	0.063477
91.346300	0.056152
91.346400	0.045166
91.346500	0.030060
91.346600	0.013885
91.346700	-0.001526
91.346800	-0.012512
91.346900	-0.025024
91.347000	-0.043030
91.347100	-0.054932
91.347200	-0.071869
91.347300	-0.074615
91.347400	-0.083771
91.347500	-0.081482
91.347600	-0.083618
91.347700	-0.082245
91.347800	-0.078583
91.347900	-0.076904
91.348000	-0.068207
91.348100	-0.066071
91.348200	-0.055542
91.348300	-0.043640
91.348400	-0.035248
91.348500	-0.033417
91.348600	-0.014496
91.348700	-0.005188
91.348800	-0.000153
91.348900	-0.001678
91.349000	0.006714
91.349100	0.007935
91.349200	0.010529
91.349300	0.008087
91.349400	0.018616
91.349500	0.023193
91.349600	0.028076
91.349700	0.024261
91.349800	0.031433
91.349900	0.028839
91.350000	0.031433
91.350100	0.024872
91.350200	0.024719
91.350300	0.018921
91.350400	0.019684
91.350500	0.017548
91.350600	0.015106
91.350700	0.015717
91.350800	0.012512
91.350900	-0.000458
91.351000	-0.002441
91.351100	-0.007477
91.351200	-0.012207
91.351300	-0.022278
91.351400	-0.024567
91.351500	-0.027771
91.351600	-0.026703
91.351700	-0.023651
91.351800	-0.022430
91.351900	-0.025940
91.352000	-0.028687
91.352100	-0.029755
91.352200	-0.026855
91.352300	-0.028381
91.352400	-0.030212
91.352500	-0.024719
91.352600	-0.016327
91.352700	-0.003662
91.352800	0.007782
91.352900	0.031891
91.353000	0.063019
91.353100	0.107117
91.353200	0.159760
91.353300	0.217133
91.353400	0.281067
91.353500	0.362549
91.353600	0.437927
91.353700	0.519409
91.353800	0.577087
91.353900	0.617676
91.354000	0.635376
91.354100	0.629883
91.354200	0.617065
91.354300	0.591431
91.354400	0.563812
91.354500	0.515442
91.354600	0.464630
91.354700	0.406494
91.354800	0.323792
91.354900	0.234528
91.355000	0.139771
91.355100	0.030365
91.355200	-0.086975
91.355300	-0.194855
91.355400	-0.306549
91.355500	-0.406342
91.355600	-0.497742
91.355700	-0.564880
91.355800	-0.611267
91.355900	-0.644531
91.356000	-0.667267
91.356100	-0.660400
91.356200	-0.635681
91.356300	-0.586700
91.356400	-0.532532
91.356500	-0.452728
91.356600	-0.355682
91.356700	-0.235291
91.356800	-0.096436
91.356900	0.049896
91.357000	0.193939
91.357100	0.323639
91.357200	0.441589
91.357300	0.531921
91.357400	0.597687
91.357500	0.637970
91.357600	0.660400
91.357700	0.666351
91.357800	0.641937
91.357900	0.600281
91.358000	0.539703
91.358100	0.456543
91.358200	0.367279
91.358300	0.263062
91.358400	0.150604
91.358500	0.032043
91.358600	-0.096130
91.358700	-0.223999
91.358800	-0.344086
91.358900	-0.470428
91.359000	-0.573730
91.359100	-0.670624
91.359200	-0.751038
91.359300	-0.811462
91.359400	-0.855408
91.359500	-0.883636
91.359600	-0.900421
91.359700	-0.897675
91.359800	-0.882416
91.359900	-0.856476
91.360000	-0.796356
91.360100	-0.717468
91.360200	-0.618286
91.360300	-0.505371
91.360400	-0.381165
91.360500	-0.239410
91.360600	-0.095062
91.360700	0.049286
91.360800	0.181122
91.360900	0.297241
91.361000	0.400543
91.361100	0.458984
91.361200	0.503540
91.361300	0.537109
91.361400	0.541077
91.361500	0.538177
91.361600	0.521240
91.361700	0.492706
91.361800	0.446777
91.361900	0.380249
91.362000	0.298157
91.362100	0.204468
91.362200	0.102234
91.362300	-0.008850
91.362400	-0.120239
91.362500	-0.218506
91.362600	-0.307007
91.362700	-0.376282
91.362800	-0.434875
91.362900	-0.476227
91.363000	-0.502930
91.363100	-0.517426
91.363200	-0.535736
91.363300	-0.532837
91.363400	-0.530396
91.363500	-0.522308
91.363600	-0.488586
91.363700	-0.460968
91.363800	-0.414429
91.363900	-0.351562
91.364000	-0.287323
91.364100	-0.223236
91.364200	-0.152283
91.364300	-0.095978
91.364400	-0.046692
91.364500	-0.012360
91.364600	0.025177
91.364700	0.038605
91.364800	0.059052
91.364900	0.065918
91.365000	0.068817
91.365100	0.069885
91.365200	0.070648
91.365300	0.071716
91.365400	0.069122
91.365500	0.068054
91.365600	0.069733
91.365700	0.071411
91.365800	0.067596
91.365900	0.069580
91.366000	0.062714
91.366100	0.062103
91.366200	0.061340
91.366300	0.059357
91.366400	0.057983
91.366500	0.052032
91.366600	0.051575
91.366700	0.047913
91.366800	0.045166
91.366900	0.043182
91.367000	0.047302
91.367100	0.043640
91.367200	0.042114
91.367300	0.040588
91.367400	0.041962
91.367500	0.035706
91.367600	0.039673
91.367700	0.034943
91.367800	0.030518
91.367900	0.029755
91.368000	0.038910
91.368100	0.022736
91.368200	0.029297
91.368300	0.030060
91.368400	0.037384
91.368500	0.032959
91.368600	0.031891
91.368700	0.044250
91.368800	0.048523
91.368900	0.061951
91.369000	0.066376
91.369100	0.068817
91.369200	0.078430
91.369300	0.079956
91.369400	0.083008
91.369500	0.085907
91.369600	0.086212
91.369700	0.087891
91.369800	0.083466
91.369900	0.087280
91.370000	0.080872
91.370100	0.074158
91.370200	0.063019
91.370300	0.057983
91.370400	0.046539
91.370500	0.043488
91.370600	0.040588
91.370700	0.034637
91.370800	0.039368
91.370900	0.047302
91.371000	0.074615
91.371100	0.097351
91.371200	0.132294
91.371300	0.177765
91.371400	0.221710
91.371500	0.281372
91.371600	0.336304
91.371700	0.392609
91.371800	0.439758
91.371900	0.480957
91.372000	0.512848
91.372100	0.536652
91.372200	0.544281
91.372300	0.548706
91.372400	0.547943
91.372500	0.546875
91.372600	0.539093
91.372700	0.520782
91.372800	0.488281
91.372900	0.442047
91.373000	0.372009
91.373100	0.280762
91.373200	0.182037
91.373300	0.064392
91.373400	-0.055389
91.373500	-0.170898
91.373600	-0.288239
91.373700	-0.391693
91.373800	-0.489044
91.373900	-0.564728
91.374000	-0.624847
91.374100	-0.669708
91.374200	-0.703735
91.374300	-0.709229
91.374400	-0.709229
91.374500	-0.696411
91.374600	-0.683136
91.374700	-0.666046
91.374800	-0.639343
91.374900	-0.610504
91.375000	-0.572357
91.375100	-0.532074
91.375200	-0.476227
91.375300	-0.414886
91.375400	-0.343018
91.375500	-0.268402
91.375600	-0.204315
91.375700	-0.144958
91.375800	-0.089569
91.375900	-0.045624
91.376000	-0.013580
91.376100	0.015259
91.376200	0.034637
91.376300	0.048065
91.376400	0.059052
91.376500	0.067444
91.376600	0.067291
91.376700	0.071411
91.376800	0.072632
91.376900	0.075989
91.377000	0.074615
91.377100	0.074615
91.377200	0.076752
91.377300	0.077515
91.377400	0.075378
91.377500	0.076752
91.377600	0.077820
91.377700	0.079193
91.377800	0.074158
91.377900	0.081329
91.378000	0.079498
91.378100	0.077057
91.378200	0.078888
91.378300	0.085754
91.378400	0.097961
91.378500	0.110321
91.378600	0.124664
91.378700	0.142365
91.378800	0.160065
91.378900	0.198975
91.379000	0.235138
91.379100	0.276031
91.379200	0.326538
91.379300	0.373230
91.379400	0.416565
91.379500	0.457001
91.379600	0.478516
91.379700	0.501404
91.379800	0.509796
91.379900	0.508270
91.380000	0.505676
91.380100	0.486145
91.380200	0.465698
91.380300	0.432892
91.380400	0.384674
91.380500	0.332794
91.380600	0.263367
91.380700	0.192108
91.380800	0.099030
91.380900	0.013580
91.381000	-0.073853
91.381100	-0.161285
91.381200	-0.238647
91.381300	-0.324707
91.381400	-0.383148
91.381500	-0.444794
91.381600	-0.483704
91.381700	-0.509491
91.381800	-0.524750
91.381900	-0.537720
91.382000	-0.537872
91.382100	-0.532379
91.382200	-0.509338
91.382300	-0.482178
91.382400	-0.451965
91.382500	-0.400848
91.382600	-0.346985
91.382700	-0.278168
91.382800	-0.205688
91.382900	-0.125275
91.383000	-0.037231
91.383100	0.046997
91.383200	0.125580
91.383300	0.205078
91.383400	0.294800
91.383500	0.374603
91.383600	0.441895
91.383700	0.494080
91.383800	0.523529
91.383900	0.526123
91.384000	0.515137
91.384100	0.489044
91.384200	0.448608
91.384300	0.415649
91.384400	0.376129
91.384500	0.333557
91.384600	0.290833
91.384700	0.251007
91.384800	0.212555
91.384900	0.168304
91.385000	0.127258
91.385100	0.077820
91.385200	0.032196
91.385300	-0.017090
91.385400	-0.059204
91.385500	-0.105438
91.385600	-0.158691
91.385700	-0.197754
91.385800	-0.233917
91.385900	-0.272980
91.386000	-0.310364
91.386100	-0.339813
91.386200	-0.370941
91.386300	-0.391083
91.386400	-0.416718
91.386500	-0.437164
91.386600	-0.460205
91.386700	-0.474701
91.386800	-0.487518
91.386900	-0.503693
91.387000	-0.503235
91.387100	-0.506897
91.387200	-0.491486
91.387300	-0.454407
91.387400	-0.405731
91.387500	-0.349121
91.387600	-0.290222
91.387700	-0.235291
91.387800	-0.177612
91.387900	-0.135498
91.388000	-0.092316
91.388100	-0.055389
91.388200	-0.019073
91.388300	0.008392
91.388400	0.023956
91.388500	0.039978
91.388600	0.045624
91.388700	0.056000
91.388800	0.055542
91.388900	0.059967
91.389000	0.061188
91.389100	0.057373
91.389200	0.057678
91.389300	0.049744
91.389400	0.051727
91.389500	0.046997
91.389600	0.056152
91.389700	0.046997
91.389800	0.047760
91.389900	0.049744
91.390000	0.049591
91.390100	0.045013
91.390200	0.043030
91.390300	0.041962
91.390400	0.045776
91.390500	0.040894
91.390600	0.041351
91.390700	0.041809
91.390800	0.036469
91.390900	0.040894
91.391000	0.045319
91.391100	0.039673
91.391200	0.036011
91.391300	0.041199
91.391400	0.038910
91.391500	0.037231
91.391600	0.039215
91.391700	0.038757
91.391800	0.036163
91.391900	0.042725
91.392000	0.040588
