50.634500	0.012054
50.634600	0.009613
50.634700	0.009460
50.634800	0.009003
50.634900	0.008392
50.635000	0.004425
50.635100	0.008850
50.635200	0.006561
50.635300	0.010681
50.635400	0.009918
50.635500	0.014038
50.635600	0.010529
50.635700	0.009918
50.635800	0.007019
50.635900	0.013885
50.636000	0.009766
50.636100	0.008850
50.636200	0.006409
50.636300	0.009003
50.636400	0.007324
50.636500	0.009308
50.636600	0.010986
50.636700	0.008545
50.636800	0.009308
50.636900	0.008240
50.637000	0.010071
50.637100	0.010071
50.637200	0.008545
50.637300	0.002441
50.637400	0.005646
50.637500	0.008545
50.637600	0.010529
50.637700	0.010986
50.637800	0.007324
50.637900	0.002594
50.638000	0.005951
50.638100	0.008240
50.638200	0.005188
50.638300	0.009308
50.638400	0.004425
50.638500	0.008087
50.638600	0.005035
50.638700	0.004578
50.638800	0.007172
50.638900	0.006714
50.639000	-0.001221
50.639100	-0.001678
50.639200	0.000000
50.639300	0.005951
50.639400	0.006409
50.639500	0.003662
50.639600	0.003662
50.639700	0.003052
50.639800	0.007629
50.639900	0.008698
50.640000	0.007629
50.640100	0.006256
50.640200	0.009766
50.640300	0.010834
50.640400	0.014191
50.640500	0.003967
50.640600	0.003662
50.640700	0.007019
50.640800	0.005646
50.640900	0.002594
50.641000	0.000000
50.641100	0.004578
50.641200	0.007782
50.641300	0.006714
50.641400	0.008545
50.641500	0.007477
50.641600	0.001678
50.641700	0.000916
50.641800	0.009155
50.641900	0.006866
50.642000	0.008392
50.642100	0.009460
50.642200	0.008087
50.642300	0.004425
50.642400	0.008087
50.642500	0.002747
50.642600	0.005646
50.642700	0.006561
50.642800	0.007172
50.642900	0.005035
50.643000	0.007477
50.643100	0.007019
50.643200	0.006714
50.643300	0.007324
50.643400	0.010223
50.643500	0.007324
50.643600	0.005646
50.643700	0.008087
50.643800	0.006256
50.643900	0.006561
50.644000	0.006104
50.644100	0.007629
50.644200	0.000458
50.644300	0.007782
50.644400	0.011902
50.644500	0.006714
50.644600	0.012207
50.644700	0.003967
50.644800	0.007019
50.644900	0.010376
50.645000	0.007935
50.645100	0.003510
50.645200	0.005188
50.645300	0.004272
50.645400	0.003967
50.645500	0.003510
50.645600	0.001831
50.645700	0.004425
50.645800	0.009003
50.645900	0.010071
50.646000	0.011444
50.646100	0.005951
50.646200	0.009003
50.646300	0.007324
50.646400	0.007629
50.646500	0.010071
50.646600	0.010986
50.646700	0.014801
50.646800	0.009613
50.646900	0.010681
50.647000	0.013428
50.647100	0.013428
50.647200	0.008392
50.647300	0.006714
50.647400	0.006409
50.647500	0.009766
50.647600	0.009766
50.647700	0.004120
50.647800	0.003815
50.647900	0.005951
50.648000	0.010071
50.648100	0.009613
50.648200	0.009460
50.648300	0.003662
50.648400	0.002899
50.648500	0.006256
50.648600	0.009308
50.648700	0.006561
50.648800	0.008240
50.648900	0.009460
50.649000	0.006866
50.649100	0.008392
50.649200	0.006256
50.649300	0.006561
50.649400	0.011292
50.649500	0.012054
50.649600	0.008392
50.649700	0.007172
50.649800	0.009460
50.649900	0.009308
50.650000	0.009003
50.650100	0.007477
50.650200	0.004883
50.650300	0.006104
50.650400	0.006409
50.650500	0.003662
50.650600	0.008545
50.650700	0.009003
50.650800	0.008545
50.650900	0.006256
50.651000	0.005035
50.651100	0.002594
50.651200	0.006256
50.651300	0.002594
50.651400	0.007935
50.651500	0.005493
50.651600	0.004272
50.651700	0.011444
50.651800	0.005341
50.651900	0.012665
50.652000	0.010986
50.652100	0.012970
50.652200	0.012207
50.652300	0.010071
50.652400	0.005646
50.652500	0.008545
50.652600	0.006409
50.652700	0.009918
50.652800	0.012665
50.652900	0.011749
50.653000	0.013123
50.653100	0.012512
50.653200	0.012817
50.653300	0.011749
50.653400	0.005035
50.653500	0.004425
50.653600	0.006561
50.653700	0.011292
50.653800	0.013428
50.653900	0.010376
50.654000	0.007935
50.654100	0.013885
50.654200	0.005493
50.654300	0.006409
50.654400	0.009308
50.654500	0.006409
50.654600	0.013275
50.654700	0.009918
50.654800	0.011292
50.654900	0.013733
50.655000	0.009308
50.655100	0.008850
50.655200	0.010681
50.655300	0.011597
50.655400	0.007324
50.655500	0.006866
50.655600	0.012817
50.655700	0.012665
50.655800	0.009460
50.655900	0.008240
50.656000	0.007019
50.656100	0.009918
50.656200	0.012207
50.656300	0.010376
50.656400	0.011597
50.656500	0.006714
50.656600	0.010071
50.656700	0.007477
50.656800	0.005493
50.656900	0.009918
50.657000	0.006561
50.657100	0.007477
50.657200	0.004120
50.657300	0.010834
50.657400	0.008698
50.657500	0.010223
50.657600	0.010529
50.657700	0.008392
50.657800	0.007477
50.657900	0.008087
50.658000	0.006866
50.658100	0.007324
50.658200	0.005798
50.658300	0.011597
50.658400	0.011292
50.658500	0.010223
50.658600	0.012970
50.658700	0.005493
50.658800	0.004883
50.658900	0.007782
50.659000	0.011597
50.659100	0.008392
50.659200	0.011292
50.659300	0.009003
50.659400	0.004883
50.659500	0.003967
50.659600	0.008392
50.659700	0.010223
50.659800	0.010223
50.659900	0.005798
50.660000	0.008698
50.660100	0.004883
50.660200	0.006866
50.660300	0.011292
50.660400	0.007782
50.660500	0.005341
50.660600	0.007172
50.660700	0.010681
50.660800	0.007629
50.660900	0.006409
50.661000	0.010071
50.661100	0.012512
50.661200	0.008850
50.661300	0.011292
50.661400	0.016937
50.661500	0.015411
50.661600	0.012817
50.661700	0.013733
50.661800	0.011749
50.661900	0.007629
50.662000	0.009003
50.662100	0.011749
50.662200	0.012512
50.662300	0.015411
50.662400	0.009766
50.662500	0.013123
50.662600	0.015717
50.662700	0.010529
50.662800	0.009613
50.662900	0.008240
50.663000	0.010223
50.663100	0.006561
50.663200	0.007782
50.663300	0.011902
50.663400	0.010376
50.663500	0.006866
50.663600	0.010529
50.663700	0.006409
50.663800	0.008850
50.663900	0.007782
50.664000	0.009460
50.664100	0.008850
50.664200	0.009308
50.664300	0.008698
50.664400	0.010681
50.664500	0.012970
50.664600	0.010376
50.664700	0.007019
50.664800	0.013123
50.664900	0.009003
50.665000	0.007019
50.665100	0.007629
50.665200	0.008392
50.665300	0.011902
50.665400	0.010223
50.665500	0.012512
50.665600	0.012970
50.665700	0.017700
50.665800	0.009155
50.665900	0.012054
50.666000	0.014343
50.666100	0.010834
50.666200	0.006409
50.666300	0.006256
50.666400	0.002594
50.666500	0.010071
50.666600	0.009766
50.666700	0.011292
50.666800	0.010681
50.666900	0.009155
50.667000	0.008545
50.667100	0.007172
50.667200	0.009460
50.667300	0.009003
50.667400	0.013123
50.667500	0.012054
50.667600	0.005493
50.667700	0.009155
50.667800	0.009766
50.667900	0.005646
50.668000	0.008698
50.668100	0.007019
50.668200	0.009766
50.668300	0.009766
50.668400	0.009460
50.668500	0.006409
50.668600	0.007172
50.668700	0.013580
50.668800	0.013123
50.668900	0.014801
50.669000	0.011139
50.669100	0.013733
50.669200	0.014648
50.669300	0.012360
50.669400	0.010071
50.669500	0.013885
50.669600	0.010376
50.669700	0.010223
50.669800	0.008240
50.669900	0.011749
50.670000	0.012665
50.670100	0.010834
50.670200	0.010681
50.670300	0.013733
50.670400	0.007935
50.670500	0.009766
50.670600	0.010223
50.670700	0.009003
50.670800	0.010223
50.670900	0.010529
50.671000	0.012207
50.671100	0.009766
50.671200	0.011139
50.671300	0.011749
50.671400	0.006866
50.671500	0.008850
50.671600	0.010834
50.671700	0.014038
50.671800	0.012054
50.671900	0.011597
50.672000	0.007935
50.672100	0.012817
50.672200	0.009003
50.672300	0.010681
50.672400	0.008545
50.672500	0.010376
50.672600	0.009460
50.672700	0.012360
50.672800	0.015411
50.672900	0.007935
50.673000	0.012970
50.673100	0.009918
50.673200	0.011902
50.673300	0.008240
50.673400	0.014954
50.673500	0.012360
50.673600	0.012665
50.673700	0.011139
50.673800	0.007172
50.673900	0.014191
50.674000	0.010986
50.674100	0.006409
50.674200	0.010223
50.674300	0.011139
50.674400	0.012512
50.674500	0.010681
50.674600	0.005951
50.674700	0.004730
50.674800	0.003510
50.674900	0.005951
50.675000	0.010834
50.675100	0.008545
50.675200	0.007935
50.675300	0.014191
50.675400	0.007782
50.675500	0.009766
50.675600	0.009460
50.675700	0.014648
50.675800	0.012054
50.675900	0.011749
50.676000	0.010376
50.676100	0.009918
50.676200	0.007935
50.676300	0.009766
50.676400	0.010376
50.676500	0.012512
50.676600	0.010529
50.676700	0.011292
50.676800	0.007935
50.676900	0.009918
50.677000	0.007324
50.677100	0.006561
50.677200	0.009460
50.677300	0.014038
50.677400	0.010071
50.677500	0.012054
50.677600	0.009613
50.677700	0.009766
50.677800	0.006561
50.677900	0.009155
50.678000	0.008545
50.678100	0.009308
50.678200	0.009155
50.678300	0.011444
50.678400	0.010071
50.678500	0.011902
50.678600	0.012360
50.678700	0.008698
50.678800	0.014038
50.678900	0.011597
50.679000	0.010986
50.679100	0.015411
50.679200	0.009613
50.679300	0.013123
50.679400	0.013733
50.679500	0.014191
50.679600	0.012970
50.679700	0.009460
50.679800	0.009918
50.679900	0.013733
50.680000	0.012817
50.680100	0.013123
50.680200	0.014343
50.680300	0.013580
50.680400	0.012970
50.680500	0.011292
50.680600	0.012360
50.680700	0.010681
50.680800	0.010986
50.680900	0.012665
50.681000	0.009003
50.681100	0.005493
50.681200	0.004120
50.681300	0.004272
50.681400	0.009766
50.681500	0.012207
50.681600	0.014496
50.681700	0.013733
50.681800	0.010223
50.681900	0.012512
50.682000	0.010986
50.682100	0.012360
50.682200	0.011292
50.682300	0.010681
50.682400	0.014343
50.682500	0.014801
50.682600	0.012054
50.682700	0.009766
50.682800	0.014038
50.682900	0.009155
50.683000	0.009918
50.683100	0.008087
50.683200	0.006256
50.683300	0.007324
50.683400	0.009918
50.683500	0.011597
50.683600	0.010986
50.683700	0.005646
50.683800	0.010986
50.683900	0.014648
50.684000	0.007477
50.684100	0.014648
50.684200	0.010376
50.684300	0.010986
50.684400	0.010986
50.684500	0.007324
50.684600	0.010681
50.684700	0.011597
50.684800	0.008850
50.684900	0.008698
50.685000	0.010223
50.685100	0.007782
50.685200	0.011292
50.685300	0.011444
50.685400	0.010071
50.685500	0.009613
50.685600	0.009918
50.685700	0.009308
50.685800	0.009766
50.685900	0.009766
50.686000	0.016022
50.686100	0.010071
50.686200	0.014038
50.686300	0.013428
50.686400	0.012970
50.686500	0.012054
50.686600	0.011749
50.686700	0.015106
50.686800	0.013580
50.686900	0.009308
50.687000	0.014191
50.687100	0.011749
50.687200	0.011292
50.687300	0.012817
50.687400	0.012207
50.687500	0.016785
50.687600	0.011749
50.687700	0.012054
50.687800	0.010834
50.687900	0.010529
50.688000	0.012817
