265.674500	-0.001068
265.674600	-0.019836
265.674700	-0.033875
265.674800	-0.050049
265.674900	-0.070953
265.675000	-0.070038
265.675100	-0.051117
265.675200	-0.057983
265.675300	-0.090637
265.675400	-0.125122
265.675500	-0.140381
265.675600	-0.140381
265.675700	-0.120087
265.675800	-0.090027
265.675900	-0.061493
265.676000	-0.033569
265.676100	-0.023499
265.676200	-0.014954
265.676300	-0.016327
265.676400	-0.015869
265.676500	-0.012054
265.676600	-0.013123
265.676700	-0.012360
265.676800	-0.010376
265.676900	-0.005646
265.677000	-0.009155
265.677100	-0.009613
265.677200	-0.009308
265.677300	-0.010376
265.677400	-0.010376
265.677500	-0.013733
265.677600	-0.005798
265.677700	-0.001984
265.677800	-0.001068
265.677900	0.004883
265.678000	0.020447
265.678100	0.049133
265.678200	0.090942
265.678300	0.128784
265.678400	0.147095
265.678500	0.160522
265.678600	0.145874
265.678700	0.080872
265.678800	-0.039215
265.678900	-0.155029
265.679000	-0.200806
265.679100	-0.197601
265.679200	-0.177155
265.679300	-0.132446
265.679400	-0.059662
265.679500	-0.002441
265.679600	0.021515
265.679700	0.019073
265.679800	0.010986
265.679900	-0.010223
265.680000	-0.032654
265.680100	-0.055084
265.680200	-0.075073
265.680300	-0.086823
265.680400	-0.095215
265.680500	-0.072937
265.680600	-0.047455
265.680700	-0.026093
265.680800	-0.015106
265.680900	-0.014343
265.681000	-0.006104
265.681100	-0.010529
265.681200	-0.019989
265.681300	-0.022888
265.681400	-0.026703
265.681500	-0.021057
265.681600	-0.017242
265.681700	-0.015869
265.681800	-0.010376
265.681900	-0.007935
265.682000	0.002441
265.682100	0.010071
265.682200	0.005951
265.682300	0.000305
265.682400	-0.007629
265.682500	-0.010986
265.682600	-0.017700
265.682700	-0.027161
265.682800	-0.032501
265.682900	-0.034637
265.683000	-0.029907
265.683100	-0.031586
265.683200	-0.028381
265.683300	-0.025635
265.683400	-0.023193
265.683500	-0.014954
265.683600	-0.016174
265.683700	-0.016937
265.683800	-0.016785
265.683900	-0.010376
265.684000	-0.007019
265.684100	-0.005188
265.684200	-0.000305
265.684300	-0.002441
265.684400	-0.001373
265.684500	-0.007172
265.684600	-0.017242
265.684700	-0.024567
265.684800	-0.027466
265.684900	-0.031738
265.685000	-0.032196
265.685100	-0.024719
265.685200	-0.023651
265.685300	-0.019226
265.685400	-0.016022
265.685500	-0.015717
265.685600	-0.024567
265.685700	-0.018921
265.685800	-0.027466
265.685900	-0.023193
265.686000	-0.023499
265.686100	-0.018005
265.686200	-0.018768
265.686300	-0.016632
265.686400	-0.010986
265.686500	-0.015411
265.686600	-0.009003
265.686700	0.000000
265.686800	0.006714
265.686900	0.010986
265.687000	0.015411
265.687100	0.008087
265.687200	-0.003052
265.687300	-0.021057
265.687400	-0.034637
265.687500	-0.046692
265.687600	-0.050354
265.687700	-0.036316
265.687800	-0.019989
265.687900	-0.002899
265.688000	0.003357
265.688100	0.004120
265.688200	0.001831
265.688300	0.005798
265.688400	0.033112
265.688500	0.105133
265.688600	0.213776
265.688700	0.315094
265.688800	0.319672
265.688900	0.260620
265.689000	0.172119
265.689100	0.074921
265.689200	-0.023804
265.689300	-0.119934
265.689400	-0.214844
265.689500	-0.294189
265.689600	-0.353546
265.689700	-0.393524
265.689800	-0.368500
265.689900	-0.275116
265.690000	-0.169678
265.690100	-0.099792
265.690200	-0.054169
265.690300	-0.035400
265.690400	-0.029144
265.690500	-0.026550
265.690600	-0.026550
265.690700	-0.031128
265.690800	-0.024109
265.690900	-0.015259
265.691000	-0.017548
265.691100	-0.014496
265.691200	-0.017548
265.691300	-0.017853
265.691400	-0.026093
265.691500	-0.024261
265.691600	-0.021973
265.691700	-0.014343
265.691800	-0.016632
265.691900	-0.012817
265.692000	-0.005188
265.692100	-0.004425
265.692200	-0.002441
265.692300	0.004883
265.692400	0.000763
265.692500	-0.000305
265.692600	-0.009155
265.692700	-0.004272
265.692800	-0.009308
265.692900	-0.011597
265.693000	-0.023346
265.693100	-0.028381
265.693200	-0.026398
265.693300	-0.026550
265.693400	-0.036469
265.693500	-0.030212
265.693600	-0.028839
265.693700	-0.017700
265.693800	-0.022583
265.693900	-0.021057
265.694000	-0.022736
265.694100	-0.027008
265.694200	-0.026703
265.694300	-0.025177
265.694400	-0.025482
265.694500	-0.025940
265.694600	-0.021973
265.694700	-0.017853
265.694800	-0.013123
265.694900	-0.010223
265.695000	-0.017700
265.695100	-0.015717
265.695200	-0.014191
265.695300	-0.012817
265.695400	-0.012207
265.695500	-0.014191
265.695600	-0.014343
265.695700	-0.026245
265.695800	-0.035400
265.695900	-0.033112
265.696000	-0.029602
265.696100	-0.030975
265.696200	-0.032806
265.696300	-0.032043
265.696400	-0.031281
265.696500	-0.025177
265.696600	-0.019684
265.696700	-0.022736
265.696800	-0.018005
265.696900	-0.017853
265.697000	-0.013733
265.697100	-0.017853
265.697200	-0.016174
265.697300	-0.011139
265.697400	-0.003662
265.697500	-0.009918
265.697600	-0.010681
265.697700	-0.011139
265.697800	-0.015106
265.697900	-0.017700
265.698000	-0.022583
265.698100	-0.029602
265.698200	-0.029144
265.698300	-0.032959
265.698400	-0.034790
265.698500	-0.023804
265.698600	0.017242
265.698700	0.139160
265.698800	0.375824
265.698900	0.767365
265.699000	1.122589
265.699100	1.276398
265.699200	1.288147
265.699300	1.162872
265.699400	0.746918
265.699500	0.186005
265.699600	-0.384979
265.699700	-0.921783
265.699800	-1.175537
265.699900	-1.390686
265.700000	-1.309662
265.700100	-1.191864
265.700200	-0.804443
265.700300	-0.468750
265.700400	-0.231628
265.700500	-0.094452
265.700600	-0.033722
265.700700	-0.008850
265.700800	-0.006104
265.700900	-0.008698
265.701000	-0.017700
265.701100	-0.024872
265.701200	-0.034332
265.701300	-0.033875
265.701400	-0.030518
265.701500	-0.030975
265.701600	-0.022888
265.701700	-0.019531
265.701800	-0.022125
265.701900	-0.016937
265.702000	-0.011597
265.702100	-0.010071
265.702200	-0.009613
265.702300	-0.005341
265.702400	-0.000458
265.702500	-0.000458
265.702600	0.003662
265.702700	0.001373
265.702800	-0.002594
265.702900	-0.006714
265.703000	-0.002441
265.703100	-0.001984
265.703200	-0.006409
265.703300	-0.004578
265.703400	-0.013733
265.703500	-0.018768
265.703600	-0.022430
265.703700	-0.017242
265.703800	-0.003815
265.703900	0.012970
265.704000	0.033112
265.704100	0.039368
265.704200	0.034180
265.704300	0.015564
265.704400	-0.004425
265.704500	-0.033875
265.704600	-0.060730
265.704700	-0.066223
265.704800	-0.048676
265.704900	-0.011902
265.705000	0.023956
265.705100	0.051270
265.705200	0.056763
265.705300	0.051422
265.705400	0.023804
265.705500	-0.009308
265.705600	-0.034485
265.705700	-0.057526
265.705800	-0.061646
265.705900	-0.070190
265.706000	-0.069580
265.706100	-0.065460
265.706200	-0.054321
265.706300	-0.042877
265.706400	-0.040436
265.706500	-0.040131
265.706600	-0.033569
265.706700	-0.027313
265.706800	-0.015106
265.706900	-0.008392
265.707000	0.003204
265.707100	0.012970
265.707200	0.011902
265.707300	0.004272
265.707400	0.000305
265.707500	-0.002136
265.707600	0.002594
265.707700	-0.000458
265.707800	-0.010376
265.707900	-0.021973
265.708000	-0.039215
265.708100	-0.051727
265.708200	-0.062256
265.708300	-0.069580
265.708400	-0.058899
265.708500	-0.051575
265.708600	-0.041046
265.708700	-0.041199
265.708800	-0.037537
265.708900	-0.034943
265.709000	-0.029144
265.709100	-0.028992
265.709200	-0.030365
265.709300	-0.037842
265.709400	-0.038910
265.709500	-0.040894
265.709600	-0.039062
265.709700	-0.036926
265.709800	-0.031128
265.709900	-0.024719
265.710000	-0.020294
265.710100	-0.020752
265.710200	-0.014496
265.710300	-0.017700
265.710400	-0.013123
265.710500	-0.012817
265.710600	-0.009308
265.710700	-0.008545
265.710800	-0.012054
265.710900	-0.013885
265.711000	-0.009613
265.711100	-0.012054
265.711200	-0.014343
265.711300	-0.016174
265.711400	-0.018311
265.711500	-0.015106
265.711600	-0.007019
265.711700	-0.007629
265.711800	0.010986
265.711900	0.072174
265.712000	0.212860
265.712100	0.417633
265.712200	0.574188
265.712300	0.603180
265.712400	0.525055
265.712500	0.308228
265.712600	0.034180
265.712700	-0.221558
265.712800	-0.249023
265.712900	0.089874
265.713000	0.691528
265.713100	1.353302
265.713200	1.764221
265.713300	1.784973
265.713400	1.475220
265.713500	0.771484
265.713600	-0.280304
265.713700	-1.130219
265.713800	-2.053375
265.713900	-2.332916
265.714000	-2.080078
265.714100	-1.755371
265.714200	-1.427002
265.714300	-0.981140
265.714400	-0.493469
265.714500	-0.219116
265.714600	-0.078583
265.714700	-0.024414
265.714800	-0.011902
265.714900	-0.008698
265.715000	-0.004578
265.715100	-0.001526
265.715200	0.007324
265.715300	0.005493
265.715400	0.001678
265.715500	-0.000305
265.715600	-0.007019
265.715700	-0.006104
265.715800	-0.010223
265.715900	-0.008545
265.716000	-0.004425
265.716100	-0.000763
265.716200	-0.002289
265.716300	0.001526
265.716400	0.000763
265.716500	-0.000610
265.716600	-0.000305
265.716700	-0.005798
265.716800	-0.003815
265.716900	-0.006561
265.717000	-0.008392
265.717100	-0.015106
265.717200	-0.016785
265.717300	-0.019073
265.717400	-0.025940
265.717500	-0.030212
265.717600	-0.029297
265.717700	-0.021820
265.717800	-0.016479
265.717900	-0.010376
265.718000	-0.007782
265.718100	-0.006256
265.718200	-0.004272
265.718300	-0.005646
265.718400	0.001373
265.718500	0.001678
265.718600	0.006256
265.718700	0.006409
265.718800	0.001984
265.718900	-0.001831
265.719000	-0.005493
265.719100	-0.012665
265.719200	-0.014343
265.719300	-0.015106
265.719400	-0.016174
265.719500	-0.009613
265.719600	0.003357
265.719700	0.010529
265.719800	0.054474
265.719900	0.114746
265.720000	0.180206
265.720100	0.207062
265.720200	0.197906
265.720300	0.155487
265.720400	0.076752
265.720500	-0.018463
265.720600	-0.118408
265.720700	-0.198059
265.720800	-0.241699
265.720900	-0.240021
265.721000	-0.208588
265.721100	-0.154266
265.721200	-0.090332
265.721300	-0.049744
265.721400	-0.021667
265.721500	-0.009613
265.721600	-0.010376
265.721700	-0.007629
265.721800	-0.005035
265.721900	-0.004730
265.722000	0.003662
265.722100	0.012665
265.722200	0.022583
265.722300	0.038300
265.722400	0.045319
265.722500	0.054932
265.722600	0.054932
265.722700	0.046997
265.722800	0.035095
265.722900	0.025787
265.723000	0.010986
265.723100	0.014038
265.723200	0.012207
265.723300	0.015259
265.723400	0.014343
265.723500	0.020142
265.723600	0.015869
265.723700	-0.010223
265.723800	-0.019531
265.723900	-0.000305
265.724000	0.055695
265.724100	0.142670
265.724200	0.278015
265.724300	0.437469
265.724400	0.531006
265.724500	0.540619
265.724600	0.452576
265.724700	0.264435
265.724800	0.052948
265.724900	-0.163727
265.725000	-0.371704
265.725100	-0.533295
265.725200	-0.635223
265.725300	-0.648041
265.725400	-0.558929
265.725500	-0.406799
265.725600	-0.282593
265.725700	-0.181122
265.725800	-0.100708
265.725900	-0.042877
265.726000	-0.009308
265.726100	0.000916
265.726200	0.000458
265.726300	0.000763
265.726400	-0.014191
265.726500	-0.016937
265.726600	-0.018463
265.726700	0.028992
265.726800	0.139465
265.726900	0.345154
265.727000	0.598755
265.727100	0.818176
265.727200	0.914612
265.727300	0.881042
265.727400	0.688782
265.727500	0.365295
265.727600	0.005035
265.727700	-0.360870
265.727800	-0.690613
265.727900	-0.912781
265.728000	-0.995331
