120.215300	0.720673
120.215400	0.963135
120.215500	1.193695
120.215600	1.392822
120.215700	1.571503
120.215800	1.728516
120.215900	1.872253
120.216000	1.942139
120.216100	1.926880
120.216200	1.831665
120.216300	1.713867
120.216400	1.575470
120.216500	1.415558
120.216600	1.221771
120.216700	0.924377
120.216800	0.520630
120.216900	0.076141
120.217000	-0.375977
120.217100	-0.809937
120.217200	-1.158905
120.217300	-1.628876
120.217400	-1.932373
120.217500	-2.123871
120.217600	-2.204132
120.217700	-2.197418
120.217800	-2.124023
120.217900	-1.994171
120.218000	-1.822815
120.218100	-1.594849
120.218200	-1.329193
120.218300	-1.061554
120.218400	-0.641327
120.218500	-0.303955
120.218600	0.010529
120.218700	0.312195
120.218800	0.625458
120.218900	0.929871
120.219000	1.165161
120.219100	1.286926
120.219200	1.326904
120.219300	1.325073
120.219400	1.318817
120.219500	1.324005
120.219600	1.346741
120.219700	1.316833
120.219800	1.186676
120.219900	0.926056
120.220000	0.581055
120.220100	0.231628
120.220200	-0.089417
120.220300	-0.419617
120.220400	-0.779572
120.220500	-1.099854
120.220600	-1.337280
120.220700	-1.421814
120.220800	-1.421814
120.220900	-1.374817
120.221000	-1.331329
120.221100	-1.298676
120.221200	-1.272888
120.221300	-1.239166
120.221400	-1.222382
120.221500	-0.930786
120.221600	-0.668335
120.221700	-0.447845
120.221800	-0.278778
120.221900	-0.147095
120.222000	-0.037842
120.222100	0.030975
120.222200	0.087280
120.222300	0.105743
120.222400	0.113373
120.222500	0.122681
120.222600	0.127106
120.222700	0.132599
120.222800	0.126801
120.222900	0.127869
120.223000	0.123291
120.223100	0.129852
120.223200	0.124969
120.223300	0.126495
120.223400	0.132294
120.223500	0.127258
120.223600	0.126648
120.223700	0.124969
120.223800	0.119171
120.223900	0.124054
120.224000	0.119781
120.224100	0.121155
120.224200	0.108490
120.224300	0.114441
120.224400	0.108337
120.224500	0.104370
120.224600	0.099945
120.224700	0.097809
120.224800	0.090790
120.224900	0.092926
120.225000	0.090332
120.225100	0.095520
120.225200	0.091553
120.225300	0.087585
120.225400	0.091705
120.225500	0.088806
120.225600	0.095062
120.225700	0.086670
120.225800	0.090027
120.225900	0.098114
120.226000	0.093994
120.226100	0.099030
120.226200	0.098419
120.226300	0.093689
120.226400	0.098114
120.226500	0.092926
120.226600	0.092621
120.226700	0.087738
120.226800	0.089111
120.226900	0.086060
120.227000	0.085144
120.227100	0.084839
120.227200	0.083008
120.227300	0.073395
120.227400	0.069885
120.227500	0.063171
120.227600	0.063324
120.227700	0.059814
120.227800	0.058746
120.227900	0.060425
120.228000	0.064697
120.228100	0.061951
120.228200	0.063934
120.228300	0.066681
120.228400	0.075531
120.228500	0.087891
120.228600	0.105438
120.228700	0.146637
120.228800	0.207062
120.228900	0.281067
120.229000	0.383606
120.229100	0.518341
120.229200	0.700226
120.229300	0.881042
120.229400	1.005554
120.229500	1.058960
120.229600	1.066742
120.229700	1.073608
120.229800	1.077423
120.229900	1.091003
120.230000	1.071930
120.230100	0.977631
120.230200	0.776367
120.230300	0.494537
120.230400	0.198059
120.230500	-0.103302
120.230600	-0.396423
120.230700	-0.714722
120.230800	-0.980072
120.230900	-1.158295
120.231000	-1.248322
120.231100	-1.251678
120.231200	-1.220245
120.231300	-1.191254
120.231400	-1.188049
120.231500	-1.152039
120.231600	-1.069031
120.231700	-0.927429
120.231800	-0.692139
120.231900	-0.460205
120.232000	-0.248871
120.232100	-0.068817
120.232200	0.112000
120.232300	0.259705
120.232400	0.397949
120.232500	0.516968
120.232600	0.605774
120.232700	0.670471
120.232800	0.712280
120.232900	0.732574
120.233000	0.731812
120.233100	0.713196
120.233200	0.679932
120.233300	0.613251
120.233400	0.534821
120.233500	0.429840
120.233600	0.318451
120.233700	0.189056
120.233800	0.057373
120.233900	-0.077972
120.234000	-0.214691
120.234100	-0.349884
120.234200	-0.478058
120.234300	-0.606384
120.234400	-0.712585
120.234500	-0.776062
120.234600	-0.813599
120.234700	-0.817261
120.234800	-0.786743
120.234900	-0.735626
120.235000	-0.656586
120.235100	-0.569611
120.235200	-0.471039
120.235300	-0.362854
120.235400	-0.272980
120.235500	-0.184326
120.235600	-0.102539
120.235700	-0.041809
120.235800	0.018311
120.235900	0.061798
120.236000	0.079498
120.236100	0.093994
120.236200	0.100403
120.236300	0.096130
120.236400	0.085144
120.236500	0.073547
120.236600	0.062408
120.236700	0.054321
120.236800	0.038147
120.236900	0.020142
120.237000	0.012817
120.237100	0.003357
120.237200	0.001984
120.237300	0.007629
120.237400	0.003357
120.237500	0.008850
120.237600	0.015717
120.237700	0.022888
120.237800	0.034180
120.237900	0.040436
120.238000	0.049591
120.238100	0.056763
120.238200	0.062256
120.238300	0.066376
120.238400	0.062714
120.238500	0.066986
120.238600	0.065765
120.238700	0.066071
120.238800	0.064850
120.238900	0.065460
120.239000	0.064392
120.239100	0.055847
120.239200	0.056152
120.239300	0.052948
120.239400	0.047302
120.239500	0.036926
120.239600	0.035858
120.239700	0.034943
120.239800	0.027008
120.239900	0.025635
120.240000	0.025940
120.240100	0.025330
120.240200	0.025787
120.240300	0.025940
120.240400	0.025024
120.240500	0.021515
120.240600	0.021667
120.240700	0.019379
120.240800	0.021820
120.240900	0.026550
120.241000	0.024109
120.241100	0.022736
120.241200	0.026245
120.241300	0.028992
120.241400	0.030823
120.241500	0.032196
120.241600	0.036621
120.241700	0.038757
120.241800	0.034637
120.241900	0.037994
120.242000	0.045471
120.242100	0.045776
120.242200	0.049133
120.242300	0.052490
120.242400	0.059052
120.242500	0.059509
120.242600	0.065308
120.242700	0.069122
120.242800	0.073090
120.242900	0.069580
120.243000	0.066223
120.243100	0.064545
120.243200	0.062714
120.243300	0.061493
120.243400	0.052948
120.243500	0.046082
120.243600	0.042725
120.243700	0.039215
120.243800	0.033722
120.243900	0.027008
120.244000	0.024719
120.244100	0.019073
120.244200	0.013733
120.244300	0.011292
120.244400	0.010529
120.244500	0.004730
120.244600	0.000916
120.244700	0.000000
120.244800	-0.002594
120.244900	0.002899
120.245000	0.002899
120.245100	-0.002289
120.245200	-0.003204
120.245300	-0.001221
120.245400	-0.004578
120.245500	-0.005035
120.245600	-0.004272
120.245700	0.002136
120.245800	0.012817
120.245900	0.009460
120.246000	0.012207
120.246100	0.018921
120.246200	0.020599
120.246300	0.020599
120.246400	0.024261
120.246500	0.027771
120.246600	0.027618
120.246700	0.028839
120.246800	0.034332
120.246900	0.036469
120.247000	0.037689
120.247100	0.037537
120.247200	0.038910
120.247300	0.039673
120.247400	0.034790
120.247500	0.031891
120.247600	0.031128
120.247700	0.035706
120.247800	0.035553
120.247900	0.033417
120.248000	0.030365
120.248100	0.027161
120.248200	0.030518
120.248300	0.036774
120.248400	0.033112
120.248500	0.039978
120.248600	0.034790
120.248700	0.031128
120.248800	0.031433
120.248900	0.021362
120.249000	0.023804
120.249100	0.017853
120.249200	0.013428
120.249300	0.011597
120.249400	0.011749
120.249500	0.005798
120.249600	0.005035
120.249700	-0.001068
120.249800	-0.002899
120.249900	-0.004730
120.250000	-0.005188
120.250100	-0.007172
120.250200	-0.007629
120.250300	-0.007782
120.250400	-0.010223
120.250500	-0.012360
120.250600	-0.009308
120.250700	-0.000610
120.250800	0.001831
120.250900	0.005341
120.251000	0.009460
120.251100	0.018463
120.251200	0.017090
120.251300	0.020599
120.251400	0.024109
120.251500	0.025787
120.251600	0.025482
120.251700	0.025787
120.251800	0.023956
120.251900	0.013580
120.252000	0.011139
120.252100	0.007477
120.252200	-0.000916
120.252300	0.004120
120.252400	0.001373
120.252500	-0.003815
120.252600	-0.007477
120.252700	-0.007782
120.252800	-0.009003
120.252900	-0.008087
120.253000	-0.014191
120.253100	-0.011444
120.253200	-0.009460
120.253300	-0.006409
120.253400	-0.003662
120.253500	-0.001068
120.253600	-0.003204
120.253700	-0.003204
120.253800	-0.001831
120.253900	-0.001678
120.254000	-0.003052
120.254100	-0.007172
120.254200	-0.005646
120.254300	-0.008087
120.254400	-0.009308
120.254500	-0.015106
120.254600	-0.009613
120.254700	-0.007477
120.254800	-0.011292
120.254900	-0.008392
120.255000	-0.012054
120.255100	-0.010986
120.255200	-0.016022
120.255300	-0.015717
120.255400	-0.008545
120.255500	-0.012207
120.255600	-0.013428
120.255700	-0.007935
120.255800	-0.016022
120.255900	-0.013580
120.256000	-0.010681
120.256100	-0.009155
120.256200	-0.009155
120.256300	-0.011597
120.256400	-0.003052
120.256500	-0.003052
120.256600	-0.006866
120.256700	-0.008087
120.256800	-0.001526
120.256900	-0.009003
120.257000	-0.004272
120.257100	-0.001373
120.257200	0.000153
120.257300	-0.003662
120.257400	-0.003204
120.257500	-0.002899
120.257600	-0.005035
120.257700	0.005035
120.257800	0.007324
120.257900	0.006561
120.258000	0.007935
120.258100	0.003815
120.258200	0.013123
120.258300	0.014343
120.258400	0.011597
120.258500	0.014038
120.258600	0.012665
120.258700	0.012512
120.258800	0.007019
120.258900	0.006866
120.259000	0.001068
120.259100	-0.005646
120.259200	-0.002289
120.259300	-0.009613
120.259400	-0.009003
120.259500	-0.012207
120.259600	-0.016327
120.259700	-0.016937
120.259800	-0.016785
120.259900	-0.010986
120.260000	-0.015717
120.260100	-0.013123
120.260200	-0.005188
120.260300	-0.005035
120.260400	-0.009613
120.260500	-0.005341
120.260600	-0.005493
120.260700	0.002441
120.260800	0.007477
120.260900	0.007782
120.261000	0.001373
120.261100	0.002594
120.261200	-0.001068
120.261300	0.001373
120.261400	0.004425
120.261500	0.003815
120.261600	0.001373
120.261700	0.002289
120.261800	0.007324
120.261900	0.009460
120.262000	0.005493
120.262100	0.005341
120.262200	0.009155
120.262300	0.007782
120.262400	0.011597
120.262500	0.009613
120.262600	0.000763
120.262700	0.000000
120.262800	0.004730
120.262900	0.005035
120.263000	0.006866
120.263100	0.006714
120.263200	0.013428
120.263300	0.017242
120.263400	0.015717
120.263500	0.016479
120.263600	0.023041
120.263700	0.021820
120.263800	0.022888
120.263900	0.015411
120.264000	0.019836
120.264100	0.010681
120.264200	0.006256
120.264300	-0.004120
120.264400	-0.010223
120.264500	-0.011902
120.264600	-0.013733
120.264700	-0.015717
120.264800	-0.017395
120.264900	-0.019073
120.265000	-0.018768
120.265100	-0.015869
120.265200	-0.011139
120.265300	-0.017242
120.265400	-0.012665
120.265500	-0.004578
120.265600	0.005341
120.265700	-0.000305
120.265800	0.001526
120.265900	0.006409
120.266000	0.000763
120.266100	0.003815
120.266200	0.003204
120.266300	0.009613
120.266400	0.007629
120.266500	0.011139
120.266600	0.010529
120.266700	0.012360
120.266800	0.016632
120.266900	0.014954
120.267000	0.011902
120.267100	0.010681
120.267200	0.018311
120.267300	0.016022
120.267400	0.013428
120.267500	0.020599
120.267600	0.022583
120.267700	0.030060
120.267800	0.032806
120.267900	0.043030
120.268000	0.044556
120.268100	0.057220
120.268200	0.056915
120.268300	0.057831
120.268400	0.063477
120.268500	0.057983
120.268600	0.065155
120.268700	0.075989
120.268800	0.100098
