379.645700	0.080109
379.645800	0.083618
379.645900	0.092468
379.646000	0.094147
379.646100	0.097656
379.646200	0.093842
379.646300	0.094452
379.646400	0.085449
379.646500	0.084991
379.646600	0.084076
379.646700	0.078735
379.646800	0.080719
379.646900	0.077362
379.647000	0.081329
379.647100	0.072479
379.647200	0.070496
379.647300	0.063934
379.647400	0.062408
379.647500	0.060577
379.647600	0.055084
379.647700	0.056305
379.647800	0.056458
379.647900	0.050507
379.648000	0.051880
379.648100	0.050812
379.648200	0.046692
379.648300	0.047913
379.648400	0.048065
379.648500	0.048828
379.648600	0.049286
379.648700	0.044098
379.648800	0.047607
379.648900	0.052948
379.649000	0.054474
379.649100	0.054626
379.649200	0.053253
379.649300	0.047455
379.649400	0.045776
379.649500	0.048065
379.649600	0.044556
379.649700	0.043182
379.649800	0.040283
379.649900	0.040283
379.650000	0.039978
379.650100	0.040588
379.650200	0.040436
379.650300	0.040894
379.650400	0.043640
379.650500	0.040283
379.650600	0.041199
379.650700	0.037994
379.650800	0.043030
379.650900	0.042725
379.651000	0.036774
379.651100	0.039520
379.651200	0.038910
379.651300	0.037231
379.651400	0.039520
379.651500	0.038300
379.651600	0.037079
379.651700	0.032196
379.651800	0.026550
379.651900	0.033417
379.652000	0.029449
379.652100	0.030060
379.652200	0.028534
379.652300	0.027161
379.652400	0.021667
379.652500	0.021362
379.652600	0.021667
379.652700	0.019073
379.652800	0.017853
379.652900	0.018768
379.653000	0.017242
379.653100	0.016479
379.653200	0.014038
379.653300	0.015259
379.653400	0.012665
379.653500	0.013733
379.653600	0.014496
379.653700	0.010529
379.653800	0.011444
379.653900	0.009460
379.654000	0.013275
379.654100	0.013275
379.654200	0.012207
379.654300	0.023346
379.654400	0.017700
379.654500	0.025330
379.654600	0.023041
379.654700	0.027924
379.654800	0.028076
379.654900	0.027008
379.655000	0.025024
379.655100	0.028534
379.655200	0.029907
379.655300	0.028381
379.655400	0.029449
379.655500	0.029907
379.655600	0.025177
379.655700	0.027466
379.655800	0.021515
379.655900	0.018311
379.656000	0.017853
379.656100	0.016327
379.656200	0.014191
379.656300	0.011444
379.656400	0.014038
379.656500	0.011749
379.656600	0.007782
379.656700	0.005341
379.656800	0.008698
379.656900	0.012817
379.657000	0.025024
379.657100	0.031128
379.657200	0.040894
379.657300	0.057678
379.657400	0.078125
379.657500	0.093689
379.657600	0.101624
379.657700	0.107574
379.657800	0.110626
379.657900	0.111694
379.658000	0.109100
379.658100	0.108948
379.658200	0.094910
379.658300	0.085754
379.658400	0.081940
379.658500	0.068665
379.658600	0.054779
379.658700	0.038605
379.658800	0.022125
379.658900	0.009766
379.659000	-0.014496
379.659100	-0.028076
379.659200	-0.055695
379.659300	-0.070953
379.659400	-0.090485
379.659500	-0.106049
379.659600	-0.113525
379.659700	-0.126801
379.659800	-0.139008
379.659900	-0.147552
379.660000	-0.149384
379.660100	-0.155640
379.660200	-0.153961
379.660300	-0.156403
379.660400	-0.155334
379.660500	-0.151672
379.660600	-0.146942
379.660700	-0.140839
379.660800	-0.131531
379.660900	-0.124969
379.661000	-0.111389
379.661100	-0.099182
379.661200	-0.084839
379.661300	-0.069427
379.661400	-0.051727
379.661500	-0.036621
379.661600	-0.029449
379.661700	-0.023346
379.661800	-0.028687
379.661900	-0.021973
379.662000	-0.016937
379.662100	-0.016022
379.662200	-0.011749
379.662300	-0.017090
379.662400	-0.018463
379.662500	-0.019379
379.662600	-0.016022
379.662700	-0.013123
379.662800	-0.015411
379.662900	-0.012207
379.663000	-0.016785
379.663100	-0.014801
379.663200	-0.012665
379.663300	-0.017090
379.663400	-0.020752
379.663500	-0.016479
379.663600	-0.017090
379.663700	-0.010834
379.663800	-0.001068
379.663900	0.007477
379.664000	0.010681
379.664100	0.028839
379.664200	0.046082
379.664300	0.074921
379.664400	0.109100
379.664500	0.148010
379.664600	0.190582
379.664700	0.249939
379.664800	0.318756
379.664900	0.401459
379.665000	0.488586
379.665100	0.577240
379.665200	0.666656
379.665300	0.738525
379.665400	0.794678
379.665500	0.829163
379.665600	0.851593
379.665700	0.869446
379.665800	0.886230
379.665900	0.890045
379.666000	0.893707
379.666100	0.895386
379.666200	0.879517
379.666300	0.866394
379.666400	0.834656
379.666500	0.776672
379.666600	0.695801
379.666700	0.578003
379.666800	0.442505
379.666900	0.289459
379.667000	0.125732
379.667100	-0.037537
379.667200	-0.207977
379.667300	-0.361938
379.667400	-0.513000
379.667500	-0.676422
379.667600	-0.803070
379.667700	-0.906677
379.667800	-0.986176
379.667900	-1.036224
379.668000	-1.056976
379.668100	-1.065521
379.668200	-1.066132
379.668300	-1.047211
379.668400	-1.019592
379.668500	-0.978699
379.668600	-0.928040
379.668700	-0.862732
379.668800	-0.765228
379.668900	-0.662384
379.669000	-0.526581
379.669100	-0.368652
379.669200	-0.184326
379.669300	0.033264
379.669400	0.272827
379.669500	0.526123
379.669600	0.779266
379.669700	1.000061
379.669800	1.178436
379.669900	1.301422
379.670000	1.374817
379.670100	1.406555
379.670200	1.430969
379.670300	1.447754
379.670400	1.468658
379.670500	1.506500
379.670600	1.552124
379.670700	1.608276
379.670800	1.673431
379.670900	1.730804
379.671000	1.770477
379.671100	1.783752
379.671200	1.766205
379.671300	1.705627
379.671400	1.623993
379.671500	1.520081
379.671600	1.417694
379.671700	1.300964
379.671800	1.170807
379.671900	1.029968
379.672000	0.877380
379.672100	0.694885
379.672200	0.506897
379.672300	0.314484
379.672400	0.146179
379.672500	0.007477
379.672600	-0.088806
379.672700	-0.154419
379.672800	-0.207520
379.672900	-0.259399
379.673000	-0.319672
379.673100	-0.396118
379.673200	-0.495605
379.673300	-0.624542
379.673400	-0.777588
379.673500	-0.956421
379.673600	-1.121979
379.673700	-1.380157
379.673800	-1.603394
379.673900	-1.791229
379.674000	-1.945038
379.674100	-2.070618
379.674200	-2.171173
379.674300	-2.249756
379.674400	-2.316284
379.674500	-2.371826
379.674600	-2.393036
379.674700	-2.392883
379.674800	-2.363892
379.674900	-2.323914
379.675000	-2.257233
379.675100	-2.185974
379.675200	-2.114868
379.675300	-2.045898
379.675400	-1.955566
379.675500	-1.863708
379.675600	-1.782990
379.675700	-1.685638
379.675800	-1.577148
379.675900	-1.449127
379.676000	-1.321716
379.676100	-1.281433
379.676200	-1.057587
379.676300	-0.920563
379.676400	-0.759430
379.676500	-0.618286
379.676600	-0.487823
379.676700	-0.370636
379.676800	-0.254669
379.676900	-0.158234
379.677000	-0.069275
379.677100	0.007629
379.677200	0.061951
379.677300	0.103912
379.677400	0.134430
379.677500	0.152283
379.677600	0.162506
379.677700	0.170135
379.677800	0.171204
379.677900	0.163879
379.678000	0.151978
379.678100	0.141602
379.678200	0.137177
379.678300	0.131531
379.678400	0.119171
379.678500	0.117645
379.678600	0.110779
379.678700	0.106964
379.678800	0.102539
379.678900	0.098419
379.679000	0.098419
379.679100	0.097351
379.679200	0.098419
379.679300	0.097656
379.679400	0.092010
379.679500	0.104523
379.679600	0.112457
379.679700	0.114441
379.679800	0.112457
379.679900	0.113525
379.680000	0.112915
379.680100	0.119171
379.680200	0.117798
379.680300	0.115051
379.680400	0.115967
379.680500	0.124817
379.680600	0.121765
379.680700	0.125122
379.680800	0.126343
379.680900	0.119781
379.681000	0.124664
379.681100	0.124817
379.681200	0.124969
379.681300	0.123291
379.681400	0.119781
379.681500	0.126038
379.681600	0.128021
379.681700	0.128632
379.681800	0.127563
379.681900	0.128937
379.682000	0.128174
379.682100	0.125275
379.682200	0.122070
379.682300	0.110168
379.682400	0.115967
379.682500	0.105133
379.682600	0.106659
379.682700	0.109406
379.682800	0.108643
379.682900	0.103149
379.683000	0.107117
379.683100	0.103760
379.683200	0.105438
379.683300	0.108643
379.683400	0.115814
379.683500	0.120392
379.683600	0.124359
379.683700	0.129089
379.683800	0.143585
379.683900	0.154114
379.684000	0.161133
379.684100	0.171356
379.684200	0.177002
379.684300	0.188446
379.684400	0.190735
379.684500	0.193634
379.684600	0.190582
379.684700	0.196228
379.684800	0.193024
379.684900	0.194855
379.685000	0.198364
379.685100	0.193176
379.685200	0.189514
379.685300	0.184937
379.685400	0.174103
379.685500	0.160065
379.685600	0.142365
379.685700	0.127563
379.685800	0.110474
379.685900	0.086975
379.686000	0.067902
379.686100	0.047150
379.686200	0.023499
379.686300	-0.000916
379.686400	-0.013733
379.686500	-0.031586
379.686600	-0.043335
379.686700	-0.055695
379.686800	-0.060120
379.686900	-0.063019
379.687000	-0.066833
379.687100	-0.063019
379.687200	-0.058746
379.687300	-0.063324
379.687400	-0.064545
379.687500	-0.063324
379.687600	-0.060120
379.687700	-0.065918
379.687800	-0.065155
379.687900	-0.067444
379.688000	-0.066833
379.688100	-0.062714
379.688200	-0.053101
379.688300	-0.048218
379.688400	-0.042877
379.688500	-0.034637
379.688600	-0.034637
379.688700	-0.022736
379.688800	-0.021667
379.688900	-0.021820
379.689000	-0.016785
379.689100	-0.014191
379.689200	-0.015411
379.689300	-0.018463
379.689400	-0.019073
379.689500	-0.016174
379.689600	-0.014648
379.689700	-0.011902
379.689800	-0.007477
379.689900	-0.005188
379.690000	-0.004730
379.690100	-0.003204
379.690200	-0.002441
379.690300	-0.002136
379.690400	-0.001526
379.690500	0.005341
379.690600	0.007782
379.690700	0.008698
379.690800	0.011139
379.690900	0.010376
379.691000	0.014191
379.691100	0.009613
379.691200	0.011139
379.691300	0.013885
379.691400	0.014954
379.691500	0.017700
379.691600	0.020142
379.691700	0.013428
379.691800	0.014954
379.691900	0.015869
379.692000	0.013885
379.692100	0.010376
379.692200	0.013428
379.692300	0.009155
379.692400	0.007324
379.692500	0.009918
379.692600	0.011292
379.692700	0.006866
379.692800	0.008392
379.692900	0.006409
379.693000	0.004578
379.693100	0.003967
379.693200	0.006866
379.693300	0.007477
379.693400	0.009308
379.693500	0.013885
379.693600	0.016479
379.693700	0.024414
379.693800	0.034027
379.693900	0.036011
379.694000	0.048370
379.694100	0.061951
379.694200	0.084229
379.694300	0.105591
379.694400	0.135498
379.694500	0.164490
379.694600	0.201569
379.694700	0.246277
379.694800	0.302734
379.694900	0.360870
379.695000	0.424347
379.695100	0.483704
379.695200	0.549774
379.695300	0.620880
379.695400	0.689240
379.695500	0.761261
379.695600	0.834045
379.695700	0.910950
379.695800	0.992432
379.695900	1.089935
379.696000	1.189880
379.696100	1.301270
379.696200	1.413116
379.696300	1.508179
379.696400	1.577148
379.696500	1.616669
379.696600	1.609650
379.696700	1.574402
379.696800	1.501617
379.696900	1.414948
379.697000	1.322632
379.697100	1.228943
379.697200	1.143188
379.697300	1.055450
379.697400	0.963440
379.697500	0.867615
379.697600	0.750732
379.697700	0.608063
379.697800	0.438080
379.697900	0.235291
379.698000	0.016174
379.698100	-0.213470
379.698200	-0.449066
379.698300	-0.697021
379.698400	-0.934143
379.698500	-1.112976
379.698600	-1.442871
379.698700	-1.680145
379.698800	-1.905518
379.698900	-2.113647
379.699000	-2.283020
379.699100	-2.399445
379.699200	-2.460937
