188.260100	0.006409
188.260200	0.008698
188.260300	0.013428
188.260400	0.009308
188.260500	-0.000610
188.260600	0.005951
188.260700	0.002136
188.260800	0.000763
188.260900	0.001221
188.261000	0.001221
188.261100	-0.004578
188.261200	-0.006256
188.261300	-0.009766
188.261400	-0.001526
188.261500	0.010376
188.261600	0.026093
188.261700	0.049896
188.261800	0.074158
188.261900	0.088196
188.262000	0.098419
188.262100	0.101776
188.262200	0.091553
188.262300	0.071869
188.262400	0.038757
188.262500	-0.003967
188.262600	-0.056610
188.262700	-0.085907
188.262800	-0.104370
188.262900	-0.112610
188.263000	-0.108032
188.263100	-0.108185
188.263200	-0.094910
188.263300	-0.067749
188.263400	-0.035400
188.263500	-0.009766
188.263600	-0.000305
188.263700	-0.001221
188.263800	-0.006714
188.263900	-0.000916
188.264000	-0.009613
188.264100	-0.014954
188.264200	-0.012665
188.264300	-0.016174
188.264400	-0.018768
188.264500	-0.015259
188.264600	-0.016937
188.264700	-0.013885
188.264800	-0.016327
188.264900	-0.014801
188.265000	-0.015259
188.265100	-0.013580
188.265200	-0.012665
188.265300	-0.008240
188.265400	-0.007324
188.265500	-0.001984
188.265600	-0.006409
188.265700	-0.003052
188.265800	-0.008545
188.265900	-0.008850
188.266000	-0.004730
188.266100	-0.007935
188.266200	-0.004425
188.266300	-0.002747
188.266400	0.003510
188.266500	-0.006256
188.266600	-0.007324
188.266700	-0.002289
188.266800	-0.005646
188.266900	-0.003662
188.267000	-0.008392
188.267100	-0.009613
188.267200	-0.010071
188.267300	-0.009918
188.267400	-0.009155
188.267500	-0.012665
188.267600	-0.015106
188.267700	-0.006256
188.267800	-0.011444
188.267900	-0.009155
188.268000	-0.006866
188.268100	-0.006256
188.268200	-0.001068
188.268300	0.000610
188.268400	-0.000305
188.268500	-0.003662
188.268600	-0.003357
188.268700	-0.008698
188.268800	-0.008087
188.268900	-0.009308
188.269000	-0.016632
188.269100	-0.019073
188.269200	-0.014496
188.269300	-0.013428
188.269400	-0.014496
188.269500	-0.009460
188.269600	-0.009766
188.269700	-0.012207
188.269800	-0.005951
188.269900	0.002594
188.270000	-0.000610
188.270100	0.003357
188.270200	-0.003204
188.270300	-0.008698
188.270400	-0.011139
188.270500	-0.013885
188.270600	-0.025330
188.270700	-0.033417
188.270800	-0.025177
188.270900	-0.013428
188.271000	0.004120
188.271100	0.031433
188.271200	0.050812
188.271300	0.066071
188.271400	0.077515
188.271500	0.073853
188.271600	0.048370
188.271700	0.019226
188.271800	-0.027466
188.271900	-0.073242
188.272000	-0.104523
188.272100	-0.124054
188.272200	-0.126648
188.272300	-0.120544
188.272400	-0.111084
188.272500	-0.088348
188.272600	-0.064087
188.272700	-0.035400
188.272800	-0.021973
188.272900	-0.017853
188.273000	-0.005341
188.273100	-0.005341
188.273200	-0.011444
188.273300	-0.010529
188.273400	-0.016479
188.273500	-0.013428
188.273600	-0.006104
188.273700	-0.007782
188.273800	-0.001526
188.273900	0.008545
188.274000	0.006256
188.274100	0.007019
188.274200	0.006409
188.274300	0.004578
188.274400	0.001221
188.274500	-0.002136
188.274600	-0.008545
188.274700	-0.011139
188.274800	-0.009613
188.274900	-0.021057
188.275000	-0.024872
188.275100	-0.029755
188.275200	-0.030975
188.275300	-0.025177
188.275400	-0.027466
188.275500	-0.031281
188.275600	-0.025787
188.275700	-0.027466
188.275800	-0.020752
188.275900	-0.021973
188.276000	-0.019531
188.276100	-0.015411
188.276200	-0.016937
188.276300	-0.002289
188.276400	0.002899
188.276500	0.004120
188.276600	0.012665
188.276700	0.009155
188.276800	0.013580
188.276900	0.019073
188.277000	0.032806
188.277100	0.056915
188.277200	0.098877
188.277300	0.164185
188.277400	0.245361
188.277500	0.310059
188.277600	0.344086
188.277700	0.336914
188.277800	0.294342
188.277900	0.239410
188.278000	0.169525
188.278100	0.086365
188.278200	0.000000
188.278300	-0.073700
188.278400	-0.140991
188.278500	-0.202789
188.278600	-0.267487
188.278700	-0.316010
188.278800	-0.335388
188.278900	-0.328522
188.279000	-0.291138
188.279100	-0.228729
188.279200	-0.151672
188.279300	-0.080414
188.279400	-0.007782
188.279500	0.035095
188.279600	0.042877
188.279700	0.029602
188.279800	-0.003052
188.279900	-0.045319
188.280000	-0.093536
188.280100	-0.139771
188.280200	-0.156708
188.280300	-0.160828
188.280400	-0.162964
188.280500	-0.162659
188.280600	-0.169525
188.280700	-0.177460
188.280800	-0.162354
188.280900	-0.114594
188.281000	-0.063477
188.281100	-0.019226
188.281200	0.006104
188.281300	0.020752
188.281400	0.024414
188.281500	0.025024
188.281600	0.022430
188.281700	0.016479
188.281800	0.013885
188.281900	-0.005646
188.282000	-0.015106
188.282100	-0.028381
188.282200	-0.036316
188.282300	-0.032196
188.282400	-0.028534
188.282500	-0.029907
188.282600	-0.033264
188.282700	-0.026093
188.282800	-0.019989
188.282900	-0.017548
188.283000	-0.016632
188.283100	-0.012054
188.283200	-0.008850
188.283300	-0.010986
188.283400	-0.007477
188.283500	-0.003204
188.283600	-0.003052
188.283700	-0.003510
188.283800	0.000153
188.283900	-0.004883
188.284000	0.001984
188.284100	0.008392
188.284200	0.002747
188.284300	0.005035
188.284400	0.005798
188.284500	0.003204
188.284600	0.005493
188.284700	0.003052
188.284800	0.003204
188.284900	-0.003204
188.285000	-0.011597
188.285100	-0.016174
188.285200	-0.013123
188.285300	-0.015717
188.285400	-0.021362
188.285500	-0.020752
188.285600	-0.014191
188.285700	-0.014496
188.285800	-0.013733
188.285900	-0.007324
188.286000	-0.005951
188.286100	-0.001221
188.286200	0.001221
188.286300	0.012360
188.286400	0.011139
188.286500	0.009003
188.286600	0.012207
188.286700	0.012207
188.286800	0.005341
188.286900	0.011597
188.287000	0.009003
188.287100	0.009003
188.287200	0.011444
188.287300	0.006256
188.287400	0.000763
188.287500	-0.012054
188.287600	-0.019684
188.287700	-0.029297
188.287800	-0.035248
188.287900	-0.034332
188.288000	-0.033264
188.288100	-0.034943
188.288200	-0.037842
188.288300	-0.039368
188.288400	-0.031891
188.288500	-0.019379
188.288600	-0.018921
188.288700	-0.020905
188.288800	-0.012512
188.288900	-0.014954
188.289000	-0.011139
188.289100	-0.006409
188.289200	-0.009918
188.289300	-0.007477
188.289400	-0.014496
188.289500	-0.007477
188.289600	-0.011597
188.289700	-0.014496
188.289800	-0.014954
188.289900	-0.008545
188.290000	-0.010071
188.290100	-0.009918
188.290200	-0.007782
188.290300	-0.004578
188.290400	-0.012207
188.290500	-0.013123
188.290600	-0.006561
188.290700	-0.010376
188.290800	-0.013733
188.290900	-0.014954
188.291000	-0.015717
188.291100	-0.017242
188.291200	-0.015564
188.291300	-0.019073
188.291400	-0.022888
188.291500	-0.019989
188.291600	-0.022278
188.291700	-0.019073
188.291800	-0.013123
188.291900	-0.016174
188.292000	-0.018616
188.292100	-0.021362
188.292200	-0.018311
188.292300	-0.019531
188.292400	-0.024872
188.292500	-0.020142
188.292600	-0.014648
188.292700	-0.011902
188.292800	-0.011749
188.292900	-0.004578
188.293000	-0.008545
188.293100	-0.007629
188.293200	0.001831
188.293300	0.001984
188.293400	0.005188
188.293500	0.005798
188.293600	0.000610
188.293700	0.001984
188.293800	0.004578
188.293900	-0.008087
188.294000	-0.017853
188.294100	-0.024414
188.294200	-0.030670
188.294300	-0.042419
188.294400	-0.052338
188.294500	-0.044098
188.294600	-0.048065
188.294700	-0.045929
188.294800	-0.043335
188.294900	-0.033417
188.295000	-0.029907
188.295100	-0.018463
188.295200	-0.014343
188.295300	-0.012054
188.295400	-0.006866
188.295500	-0.009003
188.295600	-0.011902
188.295700	-0.016632
188.295800	-0.012970
188.295900	-0.015869
188.296000	-0.013428
188.296100	-0.010071
188.296200	0.000305
188.296300	0.002136
188.296400	0.008545
188.296500	0.033264
188.296600	0.115967
188.296700	0.251465
188.296800	0.464020
188.296900	0.791016
188.297000	1.148376
188.297100	1.366730
188.297200	1.472015
188.297300	1.581726
188.297400	1.683197
188.297500	1.595917
188.297600	1.184692
188.297700	0.585175
188.297800	-0.055695
188.297900	-0.658417
188.298000	-1.144257
188.298100	-1.487274
188.298200	-1.581268
188.298300	-1.638641
188.298400	-1.697693
188.298500	-1.662445
188.298600	-1.398163
188.298700	-1.198120
188.298800	-0.791626
188.298900	-0.555267
188.299000	-0.365295
188.299100	-0.209198
188.299200	-0.108032
188.299300	-0.037842
188.299400	-0.008087
188.299500	0.013885
188.299600	0.021515
188.299700	0.035095
188.299800	0.041809
188.299900	0.046234
188.300000	0.045166
188.300100	0.051270
188.300200	0.052795
188.300300	0.049591
188.300400	0.041199
188.300500	0.044556
188.300600	0.036469
188.300700	0.026245
188.300800	0.028076
188.300900	0.021057
188.301000	0.016785
188.301100	0.001221
188.301200	-0.000153
188.301300	-0.006714
188.301400	-0.011902
188.301500	-0.015717
188.301600	-0.014496
188.301700	-0.010529
188.301800	-0.005035
188.301900	-0.004578
188.302000	-0.003510
188.302100	0.007629
188.302200	0.018463
188.302300	0.038452
188.302400	0.066986
188.302500	0.102234
188.302600	0.120697
188.302700	0.136108
188.302800	0.138550
188.302900	0.130768
188.303000	0.109558
188.303100	0.056305
188.303200	-0.018768
188.303300	-0.089722
188.303400	-0.148773
188.303500	-0.168610
188.303600	-0.170441
188.303700	-0.156097
188.303800	-0.158386
188.303900	-0.138092
188.304000	-0.094452
188.304100	-0.050659
188.304200	-0.019684
188.304300	0.000000
188.304400	0.017090
188.304500	0.016174
188.304600	0.021667
188.304700	0.026550
188.304800	0.026093
188.304900	0.026093
188.305000	0.021973
188.305100	0.023193
188.305200	0.022125
188.305300	0.009460
188.305400	0.005188
188.305500	0.005646
188.305600	0.002441
188.305700	-0.001984
188.305800	-0.000610
188.305900	-0.001526
188.306000	-0.000763
188.306100	-0.000610
188.306200	0.001373
188.306300	0.010986
188.306400	0.013733
188.306500	0.009613
188.306600	0.011597
188.306700	0.003815
188.306800	0.000763
188.306900	0.008240
188.307000	0.000458
188.307100	-0.010071
188.307200	-0.017548
188.307300	-0.016785
188.307400	-0.018311
188.307500	-0.019379
188.307600	-0.026550
188.307700	-0.026093
188.307800	-0.025177
188.307900	-0.017395
188.308000	-0.016937
188.308100	-0.010681
188.308200	-0.014648
188.308300	-0.016327
188.308400	-0.015106
188.308500	-0.010071
188.308600	-0.014343
188.308700	-0.016937
188.308800	-0.008087
188.308900	-0.009918
188.309000	-0.005646
188.309100	-0.002136
188.309200	-0.007782
188.309300	-0.000916
188.309400	0.038910
188.309500	0.119781
188.309600	0.296173
188.309700	0.619354
188.309800	1.081543
188.309900	1.587677
188.310000	1.903992
188.310100	2.026672
188.310200	2.032166
188.310300	1.900330
188.310400	1.481628
188.310500	0.778198
188.310600	-0.052032
188.310700	-0.839539
188.310800	-1.712189
188.310900	-2.262115
188.311000	-2.468872
188.311100	-2.462006
188.311200	-2.359619
188.311300	-2.122803
188.311400	-1.666260
188.311500	-1.213989
188.311600	-0.646515
188.311700	-0.333710
188.311800	-0.129852
188.311900	-0.020142
188.312000	0.015411
188.312100	0.033722
188.312200	0.045776
188.312300	0.038910
188.312400	0.043488
188.312500	0.048981
188.312600	0.046082
188.312700	0.050354
188.312800	0.055695
188.312900	0.063019
188.313000	0.068054
188.313100	0.081787
188.313200	0.090790
188.313300	0.091858
188.313400	0.091553
188.313500	0.082550
188.313600	0.070953
