459.056900	0.090332
459.057000	0.083008
459.057100	0.082703
459.057200	0.084381
459.057300	0.091095
459.057400	0.096741
459.057500	0.101013
459.057600	0.098114
459.057700	0.099640
459.057800	0.099640
459.057900	0.095978
459.058000	0.093536
459.058100	0.088806
459.058200	0.081482
459.058300	0.079041
459.058400	0.081177
459.058500	0.084381
459.058600	0.089264
459.058700	0.093994
459.058800	0.088501
459.058900	0.083466
459.059000	0.089111
459.059100	0.086060
459.059200	0.082550
459.059300	0.087891
459.059400	0.086823
459.059500	0.087738
459.059600	0.083771
459.059700	0.089569
459.059800	0.093231
459.059900	0.097809
459.060000	0.102234
459.060100	0.118866
459.060200	0.155945
459.060300	0.229034
459.060400	0.336456
459.060500	0.420837
459.060600	0.442505
459.060700	0.425720
459.060800	0.346375
459.060900	0.243378
459.061000	0.120544
459.061100	-0.017548
459.061200	-0.117187
459.061300	-0.113525
459.061400	0.053711
459.061500	0.440369
459.061600	0.990753
459.061700	1.271820
459.061800	1.412048
459.061900	1.457977
459.062000	1.035004
459.062100	0.260925
459.062200	-0.628510
459.062300	-1.170654
459.062400	-1.531067
459.062500	-1.523743
459.062600	-1.483307
459.062700	-1.207733
459.062800	-0.643616
459.062900	-0.242310
459.063000	-0.028534
459.063100	0.059662
459.063200	0.068359
459.063300	0.077515
459.063400	0.075378
459.063500	0.078430
459.063600	0.075073
459.063700	0.079956
459.063800	0.075378
459.063900	0.083008
459.064000	0.087433
459.064100	0.088196
459.064200	0.093384
459.064300	0.101776
459.064400	0.101624
459.064500	0.101776
459.064600	0.104218
459.064700	0.099945
459.064800	0.097961
459.064900	0.105591
459.065000	0.112457
459.065100	0.142365
459.065200	0.229797
459.065300	0.372314
459.065400	0.497589
459.065500	0.558014
459.065600	0.551605
459.065700	0.423584
459.065800	0.168915
459.065900	-0.110168
459.066000	-0.290070
459.066100	-0.349579
459.066200	-0.332184
459.066300	-0.231323
459.066400	-0.078430
459.066500	0.048218
459.066600	0.124207
459.066700	0.153656
459.066800	0.176086
459.066900	0.177460
459.067000	0.140991
459.067100	0.089874
459.067200	0.040894
459.067300	0.021973
459.067400	0.023193
459.067500	0.021667
459.067600	0.030365
459.067700	0.056305
459.067800	0.089569
459.067900	0.131531
459.068000	0.223694
459.068100	0.370178
459.068200	0.564423
459.068300	0.686646
459.068400	0.721741
459.068500	0.662231
459.068600	0.554199
459.068700	0.445862
459.068800	0.440063
459.068900	0.547028
459.069000	0.508118
459.069100	0.401917
459.069200	0.336151
459.069300	0.219269
459.069400	-0.113373
459.069500	-0.524139
459.069600	-0.810394
459.069700	-0.947113
459.069800	-1.032715
459.069900	-1.066284
459.070000	-0.870361
459.070100	-0.460968
459.070200	-0.164795
459.070300	0.013275
459.070400	0.091400
459.070500	0.117187
459.070600	0.119781
459.070700	0.119324
459.070800	0.117035
459.070900	0.118866
459.071000	0.120850
459.071100	0.116272
459.071200	0.108490
459.071300	0.111389
459.071400	0.112610
459.071500	0.115204
459.071600	0.118866
459.071700	0.119019
459.071800	0.113678
459.071900	0.109406
459.072000	0.101166
459.072100	0.099030
459.072200	0.096130
459.072300	0.096588
459.072400	0.094452
459.072500	0.097656
459.072600	0.101166
459.072700	0.099640
459.072800	0.102692
459.072900	0.106049
459.073000	0.110931
459.073100	0.109406
459.073200	0.120239
459.073300	0.114136
459.073400	0.117645
459.073500	0.114136
459.073600	0.115509
459.073700	0.117798
459.073800	0.118408
459.073900	0.115662
459.074000	0.104523
459.074100	0.098877
459.074200	0.094452
459.074300	0.083313
459.074400	0.083313
459.074500	0.077972
459.074600	0.071564
459.074700	0.069885
459.074800	0.073090
459.074900	0.080872
459.075000	0.090637
459.075100	0.095673
459.075200	0.098572
459.075300	0.095367
459.075400	0.097656
459.075500	0.097656
459.075600	0.092773
459.075700	0.096588
459.075800	0.095367
459.075900	0.096436
459.076000	0.099640
459.076100	0.096283
459.076200	0.098114
459.076300	0.096436
459.076400	0.097809
459.076500	0.095215
459.076600	0.095367
459.076700	0.088959
459.076800	0.089874
459.076900	0.090332
459.077000	0.088959
459.077100	0.085297
459.077200	0.085144
459.077300	0.086517
459.077400	0.085907
459.077500	0.090027
459.077600	0.090485
459.077700	0.100708
459.077800	0.110321
459.077900	0.117645
459.078000	0.116119
459.078100	0.108185
459.078200	0.104523
459.078300	0.091705
459.078400	0.094299
459.078500	0.083008
459.078600	0.076904
459.078700	0.062256
459.078800	0.062866
459.078900	0.074158
459.079000	0.081177
459.079100	0.081940
459.079200	0.078430
459.079300	0.084534
459.079400	0.085602
459.079500	0.091400
459.079600	0.089111
459.079700	0.087433
459.079800	0.084229
459.079900	0.081635
459.080000	0.087280
459.080100	0.080719
459.080200	0.083923
459.080300	0.088501
459.080400	0.103607
459.080500	0.111542
459.080600	0.114899
459.080700	0.122375
459.080800	0.131378
459.080900	0.135498
459.081000	0.137482
459.081100	0.126495
459.081200	0.120239
459.081300	0.117187
459.081400	0.107422
459.081500	0.084534
459.081600	0.059662
459.081700	0.044098
459.081800	0.041199
459.081900	0.040894
459.082000	0.043945
459.082100	0.036469
459.082200	0.049896
459.082300	0.057526
459.082400	0.063477
459.082500	0.078583
459.082600	0.087738
459.082700	0.099640
459.082800	0.101929
459.082900	0.103455
459.083000	0.102844
459.083100	0.100861
459.083200	0.104523
459.083300	0.101471
459.083400	0.098877
459.083500	0.097046
459.083600	0.097656
459.083700	0.125427
459.083800	0.219421
459.083900	0.587921
459.084000	1.479034
459.084100	3.024597
459.084200	4.525452
459.084300	4.999847
459.084400	4.999847
459.084500	4.737701
459.084600	2.378387
459.084700	-0.723267
459.084800	-3.882446
459.084900	-5.000000
459.085000	-5.000000
459.085100	-5.000000
459.085200	-4.625702
459.085300	-2.895966
459.085400	-1.489563
459.085500	-0.531006
459.085600	-0.090332
459.085700	0.064545
459.085800	0.114746
459.085900	0.132141
459.086000	0.142670
459.086100	0.151672
459.086200	0.157166
459.086300	0.161591
459.086400	0.163727
459.086500	0.163116
459.086600	0.162659
459.086700	0.158386
459.086800	0.159760
459.086900	0.157166
459.087000	0.157776
459.087100	0.156097
459.087200	0.155792
459.087300	0.156708
459.087400	0.160980
459.087500	0.162201
459.087600	0.163116
459.087700	0.168457
459.087800	0.167847
459.087900	0.164642
459.088000	0.162659
459.088100	0.158234
459.088200	0.151215
459.088300	0.150909
459.088400	0.143127
459.088500	0.161896
459.088600	0.215912
459.088700	0.316315
459.088800	0.430450
459.088900	0.476990
459.089000	0.462646
459.089100	0.371552
459.089200	0.189209
459.089300	-0.023499
459.089400	-0.199127
459.089500	-0.263062
459.089600	-0.233154
459.089700	-0.140533
459.089800	-0.009155
459.089900	0.097656
459.090000	0.152893
459.090100	0.158386
459.090200	0.133514
459.090300	0.118866
459.090400	0.102692
459.090500	0.090790
459.090600	0.089722
459.090700	0.098877
459.090800	0.110626
459.090900	0.119171
459.091000	0.146179
459.091100	0.208893
459.091200	0.325775
459.091300	0.523224
459.091400	0.759735
459.091500	0.827332
459.091600	0.746307
459.091700	0.624084
459.091800	0.479584
459.091900	0.322723
459.092000	0.139008
459.092100	-0.043793
459.092200	-0.225067
459.092300	-0.392151
459.092400	-0.569763
459.092500	-0.713348
459.092600	-0.663452
459.092700	-0.439453
459.092800	-0.237885
459.092900	-0.077515
459.093000	0.031281
459.093100	0.081482
459.093200	0.101624
459.093300	0.106506
459.093400	0.109100
459.093500	0.105743
459.093600	0.115051
459.093700	0.123901
459.093800	0.129395
459.093900	0.133362
459.094000	0.139923
459.094100	0.132141
459.094200	0.134888
459.094300	0.136566
459.094400	0.148621
459.094500	0.155640
459.094600	0.155029
459.094700	0.165863
459.094800	0.157013
459.094900	0.137024
459.095000	0.111237
459.095100	0.075989
459.095200	0.051727
459.095300	0.046997
459.095400	0.043945
459.095500	0.049133
459.095600	0.067444
459.095700	0.082855
459.095800	0.101013
459.095900	0.115051
459.096000	0.113525
459.096100	0.117645
459.096200	0.160370
459.096300	0.258179
459.096400	0.438232
459.096500	0.659637
459.096600	0.832062
459.096700	0.907593
459.096800	0.852509
459.096900	0.629883
459.097000	0.240936
459.097100	-0.198975
459.097200	-0.566254
459.097300	-0.754700
459.097400	-0.794373
459.097500	-0.708771
459.097600	-0.507202
459.097700	-0.272675
459.097800	-0.079651
459.097900	0.022736
459.098000	0.075836
459.098100	0.092468
459.098200	0.097961
459.098300	0.098877
459.098400	0.097656
459.098500	0.105438
459.098600	0.096741
459.098700	0.101624
459.098800	0.100403
459.098900	0.104370
459.099000	0.102692
459.099100	0.107422
459.099200	0.110779
459.099300	0.112457
459.099400	0.110626
459.099500	0.114441
459.099600	0.113525
459.099700	0.115356
459.099800	0.109406
459.099900	0.104523
459.100000	0.107117
459.100100	0.108795
459.100200	0.108185
459.100300	0.110474
459.100400	0.122375
459.100500	0.181580
459.100600	0.343018
459.100700	0.639038
459.100800	0.932922
459.100900	1.087952
459.101000	1.083374
459.101100	0.808105
459.101200	0.267487
459.101300	-0.355682
459.101400	-0.834656
459.101500	-1.015472
459.101600	-0.989075
459.101700	-0.807495
459.101800	-0.454407
459.101900	-0.157928
459.102000	-0.002747
459.102100	0.071411
459.102200	0.092468
459.102300	0.100861
459.102400	0.103455
459.102500	0.120850
459.102600	0.154572
459.102700	0.200043
459.102800	0.227051
459.102900	0.230713
459.103000	0.198059
459.103100	0.156250
459.103200	0.096893
459.103300	0.055084
459.103400	0.028534
459.103500	0.029602
459.103600	0.039215
459.103700	0.058594
459.103800	0.071411
459.103900	0.081329
459.104000	0.079803
459.104100	0.076599
459.104200	0.073700
459.104300	0.073853
459.104400	0.076752
459.104500	0.082092
459.104600	0.097504
459.104700	0.129547
459.104800	0.197601
459.104900	0.346680
459.105000	0.598450
459.105100	0.892181
459.105200	1.149139
459.105300	1.263580
459.105400	1.224823
459.105500	1.018372
459.105600	0.654907
459.105700	0.206604
459.105800	-0.267334
459.105900	-0.719299
459.106000	-1.030121
459.106100	-1.172180
459.106200	-1.177063
459.106300	-0.996246
459.106400	-0.717010
459.106500	-0.372772
459.106600	-0.091858
459.106700	0.143127
459.106800	0.356445
459.106900	0.539551
459.107000	0.595245
459.107100	0.551300
459.107200	0.455475
459.107300	0.329590
459.107400	0.178680
459.107500	0.030670
459.107600	-0.106354
459.107700	-0.216370
459.107800	-0.302429
459.107900	-0.348053
459.108000	-0.316772
459.108100	-0.164795
459.108200	-0.010834
459.108300	0.076141
459.108400	0.097046
459.108500	0.097961
459.108600	0.076447
459.108700	0.056305
459.108800	0.037689
459.108900	0.017853
459.109000	0.037689
459.109100	0.091858
459.109200	0.196075
459.109300	0.328827
459.109400	0.469360
459.109500	0.553894
459.109600	0.561523
459.109700	0.498657
459.109800	0.335541
459.109900	0.098572
459.110000	-0.146942
459.110100	-0.325012
459.110200	-0.392151
459.110300	-0.370331
459.110400	-0.289154
