582.704900	0.030060
582.705000	0.030670
582.705100	0.028534
582.705200	0.032043
582.705300	0.031586
582.705400	0.032806
582.705500	0.033569
582.705600	0.028534
582.705700	0.026855
582.705800	0.028534
582.705900	0.030518
582.706000	0.030212
582.706100	0.033112
582.706200	0.029907
582.706300	0.029449
582.706400	0.030823
582.706500	0.031586
582.706600	0.030365
582.706700	0.030518
582.706800	0.031891
582.706900	0.031891
582.707000	0.033569
582.707100	0.029144
582.707200	0.033264
582.707300	0.028992
582.707400	0.028076
582.707500	0.028381
582.707600	0.027771
582.707700	0.023193
582.707800	0.029602
582.707900	0.033264
582.708000	0.026398
582.708100	0.026245
582.708200	0.029144
582.708300	0.026245
582.708400	0.028381
582.708500	0.031128
582.708600	0.028381
582.708700	0.026245
582.708800	0.027924
582.708900	0.026245
582.709000	0.027771
582.709100	0.031281
582.709200	0.030060
582.709300	0.031738
582.709400	0.032806
582.709500	0.030060
582.709600	0.033569
582.709700	0.029602
582.709800	0.026550
582.709900	0.028839
582.710000	0.035400
582.710100	0.029755
582.710200	0.033264
582.710300	0.030975
582.710400	0.028381
582.710500	0.025635
582.710600	0.025635
582.710700	0.028229
582.710800	0.025787
582.710900	0.027466
582.711000	0.026703
582.711100	0.034180
582.711200	0.033112
582.711300	0.033722
582.711400	0.033112
582.711500	0.030518
582.711600	0.033569
582.711700	0.037842
582.711800	0.034180
582.711900	0.038147
582.712000	0.032196
582.712100	0.026855
582.712200	0.021210
582.712300	0.026245
582.712400	0.030365
582.712500	0.029144
582.712600	0.032654
582.712700	0.023193
582.712800	0.032043
582.712900	0.028839
582.713000	0.032959
582.713100	0.030518
582.713200	0.028534
582.713300	0.028381
582.713400	0.032043
582.713500	0.029449
582.713600	0.031738
582.713700	0.031891
582.713800	0.026703
582.713900	0.030518
582.714000	0.024414
582.714100	0.027313
582.714200	0.031433
582.714300	0.027313
582.714400	0.028839
582.714500	0.034790
582.714600	0.033417
582.714700	0.032349
582.714800	0.031891
582.714900	0.034485
582.715000	0.032196
582.715100	0.028076
582.715200	0.027466
582.715300	0.032501
582.715400	0.032349
582.715500	0.033112
582.715600	0.033875
582.715700	0.030518
582.715800	0.028687
582.715900	0.034790
582.716000	0.026398
582.716100	0.031738
582.716200	0.034943
582.716300	0.036621
582.716400	0.029602
582.716500	0.028229
582.716600	0.030670
582.716700	0.032196
582.716800	0.031586
582.716900	0.033569
582.717000	0.033875
582.717100	0.030365
582.717200	0.030060
582.717300	0.036011
582.717400	0.033417
582.717500	0.030823
582.717600	0.031586
582.717700	0.036163
582.717800	0.032349
582.717900	0.032043
582.718000	0.030060
582.718100	0.030518
582.718200	0.031891
582.718300	0.027161
582.718400	0.032806
582.718500	0.030518
582.718600	0.025940
582.718700	0.023651
582.718800	0.028229
582.718900	0.029755
582.719000	0.035248
582.719100	0.032349
582.719200	0.035095
582.719300	0.030060
582.719400	0.028229
582.719500	0.028381
582.719600	0.032654
582.719700	0.032501
582.719800	0.031128
582.719900	0.031433
582.720000	0.029907
582.720100	0.031128
582.720200	0.032349
582.720300	0.033417
582.720400	0.032806
582.720500	0.031128
582.720600	0.030823
582.720700	0.025635
582.720800	0.028381
582.720900	0.029297
582.721000	0.032349
582.721100	0.033264
582.721200	0.034637
582.721300	0.028839
582.721400	0.029297
582.721500	0.030060
582.721600	0.029755
582.721700	0.031128
582.721800	0.031281
582.721900	0.027466
582.722000	0.029449
582.722100	0.027924
582.722200	0.027008
582.722300	0.026855
582.722400	0.027618
582.722500	0.024872
582.722600	0.025482
582.722700	0.030518
582.722800	0.035706
582.722900	0.034790
582.723000	0.029144
582.723100	0.034332
582.723200	0.035095
582.723300	0.035706
582.723400	0.028839
582.723500	0.030212
582.723600	0.032196
582.723700	0.035553
582.723800	0.034485
582.723900	0.031281
582.724000	0.029297
582.724100	0.033112
582.724200	0.028992
582.724300	0.032959
582.724400	0.030060
582.724500	0.031433
582.724600	0.028381
582.724700	0.032654
582.724800	0.025940
582.724900	0.025940
582.725000	0.027618
582.725100	0.028839
582.725200	0.031128
582.725300	0.029602
582.725400	0.033264
582.725500	0.029907
582.725600	0.033264
582.725700	0.030823
582.725800	0.034180
582.725900	0.030670
582.726000	0.033264
582.726100	0.026550
582.726200	0.030365
582.726300	0.032806
582.726400	0.028076
582.726500	0.032501
582.726600	0.032654
582.726700	0.030670
582.726800	0.031128
582.726900	0.031738
582.727000	0.032501
582.727100	0.030060
582.727200	0.024567
582.727300	0.037537
582.727400	0.035400
582.727500	0.032806
582.727600	0.030212
582.727700	0.029602
582.727800	0.029297
582.727900	0.030975
582.728000	0.031738
582.728100	0.030823
582.728200	0.028839
582.728300	0.032349
582.728400	0.030823
582.728500	0.034485
582.728600	0.032043
582.728700	0.025635
582.728800	0.029602
582.728900	0.029297
582.729000	0.032501
582.729100	0.032806
582.729200	0.034637
582.729300	0.034180
582.729400	0.037384
582.729500	0.036316
582.729600	0.036621
582.729700	0.035400
582.729800	0.032806
582.729900	0.029755
582.730000	0.030823
582.730100	0.023499
582.730200	0.028076
582.730300	0.026245
582.730400	0.024109
582.730500	0.027466
582.730600	0.030975
582.730700	0.033569
582.730800	0.032196
582.730900	0.032654
582.731000	0.036163
582.731100	0.034332
582.731200	0.035553
582.731300	0.028381
582.731400	0.030518
582.731500	0.033112
582.731600	0.026703
582.731700	0.029907
582.731800	0.032043
582.731900	0.028839
582.732000	0.025177
582.732100	0.024261
582.732200	0.035553
582.732300	0.030823
582.732400	0.024567
582.732500	0.029144
582.732600	0.029449
582.732700	0.036316
582.732800	0.032654
582.732900	0.027924
582.733000	0.030212
582.733100	0.032654
582.733200	0.029297
582.733300	0.029907
582.733400	0.028992
582.733500	0.030823
582.733600	0.028839
582.733700	0.030670
582.733800	0.028381
582.733900	0.030670
582.734000	0.032349
582.734100	0.036469
582.734200	0.032959
582.734300	0.031281
582.734400	0.032959
582.734500	0.033417
582.734600	0.031433
582.734700	0.027313
582.734800	0.032349
582.734900	0.026245
582.735000	0.033112
582.735100	0.032501
582.735200	0.031433
582.735300	0.032806
582.735400	0.031586
582.735500	0.029144
582.735600	0.032043
582.735700	0.025940
582.735800	0.026245
582.735900	0.026550
582.736000	0.030060
582.736100	0.028839
582.736200	0.030670
582.736300	0.030823
582.736400	0.028076
582.736500	0.029907
582.736600	0.031586
582.736700	0.026093
582.736800	0.027008
582.736900	0.030365
582.737000	0.029144
582.737100	0.026855
582.737200	0.031891
582.737300	0.026398
582.737400	0.031586
582.737500	0.027924
582.737600	0.025787
582.737700	0.028534
582.737800	0.025635
582.737900	0.027466
582.738000	0.029602
582.738100	0.034943
582.738200	0.031433
582.738300	0.035858
582.738400	0.029602
582.738500	0.026703
582.738600	0.028076
582.738700	0.030518
582.738800	0.028534
582.738900	0.032654
582.739000	0.031891
582.739100	0.027618
582.739200	0.032043
582.739300	0.028534
582.739400	0.031433
582.739500	0.031128
582.739600	0.033112
582.739700	0.025330
582.739800	0.024719
582.739900	0.024414
582.740000	0.028839
582.740100	0.030365
582.740200	0.029297
582.740300	0.032806
582.740400	0.026398
582.740500	0.025940
582.740600	0.030518
582.740700	0.033417
582.740800	0.027618
582.740900	0.030975
582.741000	0.027618
582.741100	0.027924
582.741200	0.022430
582.741300	0.023499
582.741400	0.028992
582.741500	0.026855
582.741600	0.031586
582.741700	0.035400
582.741800	0.029144
582.741900	0.028992
582.742000	0.028687
582.742100	0.026550
582.742200	0.026093
582.742300	0.029907
582.742400	0.033112
582.742500	0.029602
582.742600	0.029449
582.742700	0.033264
582.742800	0.033875
582.742900	0.029907
582.743000	0.028076
582.743100	0.031738
582.743200	0.028839
582.743300	0.032196
582.743400	0.026855
582.743500	0.026855
582.743600	0.025482
582.743700	0.031128
582.743800	0.029297
582.743900	0.032501
582.744000	0.028229
582.744100	0.027008
582.744200	0.029755
582.744300	0.027008
582.744400	0.033569
582.744500	0.032043
582.744600	0.031738
582.744700	0.031738
582.744800	0.034027
582.744900	0.032959
582.745000	0.034790
582.745100	0.032501
582.745200	0.030212
582.745300	0.025787
582.745400	0.030670
582.745500	0.031433
582.745600	0.027466
582.745700	0.033112
582.745800	0.029755
582.745900	0.031128
582.746000	0.025177
582.746100	0.027161
582.746200	0.035248
582.746300	0.029907
582.746400	0.030823
582.746500	0.028992
582.746600	0.029449
582.746700	0.033722
582.746800	0.028534
582.746900	0.026703
582.747000	0.026703
582.747100	0.027618
582.747200	0.034027
582.747300	0.034637
582.747400	0.032959
582.747500	0.027161
582.747600	0.029297
582.747700	0.029907
582.747800	0.036011
582.747900	0.031433
582.748000	0.028839
582.748100	0.026550
582.748200	0.027618
582.748300	0.028381
582.748400	0.027313
582.748500	0.027161
582.748600	0.034790
582.748700	0.027618
582.748800	0.028381
582.748900	0.030975
582.749000	0.032349
582.749100	0.031128
582.749200	0.026093
582.749300	0.027161
582.749400	0.028229
582.749500	0.033722
582.749600	0.030060
582.749700	0.031738
582.749800	0.028687
582.749900	0.026245
582.750000	0.028229
582.750100	0.032349
582.750200	0.026703
582.750300	0.027618
582.750400	0.026855
582.750500	0.035706
582.750600	0.030060
582.750700	0.033112
582.750800	0.028076
582.750900	0.025482
582.751000	0.030670
582.751100	0.031281
582.751200	0.029602
582.751300	0.025482
582.751400	0.028534
582.751500	0.030212
582.751600	0.031128
582.751700	0.029602
582.751800	0.030823
582.751900	0.030518
582.752000	0.029297
582.752100	0.033417
582.752200	0.032806
582.752300	0.029144
582.752400	0.032654
582.752500	0.031281
582.752600	0.031281
582.752700	0.027924
582.752800	0.037384
582.752900	0.037994
582.753000	0.030365
582.753100	0.033875
582.753200	0.030823
582.753300	0.034027
582.753400	0.028534
582.753500	0.028534
582.753600	0.029297
582.753700	0.035706
582.753800	0.031586
582.753900	0.030670
582.754000	0.030060
582.754100	0.029449
582.754200	0.034943
582.754300	0.029602
582.754400	0.029755
582.754500	0.032501
582.754600	0.028381
582.754700	0.034790
582.754800	0.035706
582.754900	0.030670
582.755000	0.027618
582.755100	0.032043
582.755200	0.033112
582.755300	0.031281
582.755400	0.027618
582.755500	0.032043
582.755600	0.028839
582.755700	0.029449
582.755800	0.035858
582.755900	0.034180
582.756000	0.026245
582.756100	0.025787
582.756200	0.030823
582.756300	0.034027
582.756400	0.028992
582.756500	0.032196
582.756600	0.030212
582.756700	0.028839
582.756800	0.026245
582.756900	0.025330
582.757000	0.029602
582.757100	0.036621
582.757200	0.032501
582.757300	0.033417
582.757400	0.030060
582.757500	0.028992
582.757600	0.027771
582.757700	0.035095
582.757800	0.035248
582.757900	0.036163
582.758000	0.033722
582.758100	0.030518
582.758200	0.034332
582.758300	0.031891
582.758400	0.033875
