523.261700	1.553040
523.261800	2.578278
523.261900	2.546539
523.262000	1.639099
523.262100	-0.085449
523.262200	-1.639099
523.262300	-2.507019
523.262400	-2.623596
523.262500	-1.695557
523.262600	-0.648499
523.262700	-0.071106
523.262800	0.142822
523.262900	0.326538
523.263000	0.516510
523.263100	0.621033
523.263200	0.577545
523.263300	0.384216
523.263400	0.099792
523.263500	-0.182800
523.263600	-0.368958
523.263700	-0.412292
523.263800	-0.305634
523.263900	-0.114441
523.264000	0.027771
523.264100	0.088959
523.264200	0.099945
523.264300	0.109558
523.264400	0.105133
523.264500	0.108643
523.264600	0.106812
523.264700	0.110168
523.264800	0.120850
523.264900	0.118256
523.265000	0.119476
523.265100	0.119324
523.265200	0.117493
523.265300	0.118561
523.265400	0.121613
523.265500	0.159607
523.265600	0.278320
523.265700	0.473175
523.265800	0.540314
523.265900	0.443878
523.266000	0.261230
523.266100	0.035400
523.266200	-0.158386
523.266300	-0.284729
523.266400	-0.277252
523.266500	-0.123749
523.266600	-0.001678
523.266700	0.046387
523.266800	0.072937
523.266900	0.088959
523.267000	0.110779
523.267100	0.119781
523.267200	0.121155
523.267300	0.123749
523.267400	0.115509
523.267500	0.114136
523.267600	0.126648
523.267700	0.116425
523.267800	0.111389
523.267900	0.113831
523.268000	0.104065
523.268100	0.104065
523.268200	0.106812
523.268300	0.102997
523.268400	0.090942
523.268500	0.092468
523.268600	0.083618
523.268700	0.085907
523.268800	0.086670
523.268900	0.093384
523.269000	0.097961
523.269100	0.095978
523.269200	0.096436
523.269300	0.095520
523.269400	0.100098
523.269500	0.099487
523.269600	0.102081
523.269700	0.104523
523.269800	0.118256
523.269900	0.108948
523.270000	0.110321
523.270100	0.108032
523.270200	0.108948
523.270300	0.106812
523.270400	0.105896
523.270500	0.105896
523.270600	0.092926
523.270700	0.092163
523.270800	0.086823
523.270900	0.088501
523.271000	0.090790
523.271100	0.087585
523.271200	0.085144
523.271300	0.088196
523.271400	0.092621
523.271500	0.095520
523.271600	0.103912
523.271700	0.107117
523.271800	0.093536
523.271900	0.092468
523.272000	0.089722
523.272100	0.086517
523.272200	0.112610
523.272300	0.279388
523.272400	0.831299
523.272500	1.727600
523.272600	2.376709
523.272700	2.407379
523.272800	1.515045
523.272900	0.016022
523.273000	-1.109467
523.273100	-1.194916
523.273200	-0.681915
523.273300	0.053711
523.273400	0.661469
523.273500	0.200958
523.273600	-0.790863
523.273700	-1.574097
523.273800	-1.682129
523.273900	-1.611023
523.274000	-1.203766
523.274100	-0.394745
523.274200	-0.041199
523.274300	0.063324
523.274400	0.097809
523.274500	0.146637
523.274600	0.306702
523.274700	0.652161
523.274800	0.989532
523.274900	1.110382
523.275000	0.879364
523.275100	0.297394
523.275200	-0.395203
523.275300	-0.870972
523.275400	-0.994720
523.275500	-0.832672
523.275600	-0.420074
523.275700	-0.104523
523.275800	0.041809
523.275900	0.100098
523.276000	0.114746
523.276100	0.117340
523.276200	0.116882
523.276300	0.109253
523.276400	0.112000
523.276500	0.113983
523.276600	0.125122
523.276700	0.129852
523.276800	0.122681
523.276900	0.118256
523.277000	0.104065
523.277100	0.104370
523.277200	0.098419
523.277300	0.148315
523.277400	0.263214
523.277500	0.395966
523.277600	0.444794
523.277700	0.381927
523.277800	0.263824
523.277900	0.109863
523.278000	-0.040436
523.278100	-0.167084
523.278200	-0.230865
523.278300	-0.191498
523.278400	-0.083313
523.278500	0.019531
523.278600	0.060425
523.278700	0.073242
523.278800	0.080872
523.278900	0.086212
523.279000	0.093079
523.279100	0.094299
523.279200	0.101929
523.279300	0.100403
523.279400	0.109406
523.279500	0.116577
523.279600	0.118713
523.279700	0.120850
523.279800	0.111847
523.279900	0.099030
523.280000	0.093536
523.280100	0.077057
523.280200	0.084229
523.280300	0.101624
523.280400	0.175781
523.280500	0.371704
523.280600	0.697937
523.280700	0.784302
523.280800	0.665588
523.280900	0.442810
523.281000	0.143127
523.281100	-0.168304
523.281200	-0.413513
523.281300	-0.614166
523.281400	-0.660400
523.281500	-0.393829
523.281600	-0.121155
523.281700	0.024261
523.281800	0.079346
523.281900	0.097809
523.282000	0.116577
523.282100	0.135040
523.282200	0.142975
523.282300	0.136871
523.282400	0.129547
523.282500	0.152893
523.282600	0.248566
523.282700	0.408630
523.282800	0.517883
523.282900	0.455780
523.283000	0.321655
523.283100	0.160217
523.283200	0.009918
523.283300	-0.104828
523.283400	-0.169830
523.283500	-0.234985
523.283600	-0.260773
523.283700	-0.178223
523.283800	-0.087738
523.283900	-0.027313
523.284000	0.007172
523.284100	0.046692
523.284200	0.080566
523.284300	0.097656
523.284400	0.112457
523.284500	0.127411
523.284600	0.142059
523.284700	0.154572
523.284800	0.141449
523.284900	0.116272
523.285000	0.087280
523.285100	0.070190
523.285200	0.095215
523.285300	0.156403
523.285400	0.206757
523.285500	0.178528
523.285600	0.155029
523.285700	0.199127
523.285800	0.214539
523.285900	0.136719
523.286000	0.043030
523.286100	0.023193
523.286200	0.024109
523.286300	-0.027618
523.286400	-0.119629
523.286500	-0.093079
523.286600	0.005798
523.286700	0.079498
523.286800	0.103455
523.286900	0.108490
523.287000	0.107117
523.287100	0.102386
523.287200	0.095520
523.287300	0.086975
523.287400	0.088501
523.287500	0.089874
523.287600	0.093231
523.287700	0.097656
523.287800	0.094604
523.287900	0.088043
523.288000	0.085144
523.288100	0.086212
523.288200	0.095367
523.288300	0.099640
523.288400	0.112762
523.288500	0.125885
523.288600	0.159302
523.288700	0.203247
523.288800	0.222321
523.288900	0.234070
523.289000	0.175476
523.289100	0.119171
523.289200	0.233612
523.289300	0.684204
523.289400	1.353760
523.289500	1.628265
523.289600	1.860962
523.289700	1.371765
523.289800	0.114136
523.289900	-1.133270
523.290000	-1.680908
523.290100	-1.707916
523.290200	-1.569519
523.290300	-1.051483
523.290400	-0.295105
523.290500	-0.009918
523.290600	0.068359
523.290700	0.084229
523.290800	0.089264
523.290900	0.085907
523.291000	0.094757
523.291100	0.092621
523.291200	0.092163
523.291300	0.097961
523.291400	0.105896
523.291500	0.107727
523.291600	0.110016
523.291700	0.106506
523.291800	0.102081
523.291900	0.096893
523.292000	0.102692
523.292100	0.110931
523.292200	0.116425
523.292300	0.127563
523.292400	0.124512
523.292500	0.115967
523.292600	0.102539
523.292700	0.082703
523.292800	0.068512
523.292900	0.062103
523.293000	0.061951
523.293100	0.062103
523.293200	0.059204
523.293300	0.071106
523.293400	0.073242
523.293500	0.082855
523.293600	0.089569
523.293700	0.086670
523.293800	0.086212
523.293900	0.085754
523.294000	0.082397
523.294100	0.080109
523.294200	0.080566
523.294300	0.084381
523.294400	0.093689
523.294500	0.091705
523.294600	0.086212
523.294700	0.083923
523.294800	0.089111
523.294900	0.088501
523.295000	0.097198
523.295100	0.088959
523.295200	0.092621
523.295300	0.095215
523.295400	0.105133
523.295500	0.128784
523.295600	0.140991
523.295700	0.134277
523.295800	0.101166
523.295900	0.061798
523.296000	0.046692
523.296100	0.052643
523.296200	0.115051
523.296300	0.338898
523.296400	0.825500
523.296500	1.177521
523.296600	1.391754
523.296700	1.470184
523.296800	1.454468
523.296900	1.420898
523.297000	1.479340
523.297100	1.243286
523.297200	-0.123444
523.297300	-1.909332
523.297400	-2.884521
523.297500	-3.018036
523.297600	-2.811890
523.297700	-1.690369
523.297800	-0.693817
523.297900	-0.113983
523.298000	0.076599
523.298100	0.121765
523.298200	0.139008
523.298300	0.139771
523.298400	0.148621
523.298500	0.147858
523.298600	0.141754
523.298700	0.132446
523.298800	0.130768
523.298900	0.129852
523.299000	0.133972
523.299100	0.143433
523.299200	0.158081
523.299300	0.164795
523.299400	0.156250
523.299500	0.141907
523.299600	0.121613
523.299700	0.110779
523.299800	0.111694
523.299900	0.117340
523.300000	0.132599
523.300100	0.129395
523.300200	0.134888
523.300300	0.139465
523.300400	0.135956
523.300500	0.135651
523.300600	0.133514
523.300700	0.132141
523.300800	0.142517
523.300900	0.184174
523.301000	0.347595
523.301100	0.724030
523.301200	1.027069
523.301300	0.985413
523.301400	0.818481
523.301500	0.436554
523.301600	0.067902
523.301700	0.143280
523.301800	0.322113
523.301900	0.588684
523.302000	0.991821
523.302100	0.797272
523.302200	0.423889
523.302300	0.007477
523.302400	-0.850067
523.302500	-1.479187
523.302600	-1.515198
523.302700	-1.400146
523.302800	-1.211243
523.302900	-0.549011
523.303000	-0.112152
523.303100	0.065613
523.303200	0.118408
523.303300	0.129547
523.303400	0.132141
523.303500	0.128174
523.303600	0.127563
523.303700	0.129852
523.303800	0.132751
523.303900	0.149841
523.304000	0.176392
523.304100	0.202484
523.304200	0.202789
523.304300	0.170593
523.304400	0.117187
523.304500	0.074463
523.304600	0.053253
523.304700	0.053406
523.304800	0.077515
523.304900	0.092926
523.305000	0.105438
523.305100	0.118256
523.305200	0.124054
523.305300	0.123138
523.305400	0.116730
523.305500	0.114441
523.305600	0.115814
523.305700	0.115509
523.305800	0.118713
523.305900	0.122223
523.306000	0.118713
523.306100	0.123901
523.306200	0.125275
523.306300	0.130920
523.306400	0.139771
523.306500	0.164642
523.306600	0.186462
523.306700	0.193481
523.306800	0.174103
523.306900	0.133972
523.307000	0.090637
523.307100	0.071564
523.307200	0.059967
523.307300	0.069580
523.307400	0.077820
523.307500	0.098419
523.307600	0.094299
523.307700	0.099640
523.307800	0.110626
523.307900	0.117798
523.308000	0.127258
523.308100	0.160522
523.308200	0.275574
523.308300	0.476227
523.308400	0.625610
523.308500	0.631104
523.308600	0.447693
523.308700	0.093231
523.308800	-0.252075
523.308900	-0.433960
523.309000	-0.436707
523.309100	-0.272369
523.309200	0.021820
523.309300	0.387421
523.309400	0.788879
523.309500	0.965271
523.309600	0.939941
523.309700	0.656586
523.309800	0.158081
523.309900	-0.388031
523.310000	-0.757446
523.310100	-0.810394
523.310200	-0.681000
523.310300	-0.366821
523.310400	-0.094757
523.310500	0.052185
523.310600	0.094147
523.310700	0.120392
523.310800	0.308075
523.310900	1.426086
523.311000	4.542236
523.311100	4.999847
523.311200	4.999847
523.311300	4.999847
523.311400	4.999847
523.311500	-1.197662
523.311600	-5.000000
523.311700	-5.000000
523.311800	-5.000000
523.311900	-5.000000
523.312000	-5.000000
523.312100	-1.779938
523.312200	-0.365753
523.312300	0.072632
523.312400	0.207214
523.312500	0.257568
523.312600	0.276031
523.312700	0.277252
523.312800	0.267487
523.312900	0.252075
523.313000	0.234375
523.313100	0.230255
523.313200	0.224609
523.313300	0.226746
523.313400	0.229340
523.313500	0.223083
523.313600	0.214233
523.313700	0.202332
523.313800	0.188599
523.313900	0.187683
523.314000	0.183868
523.314100	0.197754
523.314200	0.210724
523.314300	0.215454
523.314400	0.216370
523.314500	0.217896
523.314600	0.207672
523.314700	0.208893
523.314800	0.212402
523.314900	0.218201
523.315000	0.223083
523.315100	0.213013
523.315200	0.209503
