29.437700	0.003815
29.437800	0.004578
29.437900	0.004578
29.438000	0.003052
29.438100	0.010529
29.438200	0.001984
29.438300	0.001984
29.438400	-0.001068
29.438500	0.004578
29.438600	-0.000305
29.438700	0.001373
29.438800	0.003357
29.438900	0.002899
29.439000	0.002594
29.439100	0.004730
29.439200	0.001678
29.439300	-0.000305
29.439400	0.001068
29.439500	0.000000
29.439600	0.000916
29.439700	0.007782
29.439800	-0.000153
29.439900	0.001984
29.440000	0.004730
29.440100	0.000610
29.440200	0.002136
29.440300	0.005035
29.440400	0.003662
29.440500	0.002747
29.440600	0.003967
29.440700	0.007019
29.440800	0.004730
29.440900	0.002594
29.441000	0.000916
29.441100	0.000763
29.441200	-0.002594
29.441300	0.000305
29.441400	0.004730
29.441500	0.005951
29.441600	0.001984
29.441700	0.000305
29.441800	0.000000
29.441900	-0.000458
29.442000	0.001678
29.442100	-0.001984
29.442200	0.001221
29.442300	-0.000610
29.442400	0.001373
29.442500	-0.003815
29.442600	0.001526
29.442700	0.000305
29.442800	0.000916
29.442900	0.000153
29.443000	-0.001678
29.443100	0.001984
29.443200	0.000610
29.443300	0.004120
29.443400	0.006714
29.443500	0.002441
29.443600	0.007477
29.443700	0.004120
29.443800	0.005951
29.443900	0.001831
29.444000	0.001678
29.444100	0.001526
29.444200	0.000916
29.444300	0.002899
29.444400	0.003052
29.444500	0.001678
29.444600	0.001373
29.444700	0.000916
29.444800	-0.003052
29.444900	-0.001373
29.445000	0.002441
29.445100	-0.000610
29.445200	0.001373
29.445300	0.005646
29.445400	0.002136
29.445500	0.006256
29.445600	0.003052
29.445700	0.000305
29.445800	0.000763
29.445900	0.000916
29.446000	0.002747
29.446100	0.003357
29.446200	-0.000916
29.446300	0.003815
29.446400	0.002441
29.446500	0.002136
29.446600	0.002136
29.446700	0.001373
29.446800	0.000000
29.446900	0.002441
29.447000	0.007782
29.447100	0.002747
29.447200	-0.001068
29.447300	0.000610
29.447400	0.003052
29.447500	0.001373
29.447600	0.006714
29.447700	0.005341
29.447800	0.006561
29.447900	0.003510
29.448000	0.004578
29.448100	0.000000
29.448200	0.002594
29.448300	0.002289
29.448400	0.005188
29.448500	0.005951
29.448600	0.002289
29.448700	0.003510
29.448800	0.001373
29.448900	0.005035
29.449000	0.001373
29.449100	-0.002441
29.449200	0.003052
29.449300	0.001984
29.449400	0.000000
29.449500	0.002594
29.449600	0.005798
29.449700	0.002136
29.449800	0.001831
29.449900	0.000153
29.450000	0.002289
29.450100	-0.001221
29.450200	0.000610
29.450300	0.004272
29.450400	0.004425
29.450500	0.004425
29.450600	-0.002289
29.450700	0.002594
29.450800	0.001831
29.450900	0.004272
29.451000	0.004578
29.451100	0.002747
29.451200	0.001678
29.451300	0.007172
29.451400	0.006409
29.451500	0.005493
29.451600	0.004425
29.451700	0.003052
29.451800	0.003052
29.451900	-0.001221
29.452000	0.000610
29.452100	0.006104
29.452200	0.005493
29.452300	0.003357
29.452400	0.002441
29.452500	0.007324
29.452600	0.005951
29.452700	0.005188
29.452800	0.006104
29.452900	0.001984
29.453000	0.002899
29.453100	0.000000
29.453200	0.005646
29.453300	0.006104
29.453400	0.000153
29.453500	0.002289
29.453600	0.003357
29.453700	0.001221
29.453800	0.005341
29.453900	0.001526
29.454000	0.001984
29.454100	0.000610
29.454200	0.003052
29.454300	0.004578
29.454400	0.006409
29.454500	-0.000916
29.454600	-0.001221
29.454700	-0.001221
29.454800	0.004578
29.454900	0.005341
29.455000	0.005035
29.455100	0.000916
29.455200	-0.000916
29.455300	0.000763
29.455400	0.006409
29.455500	0.004120
29.455600	0.001678
29.455700	0.000305
29.455800	0.005188
29.455900	0.007477
29.456000	-0.001678
29.456100	-0.000916
29.456200	0.000916
29.456300	0.003204
29.456400	-0.000763
29.456500	-0.002289
29.456600	0.004883
29.456700	0.004272
29.456800	-0.001068
29.456900	0.001984
29.457000	0.001221
29.457100	0.002441
29.457200	-0.000916
29.457300	0.003052
29.457400	0.000916
29.457500	0.000458
29.457600	0.000000
29.457700	0.000916
29.457800	0.000000
29.457900	0.001221
29.458000	-0.000305
29.458100	0.000000
29.458200	0.004730
29.458300	0.001526
29.458400	-0.000763
29.458500	0.004883
29.458600	0.002289
29.458700	0.000458
29.458800	-0.001526
29.458900	0.000610
29.459000	-0.000763
29.459100	-0.000458
29.459200	0.001831
29.459300	-0.000458
29.459400	0.003357
29.459500	0.000153
29.459600	-0.000153
29.459700	0.000610
29.459800	0.000153
29.459900	0.000610
29.460000	0.002136
29.460100	0.001373
29.460200	0.005035
29.460300	0.005798
29.460400	0.002441
29.460500	-0.001831
29.460600	0.000763
29.460700	0.002594
29.460800	-0.000153
29.460900	0.002594
29.461000	-0.000153
29.461100	0.000153
29.461200	0.004730
29.461300	0.005493
29.461400	0.005646
29.461500	0.004120
29.461600	0.003204
29.461700	0.000763
29.461800	0.002899
29.461900	0.000763
29.462000	0.003967
29.462100	0.000000
29.462200	0.000610
29.462300	0.004883
29.462400	0.003662
29.462500	0.002747
29.462600	-0.000610
29.462700	-0.001831
29.462800	0.000305
29.462900	0.001221
29.463000	0.001526
29.463100	0.000305
29.463200	0.003052
29.463300	0.001373
29.463400	0.006866
29.463500	0.002441
29.463600	0.002441
29.463700	0.001831
29.463800	-0.002136
29.463900	0.002136
29.464000	0.003967
29.464100	0.002441
29.464200	0.003052
29.464300	0.003815
29.464400	0.005341
29.464500	0.006561
29.464600	0.004120
29.464700	0.002747
29.464800	0.004272
29.464900	0.005341
29.465000	-0.002594
29.465100	0.000763
29.465200	0.001068
29.465300	0.003357
29.465400	0.004578
29.465500	0.003357
29.465600	-0.000305
29.465700	0.000916
29.465800	0.003204
29.465900	0.002899
29.466000	0.003357
29.466100	0.005493
29.466200	0.009308
29.466300	0.003204
29.466400	0.000458
29.466500	0.002136
29.466600	0.002747
29.466700	0.005798
29.466800	0.003052
29.466900	0.003662
29.467000	0.003052
29.467100	0.006561
29.467200	0.002441
29.467300	0.001068
29.467400	0.002289
29.467500	0.001221
29.467600	-0.001373
29.467700	0.001068
29.467800	0.001221
29.467900	0.006256
29.468000	0.005035
29.468100	0.002441
29.468200	-0.000458
29.468300	0.004578
29.468400	0.000763
29.468500	-0.002747
29.468600	0.003967
29.468700	0.003815
29.468800	0.007019
29.468900	0.006104
29.469000	0.007782
29.469100	0.005035
29.469200	0.006561
29.469300	-0.002136
29.469400	0.002136
29.469500	-0.002747
29.469600	-0.001221
29.469700	0.003815
29.469800	0.005341
29.469900	-0.001373
29.470000	0.007172
29.470100	0.003662
29.470200	0.003662
29.470300	-0.002289
29.470400	0.007172
29.470500	-0.000458
29.470600	-0.001221
29.470700	0.002747
29.470800	0.000763
29.470900	0.006866
29.471000	0.006104
29.471100	0.004120
29.471200	0.005035
29.471300	0.001526
29.471400	0.005646
29.471500	0.002289
29.471600	0.003662
29.471700	0.002594
29.471800	0.004272
29.471900	0.004730
29.472000	0.007324
29.472100	0.004272
29.472200	0.000916
29.472300	0.001984
29.472400	0.003510
29.472500	-0.001984
29.472600	0.006104
29.472700	0.001831
29.472800	0.002747
29.472900	0.004272
29.473000	0.006561
29.473100	-0.000458
29.473200	0.001526
29.473300	0.007324
29.473400	0.005493
29.473500	0.002899
29.473600	0.005798
29.473700	0.004578
29.473800	0.001221
29.473900	0.001373
29.474000	0.005493
29.474100	0.002136
29.474200	0.005493
29.474300	0.000458
29.474400	-0.003662
29.474500	-0.000305
29.474600	-0.001373
29.474700	0.005035
29.474800	-0.001984
29.474900	-0.000153
29.475000	-0.001831
29.475100	0.002747
29.475200	0.001678
29.475300	0.004272
29.475400	0.006104
29.475500	0.003815
29.475600	0.003815
29.475700	-0.000305
29.475800	0.002136
29.475900	-0.000458
29.476000	-0.002594
29.476100	0.005798
29.476200	0.000153
29.476300	0.000763
29.476400	0.001373
29.476500	0.000305
29.476600	0.004272
29.476700	0.001526
29.476800	0.001678
29.476900	0.003815
29.477000	0.000305
29.477100	0.002289
29.477200	-0.000305
29.477300	-0.001831
29.477400	0.001831
29.477500	-0.001526
29.477600	0.002594
29.477700	0.001678
29.477800	0.004578
29.477900	0.003510
29.478000	-0.001984
29.478100	0.001526
29.478200	0.002136
29.478300	0.004730
29.478400	0.004730
29.478500	0.004272
29.478600	0.002899
29.478700	0.001831
29.478800	-0.005493
29.478900	0.002747
29.479000	0.005188
29.479100	0.006561
29.479200	0.005341
29.479300	0.003662
29.479400	0.005951
29.479500	-0.000916
29.479600	0.004730
29.479700	0.005798
29.479800	0.007172
29.479900	0.007172
29.480000	0.003815
29.480100	-0.000458
29.480200	0.000916
29.480300	0.001526
29.480400	0.008698
29.480500	0.002594
29.480600	0.000916
29.480700	0.004578
29.480800	0.005035
29.480900	0.004883
29.481000	0.002747
29.481100	0.002747
29.481200	0.003662
29.481300	0.006409
29.481400	0.004120
29.481500	0.005951
29.481600	0.005646
29.481700	0.004425
29.481800	0.004578
29.481900	0.005493
29.482000	0.008698
29.482100	-0.000916
29.482200	0.002594
29.482300	0.006866
29.482400	0.004730
29.482500	0.002289
29.482600	-0.001984
29.482700	-0.002136
29.482800	0.002136
29.482900	0.005035
29.483000	0.006104
29.483100	0.004883
29.483200	0.003052
29.483300	0.003357
29.483400	-0.002289
29.483500	0.000610
29.483600	0.000916
29.483700	0.000458
29.483800	0.003052
29.483900	0.002136
29.484000	0.000763
29.484100	0.001221
29.484200	0.002136
29.484300	-0.002441
29.484400	-0.000153
29.484500	0.002747
29.484600	0.002594
29.484700	0.005951
29.484800	0.004883
29.484900	0.003357
29.485000	0.001831
29.485100	0.004272
29.485200	0.002136
29.485300	0.000610
29.485400	0.000458
29.485500	0.002441
29.485600	0.003052
29.485700	0.002594
29.485800	0.002289
29.485900	0.000763
29.486000	0.003052
29.486100	0.004272
29.486200	0.005493
29.486300	0.001678
29.486400	0.001984
29.486500	0.001526
29.486600	0.000763
29.486700	0.000305
29.486800	0.005646
29.486900	0.001678
29.487000	-0.000153
29.487100	0.003510
29.487200	0.001678
29.487300	0.000763
29.487400	0.001678
29.487500	0.001068
29.487600	0.005646
29.487700	0.003967
29.487800	0.000763
29.487900	0.000916
29.488000	-0.000610
29.488100	0.000610
29.488200	-0.004120
29.488300	0.000916
29.488400	0.004425
29.488500	0.004578
29.488600	0.001678
29.488700	0.000153
29.488800	0.005646
29.488900	0.003815
29.489000	0.004120
29.489100	0.007935
29.489200	0.004120
29.489300	0.000000
29.489400	-0.000916
29.489500	0.001984
29.489600	0.003357
29.489700	0.001221
29.489800	0.002136
29.489900	0.001221
29.490000	0.002289
29.490100	0.003815
29.490200	0.006866
29.490300	0.004425
29.490400	0.004883
29.490500	0.001221
29.490600	0.000610
29.490700	0.004883
29.490800	0.001831
29.490900	0.001678
29.491000	0.003357
29.491100	0.002441
29.491200	0.005493
