4.708100	0.030212
4.708200	0.027008
4.708300	0.028381
4.708400	0.026550
4.708500	0.029907
4.708600	0.025024
4.708700	0.028381
4.708800	0.027924
4.708900	0.026855
4.709000	0.025787
4.709100	0.029297
4.709200	0.032196
4.709300	0.029755
4.709400	0.026398
4.709500	0.027008
4.709600	0.024109
4.709700	0.030670
4.709800	0.024872
4.709900	0.025177
4.710000	0.025635
4.710100	0.027924
4.710200	0.027161
4.710300	0.027466
4.710400	0.029755
4.710500	0.029449
4.710600	0.030518
4.710700	0.028076
4.710800	0.026398
4.710900	0.026550
4.711000	0.027161
4.711100	0.031433
4.711200	0.030365
4.711300	0.030670
4.711400	0.030365
4.711500	0.028534
4.711600	0.026855
4.711700	0.028076
4.711800	0.031891
4.711900	0.026245
4.712000	0.029297
4.712100	0.032349
4.712200	0.028687
4.712300	0.029755
4.712400	0.033112
4.712500	0.032043
4.712600	0.027008
4.712700	0.031433
4.712800	0.032043
4.712900	0.027466
4.713000	0.023499
4.713100	0.025177
4.713200	0.028839
4.713300	0.029297
4.713400	0.026703
4.713500	0.025787
4.713600	0.030212
4.713700	0.026093
4.713800	0.031433
4.713900	0.028687
4.714000	0.026855
4.714100	0.020905
4.714200	0.024719
4.714300	0.028229
4.714400	0.024414
4.714500	0.026703
4.714600	0.021057
4.714700	0.022888
4.714800	0.028534
4.714900	0.025635
4.715000	0.023499
4.715100	0.026245
4.715200	0.027771
4.715300	0.027618
4.715400	0.027618
4.715500	0.026093
4.715600	0.027008
4.715700	0.027924
4.715800	0.030060
4.715900	0.028687
4.716000	0.027771
4.716100	0.028687
4.716200	0.030518
4.716300	0.025482
4.716400	0.026398
4.716500	0.031281
4.716600	0.027008
4.716700	0.026093
4.716800	0.026703
4.716900	0.024414
4.717000	0.025787
4.717100	0.028687
4.717200	0.029602
4.717300	0.029449
4.717400	0.027466
4.717500	0.030518
4.717600	0.023499
4.717700	0.028381
4.717800	0.026245
4.717900	0.024567
4.718000	0.025787
4.718100	0.028381
4.718200	0.025635
4.718300	0.033875
4.718400	0.027618
4.718500	0.027161
4.718600	0.029602
4.718700	0.029907
4.718800	0.030212
4.718900	0.026093
4.719000	0.025482
4.719100	0.029449
4.719200	0.026550
4.719300	0.028381
4.719400	0.028381
4.719500	0.024567
4.719600	0.031281
4.719700	0.029144
4.719800	0.024872
4.719900	0.028076
4.720000	0.029297
4.720100	0.026245
4.720200	0.027771
4.720300	0.028992
4.720400	0.026855
4.720500	0.027313
4.720600	0.027466
4.720700	0.029755
4.720800	0.025482
4.720900	0.029602
4.721000	0.026550
4.721100	0.023499
4.721200	0.030518
4.721300	0.028076
4.721400	0.025635
4.721500	0.023651
4.721600	0.024414
4.721700	0.022430
4.721800	0.024567
4.721900	0.027771
4.722000	0.027008
4.722100	0.026855
4.722200	0.026550
4.722300	0.025635
4.722400	0.023651
4.722500	0.023804
4.722600	0.024109
4.722700	0.023193
4.722800	0.030518
4.722900	0.020447
4.723000	0.024567
4.723100	0.028229
4.723200	0.027618
4.723300	0.029144
4.723400	0.028229
4.723500	0.028992
4.723600	0.022888
4.723700	0.024567
4.723800	0.025330
4.723900	0.026398
4.724000	0.028534
4.724100	0.027466
4.724200	0.023956
4.724300	0.025787
4.724400	0.021515
4.724500	0.022736
4.724600	0.025787
4.724700	0.023956
4.724800	0.024109
4.724900	0.023804
4.725000	0.025177
4.725100	0.023956
4.725200	0.024414
4.725300	0.021515
4.725400	0.028076
4.725500	0.028687
4.725600	0.025635
4.725700	0.019684
4.725800	0.023804
4.725900	0.021820
4.726000	0.028534
4.726100	0.030670
4.726200	0.028076
4.726300	0.026245
4.726400	0.029755
4.726500	0.023651
4.726600	0.025330
4.726700	0.029907
4.726800	0.027466
4.726900	0.029907
4.727000	0.023041
4.727100	0.024414
4.727200	0.022736
4.727300	0.022278
4.727400	0.023499
4.727500	0.025787
4.727600	0.028839
4.727700	0.027924
4.727800	0.028687
4.727900	0.026245
4.728000	0.025177
4.728100	0.029602
4.728200	0.026703
4.728300	0.024719
4.728400	0.029449
4.728500	0.026855
4.728600	0.023956
4.728700	0.026855
4.728800	0.028839
4.728900	0.025024
4.729000	0.023499
4.729100	0.024109
4.729200	0.030823
4.729300	0.026093
4.729400	0.031586
4.729500	0.033112
4.729600	0.026703
4.729700	0.027161
4.729800	0.030823
4.729900	0.027161
4.730000	0.028534
4.730100	0.028076
4.730200	0.024261
4.730300	0.030518
4.730400	0.026245
4.730500	0.028229
4.730600	0.029755
4.730700	0.030060
4.730800	0.028381
4.730900	0.025635
4.731000	0.027008
4.731100	0.029297
4.731200	0.022888
4.731300	0.021973
4.731400	0.028534
4.731500	0.022888
4.731600	0.027618
4.731700	0.026093
4.731800	0.028992
4.731900	0.029602
4.732000	0.025177
4.732100	0.023041
4.732200	0.023499
4.732300	0.025940
4.732400	0.028229
4.732500	0.025177
4.732600	0.027008
4.732700	0.026550
4.732800	0.028687
4.732900	0.026855
4.733000	0.027161
4.733100	0.026093
4.733200	0.026855
4.733300	0.029907
4.733400	0.027924
4.733500	0.020752
4.733600	0.025940
4.733700	0.025635
4.733800	0.024719
4.733900	0.023804
4.734000	0.023804
4.734100	0.025635
4.734200	0.031891
4.734300	0.032959
4.734400	0.030518
4.734500	0.025635
4.734600	0.032806
4.734700	0.024414
4.734800	0.028534
4.734900	0.026398
4.735000	0.027008
4.735100	0.031128
4.735200	0.029144
4.735300	0.023346
4.735400	0.024719
4.735500	0.031128
4.735600	0.025177
4.735700	0.029297
4.735800	0.025635
4.735900	0.021973
4.736000	0.023499
4.736100	0.022736
4.736200	0.024261
4.736300	0.029602
4.736400	0.025330
4.736500	0.023193
4.736600	0.022125
4.736700	0.025024
4.736800	0.029144
4.736900	0.026398
4.737000	0.029297
4.737100	0.026245
4.737200	0.025635
4.737300	0.027618
4.737400	0.021362
4.737500	0.020905
4.737600	0.021667
4.737700	0.027008
4.737800	0.030060
4.737900	0.028381
4.738000	0.025635
4.738100	0.023499
4.738200	0.021057
4.738300	0.021057
4.738400	0.026398
4.738500	0.025787
4.738600	0.026398
4.738700	0.031891
4.738800	0.026855
4.738900	0.025635
4.739000	0.023956
4.739100	0.025635
4.739200	0.024872
4.739300	0.024567
4.739400	0.026855
4.739500	0.028381
4.739600	0.026550
4.739700	0.025940
4.739800	0.024872
4.739900	0.030975
4.740000	0.027313
4.740100	0.024719
4.740200	0.027924
4.740300	0.024872
4.740400	0.027466
4.740500	0.025940
4.740600	0.029297
4.740700	0.026855
4.740800	0.024719
4.740900	0.028992
4.741000	0.025177
4.741100	0.027771
4.741200	0.027618
4.741300	0.025635
4.741400	0.025177
4.741500	0.027924
4.741600	0.027008
4.741700	0.025482
4.741800	0.023804
4.741900	0.026093
4.742000	0.027466
4.742100	0.029755
4.742200	0.027161
4.742300	0.030670
4.742400	0.032349
4.742500	0.032196
4.742600	0.031433
4.742700	0.032959
4.742800	0.027161
4.742900	0.027771
4.743000	0.028534
4.743100	0.025635
4.743200	0.023956
4.743300	0.026550
4.743400	0.032654
4.743500	0.027771
4.743600	0.025482
4.743700	0.026245
4.743800	0.028229
4.743900	0.025482
4.744000	0.028687
4.744100	0.030060
4.744200	0.027924
4.744300	0.030823
4.744400	0.027313
4.744500	0.025330
4.744600	0.029449
4.744700	0.030060
4.744800	0.033417
4.744900	0.027924
4.745000	0.028839
4.745100	0.029602
4.745200	0.030212
4.745300	0.028687
4.745400	0.028076
4.745500	0.030365
4.745600	0.025940
4.745700	0.026855
4.745800	0.026550
4.745900	0.028992
4.746000	0.030670
4.746100	0.030518
4.746200	0.027161
4.746300	0.022278
4.746400	0.021667
4.746500	0.032196
4.746600	0.031433
4.746700	0.031433
4.746800	0.028381
4.746900	0.028076
4.747000	0.031586
4.747100	0.030518
4.747200	0.027008
4.747300	0.026550
4.747400	0.025787
4.747500	0.027618
4.747600	0.024719
4.747700	0.024567
4.747800	0.033112
4.747900	0.031891
4.748000	0.030518
4.748100	0.028229
4.748200	0.028534
4.748300	0.028992
4.748400	0.023499
4.748500	0.027161
4.748600	0.028381
4.748700	0.027618
4.748800	0.021515
4.748900	0.020752
4.749000	0.023804
4.749100	0.020905
4.749200	0.023804
4.749300	0.024872
4.749400	0.025482
4.749500	0.021667
4.749600	0.023804
4.749700	0.026703
4.749800	0.026550
4.749900	0.024261
4.750000	0.022430
4.750100	0.023651
4.750200	0.027313
4.750300	0.027161
4.750400	0.031281
4.750500	0.030670
4.750600	0.030975
4.750700	0.025024
4.750800	0.026245
4.750900	0.025024
4.751000	0.025787
4.751100	0.027313
4.751200	0.019836
4.751300	0.026550
4.751400	0.031891
4.751500	0.026855
4.751600	0.022736
4.751700	0.027466
4.751800	0.027466
4.751900	0.025940
4.752000	0.023499
4.752100	0.025635
4.752200	0.028381
4.752300	0.024872
4.752400	0.024567
4.752500	0.025482
4.752600	0.022736
4.752700	0.026550
4.752800	0.028381
4.752900	0.026245
4.753000	0.022125
4.753100	0.024719
4.753200	0.025024
4.753300	0.025330
4.753400	0.025635
4.753500	0.030823
4.753600	0.027466
4.753700	0.021973
4.753800	0.027313
4.753900	0.030365
4.754000	0.028381
4.754100	0.034332
4.754200	0.027771
4.754300	0.029297
4.754400	0.030975
4.754500	0.030518
4.754600	0.025330
4.754700	0.023499
4.754800	0.020447
4.754900	0.023956
4.755000	0.027924
4.755100	0.026398
4.755200	0.026703
4.755300	0.028992
4.755400	0.030518
4.755500	0.025330
4.755600	0.024109
4.755700	0.029449
4.755800	0.024261
4.755900	0.030518
4.756000	0.023956
4.756100	0.023346
4.756200	0.024719
4.756300	0.023651
4.756400	0.022736
4.756500	0.028992
4.756600	0.028839
4.756700	0.024414
4.756800	0.029144
4.756900	0.025635
4.757000	0.029144
4.757100	0.031738
4.757200	0.030212
4.757300	0.032806
4.757400	0.029297
4.757500	0.026093
4.757600	0.027466
4.757700	0.026550
4.757800	0.029449
4.757900	0.027618
4.758000	0.025482
4.758100	0.029755
4.758200	0.028992
4.758300	0.024109
4.758400	0.023499
4.758500	0.025024
4.758600	0.025940
4.758700	0.026703
4.758800	0.024872
4.758900	0.025940
4.759000	0.027924
4.759100	0.026398
4.759200	0.025177
4.759300	0.022888
4.759400	0.026093
4.759500	0.020905
4.759600	0.022125
4.759700	0.023499
4.759800	0.027466
4.759900	0.025330
4.760000	0.027924
4.760100	0.026855
4.760200	0.026093
4.760300	0.027924
4.760400	0.022583
4.760500	0.029144
4.760600	0.025177
4.760700	0.026398
4.760800	0.024414
4.760900	0.020447
4.761000	0.024414
4.761100	0.025635
4.761200	0.027618
4.761300	0.023804
4.761400	0.021667
4.761500	0.023041
4.761600	0.023193
