377.188100	0.178833
377.188200	0.180817
377.188300	0.178375
377.188400	0.181427
377.188500	0.178680
377.188600	0.176544
377.188700	0.161285
377.188800	0.153809
377.188900	0.145111
377.189000	0.136566
377.189100	0.126495
377.189200	0.119019
377.189300	0.106201
377.189400	0.097656
377.189500	0.078735
377.189600	0.067749
377.189700	0.053864
377.189800	0.047150
377.189900	0.035248
377.190000	0.032043
377.190100	0.026245
377.190200	0.021362
377.190300	0.014954
377.190400	0.012817
377.190500	0.006866
377.190600	0.014038
377.190700	0.016937
377.190800	0.022888
377.190900	0.027466
377.191000	0.028687
377.191100	0.041046
377.191200	0.040283
377.191300	0.047302
377.191400	0.058289
377.191500	0.067291
377.191600	0.074768
377.191700	0.081329
377.191800	0.085449
377.191900	0.091858
377.192000	0.103149
377.192100	0.113678
377.192200	0.124512
377.192300	0.132446
377.192400	0.144958
377.192500	0.153046
377.192600	0.167236
377.192700	0.173340
377.192800	0.195618
377.192900	0.201263
377.193000	0.212402
377.193100	0.227203
377.193200	0.245209
377.193300	0.257263
377.193400	0.257874
377.193500	0.257721
377.193600	0.256805
377.193700	0.250854
377.193800	0.244141
377.193900	0.240784
377.194000	0.231934
377.194100	0.220337
377.194200	0.217438
377.194300	0.209656
377.194400	0.208740
377.194500	0.212402
377.194600	0.214386
377.194700	0.209961
377.194800	0.212097
377.194900	0.210876
377.195000	0.212250
377.195100	0.221100
377.195200	0.217743
377.195300	0.221100
377.195400	0.224609
377.195500	0.218506
377.195600	0.206757
377.195700	0.190125
377.195800	0.179138
377.195900	0.157471
377.196000	0.142212
377.196100	0.126190
377.196200	0.110321
377.196300	0.099030
377.196400	0.084534
377.196500	0.075836
377.196600	0.066528
377.196700	0.054932
377.196800	0.049744
377.196900	0.036774
377.197000	0.020599
377.197100	0.016022
377.197200	0.000305
377.197300	-0.017242
377.197400	-0.032043
377.197500	-0.047302
377.197600	-0.064850
377.197700	-0.079956
377.197800	-0.086060
377.197900	-0.089569
377.198000	-0.088806
377.198100	-0.089264
377.198200	-0.081177
377.198300	-0.079346
377.198400	-0.074615
377.198500	-0.072021
377.198600	-0.067291
377.198700	-0.071106
377.198800	-0.069885
377.198900	-0.071564
377.199000	-0.067444
377.199100	-0.069580
377.199200	-0.073090
377.199300	-0.075378
377.199400	-0.089569
377.199500	-0.085297
377.199600	-0.092163
377.199700	-0.089874
377.199800	-0.092010
377.199900	-0.086517
377.200000	-0.071106
377.200100	-0.057068
377.200200	-0.052948
377.200300	-0.030365
377.200400	-0.024414
377.200500	-0.012817
377.200600	-0.001678
377.200700	0.011292
377.200800	0.023193
377.200900	0.033875
377.201000	0.040741
377.201100	0.043488
377.201200	0.051727
377.201300	0.058289
377.201400	0.067291
377.201500	0.079041
377.201600	0.082245
377.201700	0.096436
377.201800	0.101929
377.201900	0.102997
377.202000	0.105591
377.202100	0.109558
377.202200	0.113983
377.202300	0.116425
377.202400	0.122223
377.202500	0.119781
377.202600	0.122223
377.202700	0.122223
377.202800	0.124817
377.202900	0.123596
377.203000	0.121002
377.203100	0.118256
377.203200	0.119934
377.203300	0.119476
377.203400	0.120544
377.203500	0.117645
377.203600	0.116577
377.203700	0.117340
377.203800	0.116119
377.203900	0.116882
377.204000	0.116425
377.204100	0.117340
377.204200	0.115662
377.204300	0.115051
377.204400	0.115662
377.204500	0.113220
377.204600	0.115509
377.204700	0.110474
377.204800	0.108795
377.204900	0.115051
377.205000	0.114594
377.205100	0.108948
377.205200	0.108948
377.205300	0.105286
377.205400	0.101471
377.205500	0.110626
377.205600	0.113373
377.205700	0.110626
377.205800	0.117035
377.205900	0.115051
377.206000	0.111389
377.206100	0.112610
377.206200	0.113678
377.206300	0.111694
377.206400	0.112610
377.206500	0.114441
377.206600	0.113678
377.206700	0.110779
377.206800	0.103149
377.206900	0.106506
377.207000	0.112915
377.207100	0.118256
377.207200	0.118713
377.207300	0.113678
377.207400	0.109406
377.207500	0.110168
377.207600	0.108948
377.207700	0.112915
377.207800	0.108643
377.207900	0.109100
377.208000	0.108490
377.208100	0.106812
377.208200	0.104828
377.208300	0.104523
377.208400	0.102386
377.208500	0.106506
377.208600	0.101929
377.208700	0.105896
377.208800	0.097809
377.208900	0.102386
377.209000	0.099945
377.209100	0.096741
377.209200	0.096130
377.209300	0.098114
377.209400	0.095215
377.209500	0.096741
377.209600	0.089569
377.209700	0.094147
377.209800	0.088196
377.209900	0.088959
377.210000	0.089264
377.210100	0.086365
377.210200	0.082397
377.210300	0.086823
377.210400	0.079346
377.210500	0.080872
377.210600	0.086670
377.210700	0.090332
377.210800	0.082092
377.210900	0.081635
377.211000	0.083618
377.211100	0.088348
377.211200	0.087433
377.211300	0.084534
377.211400	0.085602
377.211500	0.086670
377.211600	0.085144
377.211700	0.083923
377.211800	0.087585
377.211900	0.089722
377.212000	0.095520
377.212100	0.095520
377.212200	0.093079
377.212300	0.093079
377.212400	0.099640
377.212500	0.095673
377.212600	0.097046
377.212700	0.094604
377.212800	0.096436
377.212900	0.099030
377.213000	0.101013
377.213100	0.100098
377.213200	0.103302
377.213300	0.095520
377.213400	0.100861
377.213500	0.099945
377.213600	0.102844
377.213700	0.103302
377.213800	0.102081
377.213900	0.106049
377.214000	0.101318
377.214100	0.105743
377.214200	0.107880
377.214300	0.099640
377.214400	0.104828
377.214500	0.107269
377.214600	0.109558
377.214700	0.104523
377.214800	0.104370
377.214900	0.108337
377.215000	0.108795
377.215100	0.111389
377.215200	0.106964
377.215300	0.109100
377.215400	0.110474
377.215500	0.109100
377.215600	0.105896
377.215700	0.112610
377.215800	0.111237
377.215900	0.110168
377.216000	0.105591
377.216100	0.113373
377.216200	0.107117
377.216300	0.102539
377.216400	0.104980
377.216500	0.101624
377.216600	0.103455
377.216700	0.106201
377.216800	0.101318
377.216900	0.102844
377.217000	0.103302
377.217100	0.104523
377.217200	0.106964
377.217300	0.106201
377.217400	0.102692
377.217500	0.097656
377.217600	0.096741
377.217700	0.100708
377.217800	0.102692
377.217900	0.104218
377.218000	0.109558
377.218100	0.108643
377.218200	0.103912
377.218300	0.107117
377.218400	0.110779
377.218500	0.104675
377.218600	0.111542
377.218700	0.108185
377.218800	0.106964
377.218900	0.108337
377.219000	0.101166
377.219100	0.102997
377.219200	0.102692
377.219300	0.105743
377.219400	0.101471
377.219500	0.104065
377.219600	0.105896
377.219700	0.102539
377.219800	0.107727
377.219900	0.103607
377.220000	0.108032
377.220100	0.100250
377.220200	0.099945
377.220300	0.098877
377.220400	0.098419
377.220500	0.097656
377.220600	0.091553
377.220700	0.091705
377.220800	0.094910
377.220900	0.095978
377.221000	0.098724
377.221100	0.096588
377.221200	0.094147
377.221300	0.094604
377.221400	0.093384
377.221500	0.088806
377.221600	0.095673
377.221700	0.088654
377.221800	0.089417
377.221900	0.093231
377.222000	0.089722
377.222100	0.083618
377.222200	0.083160
377.222300	0.086975
377.222400	0.088806
377.222500	0.087585
377.222600	0.081940
377.222700	0.075989
377.222800	0.080566
377.222900	0.077667
377.223000	0.079346
377.223100	0.080872
377.223200	0.077667
377.223300	0.080414
377.223400	0.083008
377.223500	0.090790
377.223600	0.086975
377.223700	0.085907
377.223800	0.096741
377.223900	0.088196
377.224000	0.088043
377.224100	0.089417
377.224200	0.095825
377.224300	0.098877
377.224400	0.097351
377.224500	0.099182
377.224600	0.100098
377.224700	0.108185
377.224800	0.112305
377.224900	0.116730
377.225000	0.125580
377.225100	0.135193
377.225200	0.137329
377.225300	0.142670
377.225400	0.159149
377.225500	0.159912
377.225600	0.165863
377.225700	0.170288
377.225800	0.174866
377.225900	0.175323
377.226000	0.176544
377.226100	0.177612
377.226200	0.177765
377.226300	0.176392
377.226400	0.175629
377.226500	0.171356
377.226600	0.169983
377.226700	0.167236
377.226800	0.162506
377.226900	0.157318
377.227000	0.153503
377.227100	0.154266
377.227200	0.151520
377.227300	0.156250
377.227400	0.158386
377.227500	0.160828
377.227600	0.173950
377.227700	0.190735
377.227800	0.208282
377.227900	0.239563
377.228000	0.266266
377.228100	0.297089
377.228200	0.336609
377.228300	0.389557
377.228400	0.447998
377.228500	0.509491
377.228600	0.568237
377.228700	0.630798
377.228800	0.695801
377.228900	0.751648
377.229000	0.797577
377.229100	0.840759
377.229200	0.874634
377.229300	0.895081
377.229400	0.898590
377.229500	0.895233
377.229600	0.880890
377.229700	0.861053
377.229800	0.838928
377.229900	0.804291
377.230000	0.764771
377.230100	0.726013
377.230200	0.674438
377.230300	0.612335
377.230400	0.538940
377.230500	0.452576
377.230600	0.362244
377.230700	0.268860
377.230800	0.155792
377.230900	0.045166
377.231000	-0.072632
377.231100	-0.191956
377.231200	-0.311432
377.231300	-0.424194
377.231400	-0.527954
377.231500	-0.628662
377.231600	-0.717010
377.231700	-0.783997
377.231800	-0.848389
377.231900	-0.893707
377.232000	-0.926666
377.232100	-0.958099
377.232200	-0.973969
377.232300	-0.991058
377.232400	-1.000519
377.232500	-1.006470
377.232600	-0.999756
377.232700	-0.988312
377.232800	-0.962524
377.232900	-0.930176
377.233000	-0.888519
377.233100	-0.836945
377.233200	-0.782776
377.233300	-0.707397
377.233400	-0.637207
377.233500	-0.547943
377.233600	-0.465393
377.233700	-0.383301
377.233800	-0.297852
377.233900	-0.220947
377.234000	-0.151825
377.234100	-0.086670
377.234200	-0.034485
377.234300	0.017242
377.234400	0.053864
377.234500	0.090942
377.234600	0.122070
377.234700	0.145721
377.234800	0.175323
377.234900	0.193634
377.235000	0.206451
377.235100	0.222778
377.235200	0.230255
377.235300	0.242310
377.235400	0.246582
377.235500	0.258484
377.235600	0.260620
377.235700	0.262146
377.235800	0.263977
377.235900	0.262451
377.236000	0.262909
377.236100	0.258026
377.236200	0.258942
377.236300	0.252380
377.236400	0.246887
377.236500	0.238495
377.236600	0.225677
377.236700	0.220337
377.236800	0.214539
377.236900	0.196838
377.237000	0.191193
377.237100	0.179749
377.237200	0.168762
377.237300	0.150604
377.237400	0.135803
377.237500	0.128174
377.237600	0.115509
377.237700	0.100403
377.237800	0.093536
377.237900	0.086060
377.238000	0.073090
377.238100	0.059204
377.238200	0.055389
377.238300	0.042114
377.238400	0.039062
377.238500	0.027008
377.238600	0.028534
377.238700	0.026398
377.238800	0.028992
377.238900	0.025635
377.239000	0.027008
377.239100	0.030365
377.239200	0.039215
377.239300	0.043335
377.239400	0.040588
377.239500	0.046539
377.239600	0.049438
377.239700	0.055542
377.239800	0.063629
377.239900	0.074005
377.240000	0.081482
377.240100	0.092163
377.240200	0.094147
377.240300	0.102997
377.240400	0.112305
377.240500	0.114594
377.240600	0.116425
377.240700	0.115509
377.240800	0.117798
377.240900	0.131226
377.241000	0.130005
377.241100	0.135956
377.241200	0.140533
377.241300	0.142822
377.241400	0.147705
377.241500	0.148468
377.241600	0.146027
