58.160900	-0.003510
58.161000	0.001831
58.161100	-0.004578
58.161200	-0.000305
58.161300	0.003662
58.161400	-0.001068
58.161500	-0.002441
58.161600	-0.002747
58.161700	-0.000763
58.161800	0.001526
58.161900	0.005951
58.162000	0.002594
58.162100	0.002289
58.162200	-0.004272
58.162300	0.000610
58.162400	0.003510
58.162500	0.003052
58.162600	0.000763
58.162700	-0.001526
58.162800	-0.001678
58.162900	-0.000153
58.163000	-0.004883
58.163100	-0.005035
58.163200	-0.005493
58.163300	-0.005798
58.163400	-0.006104
58.163500	-0.002441
58.163600	-0.000763
58.163700	0.000610
58.163800	-0.000305
58.163900	-0.002136
58.164000	0.001678
58.164100	0.004120
58.164200	0.001221
58.164300	0.001221
58.164400	-0.001831
58.164500	-0.004425
58.164600	-0.002899
58.164700	-0.000305
58.164800	0.001984
58.164900	-0.002441
58.165000	-0.000763
58.165100	0.003357
58.165200	0.002899
58.165300	-0.001221
58.165400	0.004730
58.165500	-0.001526
58.165600	-0.002899
58.165700	-0.002441
58.165800	-0.001831
58.165900	-0.005188
58.166000	-0.004730
58.166100	-0.005493
58.166200	-0.003510
58.166300	-0.007324
58.166400	-0.001221
58.166500	-0.003662
58.166600	-0.004730
58.166700	-0.001984
58.166800	-0.008392
58.166900	-0.000458
58.167000	-0.006256
58.167100	-0.002899
58.167200	-0.003204
58.167300	-0.006104
58.167400	-0.002441
58.167500	-0.003357
58.167600	0.003662
58.167700	-0.004730
58.167800	-0.001984
58.167900	-0.001984
58.168000	-0.003662
58.168100	-0.001221
58.168200	-0.002441
58.168300	-0.006561
58.168400	-0.003967
58.168500	-0.002136
58.168600	-0.000610
58.168700	-0.005798
58.168800	-0.007172
58.168900	-0.001373
58.169000	-0.001678
58.169100	-0.006104
58.169200	-0.007324
58.169300	0.000305
58.169400	0.000305
58.169500	-0.009003
58.169600	-0.001221
58.169700	-0.004578
58.169800	-0.003967
58.169900	0.002747
58.170000	-0.002899
58.170100	-0.002747
58.170200	-0.005341
58.170300	-0.004730
58.170400	-0.004120
58.170500	-0.007477
58.170600	-0.004120
58.170700	-0.000610
58.170800	-0.001221
58.170900	-0.004272
58.171000	-0.002899
58.171100	-0.005035
58.171200	-0.005188
58.171300	-0.001678
58.171400	-0.002899
58.171500	-0.003357
58.171600	-0.000916
58.171700	0.000000
58.171800	0.001068
58.171900	-0.000916
58.172000	-0.004120
58.172100	0.000153
58.172200	-0.001984
58.172300	-0.002441
58.172400	0.000610
58.172500	-0.006714
58.172600	-0.002136
58.172700	-0.003357
58.172800	-0.005646
58.172900	-0.001678
58.173000	-0.003510
58.173100	-0.006104
58.173200	0.001221
58.173300	-0.000153
58.173400	-0.001068
58.173500	-0.002289
58.173600	-0.004120
58.173700	-0.004120
58.173800	-0.005646
58.173900	-0.001221
58.174000	0.000458
58.174100	-0.003967
58.174200	-0.003357
58.174300	-0.000763
58.174400	-0.004425
58.174500	-0.004883
58.174600	-0.005188
58.174700	-0.000763
58.174800	-0.003052
58.174900	-0.004120
58.175000	-0.004120
58.175100	-0.004730
58.175200	-0.007172
58.175300	-0.005035
58.175400	-0.003357
58.175500	-0.004578
58.175600	-0.005341
58.175700	-0.003357
58.175800	0.001678
58.175900	-0.000305
58.176000	-0.003052
58.176100	-0.001831
58.176200	-0.004578
58.176300	-0.007019
58.176400	-0.004578
58.176500	-0.003967
58.176600	-0.001526
58.176700	-0.004425
58.176800	-0.005646
58.176900	-0.001221
58.177000	-0.002289
58.177100	-0.002289
58.177200	-0.005493
58.177300	-0.001526
58.177400	-0.001526
58.177500	-0.000763
58.177600	-0.000458
58.177700	-0.004120
58.177800	-0.004272
58.177900	-0.003052
58.178000	-0.002747
58.178100	-0.009308
58.178200	-0.005798
58.178300	-0.005798
58.178400	-0.006409
58.178500	-0.007324
58.178600	0.000610
58.178700	-0.005798
58.178800	-0.006409
58.178900	-0.010071
58.179000	-0.009460
58.179100	-0.004883
58.179200	0.001068
58.179300	-0.009918
58.179400	-0.005188
58.179500	-0.006409
58.179600	-0.003967
58.179700	-0.004425
58.179800	-0.005493
58.179900	-0.005951
58.180000	-0.001068
58.180100	-0.005646
58.180200	-0.004883
58.180300	-0.000916
58.180400	-0.003662
58.180500	-0.000763
58.180600	-0.001221
58.180700	-0.006409
58.180800	-0.003967
58.180900	-0.006561
58.181000	-0.005646
58.181100	-0.009308
58.181200	-0.005646
58.181300	-0.001831
58.181400	-0.002441
58.181500	-0.006256
58.181600	-0.001831
58.181700	-0.000458
58.181800	-0.003204
58.181900	-0.005341
58.182000	-0.007172
58.182100	-0.005951
58.182200	-0.002594
58.182300	-0.005646
58.182400	-0.001831
58.182500	-0.002136
58.182600	0.000153
58.182700	-0.006409
58.182800	0.000916
58.182900	-0.002441
58.183000	-0.004120
58.183100	-0.004730
58.183200	-0.010529
58.183300	-0.009003
58.183400	-0.009003
58.183500	-0.004272
58.183600	-0.007782
58.183700	-0.008240
58.183800	-0.006409
58.183900	-0.010071
58.184000	-0.008698
58.184100	-0.008392
58.184200	-0.005646
58.184300	-0.009613
58.184400	-0.003967
58.184500	-0.001984
58.184600	-0.004730
58.184700	-0.001221
58.184800	-0.008240
58.184900	-0.003357
58.185000	-0.002289
58.185100	-0.004425
58.185200	-0.004883
58.185300	-0.009155
58.185400	0.001373
58.185500	0.006714
58.185600	0.005493
58.185700	0.006561
58.185800	0.005646
58.185900	0.009155
58.186000	0.004578
58.186100	0.001678
58.186200	0.005646
58.186300	0.011139
58.186400	0.010986
58.186500	0.013123
58.186600	0.008240
58.186700	0.007477
58.186800	0.009918
58.186900	0.006104
58.187000	0.007172
58.187100	0.008698
58.187200	0.009766
58.187300	0.011597
58.187400	0.014954
58.187500	0.012360
58.187600	0.012054
58.187700	0.011444
58.187800	0.008240
58.187900	0.012207
58.188000	0.010834
58.188100	0.010986
58.188200	0.009308
58.188300	0.011292
58.188400	0.012665
58.188500	0.007324
58.188600	0.012817
58.188700	0.008392
58.188800	0.011902
58.188900	0.010834
58.189000	0.007935
58.189100	0.004120
58.189200	0.009003
58.189300	0.012817
58.189400	0.010529
58.189500	0.011444
58.189600	0.011902
58.189700	0.013123
58.189800	0.010681
58.189900	0.004883
58.190000	0.007782
58.190100	0.009613
58.190200	0.008545
58.190300	0.008087
58.190400	0.007629
58.190500	0.004578
58.190600	0.007935
58.190700	0.007629
58.190800	0.012665
58.190900	0.011597
58.191000	0.010376
58.191100	0.009613
58.191200	0.016022
58.191300	0.014191
58.191400	0.011292
58.191500	0.014954
58.191600	0.017853
58.191700	0.015564
58.191800	0.013580
58.191900	0.012360
58.192000	0.010529
58.192100	0.015869
58.192200	0.016632
58.192300	0.015869
58.192400	0.014496
58.192500	0.013580
58.192600	0.015717
58.192700	0.012054
58.192800	0.004578
58.192900	0.006256
58.193000	0.007935
58.193100	0.009155
58.193200	0.007324
58.193300	0.012054
58.193400	0.011139
58.193500	0.005646
58.193600	0.008240
58.193700	0.005798
58.193800	0.003662
58.193900	0.003815
58.194000	0.005035
58.194100	0.006409
58.194200	0.006561
58.194300	0.008240
58.194400	0.008240
58.194500	-0.003204
58.194600	0.003052
58.194700	0.006256
58.194800	0.004120
58.194900	0.003357
58.195000	0.001526
58.195100	0.001068
58.195200	0.001068
58.195300	0.005035
58.195400	-0.002594
58.195500	-0.001068
58.195600	-0.000916
58.195700	-0.000153
58.195800	-0.003510
58.195900	-0.002899
58.196000	-0.000763
58.196100	-0.002289
58.196200	-0.005646
58.196300	-0.003204
58.196400	0.001373
58.196500	-0.001831
58.196600	-0.001373
58.196700	-0.001068
58.196800	0.001526
58.196900	-0.001678
58.197000	-0.002441
58.197100	-0.003204
58.197200	-0.001373
58.197300	-0.001984
58.197400	-0.005646
58.197500	-0.003967
58.197600	-0.002747
58.197700	-0.003052
58.197800	-0.005035
58.197900	-0.007324
58.198000	-0.005035
58.198100	-0.006409
58.198200	-0.005341
58.198300	-0.007019
58.198400	-0.010071
58.198500	-0.005188
58.198600	-0.010223
58.198700	-0.010681
58.198800	-0.010223
58.198900	-0.010986
58.199000	-0.006409
58.199100	-0.001678
58.199200	-0.002747
58.199300	-0.002594
58.199400	-0.005798
58.199500	-0.006714
58.199600	-0.009613
58.199700	-0.007019
58.199800	-0.002747
58.199900	-0.005646
58.200000	-0.005341
58.200100	-0.007019
58.200200	-0.008545
58.200300	-0.002747
58.200400	-0.004883
58.200500	-0.011749
58.200600	-0.007935
58.200700	-0.012512
58.200800	-0.017395
58.200900	-0.009918
58.201000	-0.011902
58.201100	-0.020447
58.201200	-0.019073
58.201300	-0.018158
58.201400	-0.025330
58.201500	-0.024109
58.201600	-0.027771
58.201700	-0.025940
58.201800	-0.033569
58.201900	-0.031433
58.202000	-0.032349
58.202100	-0.036011
58.202200	-0.032196
58.202300	-0.038452
58.202400	-0.036926
58.202500	-0.037689
58.202600	-0.037537
58.202700	-0.039368
58.202800	-0.034790
58.202900	-0.039825
58.203000	-0.040588
58.203100	-0.035248
58.203200	-0.041809
58.203300	-0.042572
58.203400	-0.038300
58.203500	-0.039520
58.203600	-0.040436
58.203700	-0.041351
58.203800	-0.037384
58.203900	-0.037231
58.204000	-0.039520
58.204100	-0.040283
58.204200	-0.038147
58.204300	-0.028229
58.204400	-0.035400
58.204500	-0.036011
58.204600	-0.030212
58.204700	-0.030975
58.204800	-0.026703
58.204900	-0.026245
58.205000	-0.034790
58.205100	-0.029144
58.205200	-0.028076
58.205300	-0.028687
58.205400	-0.028839
58.205500	-0.022278
58.205600	-0.026398
58.205700	-0.029449
58.205800	-0.031738
58.205900	-0.029602
58.206000	-0.027771
58.206100	-0.025940
58.206200	-0.023193
58.206300	-0.025177
58.206400	-0.026398
58.206500	-0.022583
58.206600	-0.026245
58.206700	-0.026855
58.206800	-0.025024
58.206900	-0.022888
58.207000	-0.022430
58.207100	-0.019379
58.207200	-0.021362
58.207300	-0.023804
58.207400	-0.022278
58.207500	-0.021820
58.207600	-0.019379
58.207700	-0.020142
58.207800	-0.018768
58.207900	-0.023041
58.208000	-0.022125
58.208100	-0.022125
58.208200	-0.017853
58.208300	-0.021210
58.208400	-0.019226
58.208500	-0.016937
58.208600	-0.015564
58.208700	-0.016937
58.208800	-0.015106
58.208900	-0.014038
58.209000	-0.015411
58.209100	-0.012665
58.209200	-0.019379
58.209300	-0.016327
58.209400	-0.014191
58.209500	-0.016937
58.209600	-0.016327
58.209700	-0.013580
58.209800	-0.014496
58.209900	-0.013123
58.210000	-0.013428
58.210100	-0.018158
58.210200	-0.012360
58.210300	-0.015717
58.210400	-0.009460
58.210500	-0.014191
58.210600	-0.014801
58.210700	-0.013885
58.210800	-0.013428
58.210900	-0.012970
58.211000	-0.012970
58.211100	-0.011292
58.211200	-0.012054
58.211300	-0.010376
58.211400	-0.016632
58.211500	-0.015717
58.211600	-0.013428
58.211700	-0.012970
58.211800	-0.009003
58.211900	-0.005188
58.212000	-0.010834
58.212100	-0.009155
58.212200	-0.010834
58.212300	-0.009460
58.212400	-0.009155
58.212500	-0.009308
58.212600	-0.008392
58.212700	-0.007172
58.212800	-0.005646
58.212900	-0.006561
58.213000	-0.008392
58.213100	-0.009003
58.213200	-0.010376
58.213300	-0.007782
58.213400	-0.006714
58.213500	-0.011597
58.213600	-0.009155
58.213700	-0.009155
58.213800	-0.007935
58.213900	-0.005493
58.214000	-0.005035
58.214100	-0.009460
58.214200	-0.005341
58.214300	-0.001831
58.214400	-0.012665
