390.551300	0.273743
390.551400	0.370483
390.551500	0.489044
390.551600	0.629120
390.551700	0.791016
390.551800	0.965576
390.551900	1.119537
390.552000	1.210327
390.552100	1.245117
390.552200	1.244202
390.552300	1.232300
390.552400	1.209869
390.552500	1.186829
390.552600	1.145630
390.552700	1.073761
390.552800	0.929871
390.552900	0.725555
390.553000	0.464783
390.553100	0.201416
390.553200	-0.060272
390.553300	-0.323181
390.553400	-0.567474
390.553500	-0.795746
390.553600	-1.018524
390.553700	-1.161652
390.553800	-1.324310
390.553900	-1.370850
390.554000	-1.368866
390.554100	-1.338196
390.554200	-1.295929
390.554300	-1.253204
390.554400	-1.201935
390.554500	-1.190948
390.554600	-0.981903
390.554700	-0.791931
390.554800	-0.534821
390.554900	-0.242004
390.555000	0.054169
390.555100	0.362549
390.555200	0.647583
390.555300	0.917358
390.555400	1.118469
390.555500	1.248016
390.555600	1.329193
390.555700	1.366272
390.555800	1.395569
390.555900	1.414185
390.556000	1.403809
390.556100	1.343536
390.556200	1.213989
390.556300	1.003723
390.556400	0.703125
390.556500	0.379639
390.556600	0.040741
390.556700	-0.313721
390.556800	-0.648956
390.556900	-0.944366
390.557000	-1.164551
390.557100	-1.368103
390.557200	-1.448669
390.557300	-1.467743
390.557400	-1.446838
390.557500	-1.416016
390.557600	-1.369324
390.557700	-1.320648
390.557800	-1.257324
390.557900	-1.215668
390.558000	-0.999298
390.558100	-0.800171
390.558200	-0.594025
390.558300	-0.406799
390.558400	-0.242004
390.558500	-0.114899
390.558600	-0.019531
390.558700	0.062408
390.558800	0.114899
390.558900	0.160370
390.559000	0.191498
390.559100	0.221405
390.559200	0.255585
390.559300	0.299530
390.559400	0.350037
390.559500	0.410767
390.559600	0.463562
390.559700	0.518951
390.559800	0.560303
390.559900	0.591888
390.560000	0.605469
390.560100	0.603027
390.560200	0.593872
390.560300	0.572968
390.560400	0.538483
390.560500	0.493469
390.560600	0.445099
390.560700	0.385895
390.560800	0.325928
390.560900	0.251770
390.561000	0.175323
390.561100	0.094604
390.561200	0.016022
390.561300	-0.066681
390.561400	-0.127869
390.561500	-0.198975
390.561600	-0.261536
390.561700	-0.310669
390.561800	-0.348053
390.561900	-0.390625
390.562000	-0.410614
390.562100	-0.417633
390.562200	-0.414276
390.562300	-0.404053
390.562400	-0.372314
390.562500	-0.331879
390.562600	-0.276794
390.562700	-0.207672
390.562800	-0.152283
390.562900	-0.092773
390.563000	-0.035248
390.563100	0.011902
390.563200	0.053253
390.563300	0.085449
390.563400	0.103455
390.563500	0.111542
390.563600	0.119629
390.563700	0.124512
390.563800	0.125885
390.563900	0.116882
390.564000	0.120544
390.564100	0.120544
390.564200	0.116272
390.564300	0.111389
390.564400	0.115051
390.564500	0.117798
390.564600	0.118408
390.564700	0.119324
390.564800	0.121460
390.564900	0.135803
390.565000	0.138855
390.565100	0.143127
390.565200	0.147705
390.565300	0.146179
390.565400	0.158997
390.565500	0.158234
390.565600	0.156403
390.565700	0.160370
390.565800	0.161438
390.565900	0.158844
390.566000	0.159302
390.566100	0.145416
390.566200	0.143738
390.566300	0.138855
390.566400	0.127563
390.566500	0.117798
390.566600	0.106659
390.566700	0.095215
390.566800	0.089111
390.566900	0.083008
390.567000	0.070648
390.567100	0.065613
390.567200	0.062561
390.567300	0.060577
390.567400	0.058289
390.567500	0.059662
390.567600	0.060120
390.567700	0.061646
390.567800	0.058594
390.567900	0.061951
390.568000	0.066223
390.568100	0.070953
390.568200	0.084229
390.568300	0.080566
390.568400	0.086212
390.568500	0.086212
390.568600	0.089722
390.568700	0.092316
390.568800	0.093994
390.568900	0.099182
390.569000	0.097198
390.569100	0.097809
390.569200	0.107880
390.569300	0.107117
390.569400	0.123749
390.569500	0.127716
390.569600	0.130768
390.569700	0.133514
390.569800	0.135803
390.569900	0.139771
390.570000	0.147705
390.570100	0.146332
390.570200	0.147705
390.570300	0.146942
390.570400	0.141449
390.570500	0.122375
390.570600	0.117493
390.570700	0.109558
390.570800	0.088806
390.570900	0.081177
390.571000	0.064392
390.571100	0.045776
390.571200	0.039062
390.571300	0.021362
390.571400	0.017700
390.571500	0.007172
390.571600	0.008698
390.571700	-0.001984
390.571800	-0.001221
390.571900	-0.003052
390.572000	-0.004730
390.572100	-0.006714
390.572200	0.002747
390.572300	0.006866
390.572400	0.014648
390.572500	0.032349
390.572600	0.047913
390.572700	0.058594
390.572800	0.075836
390.572900	0.084076
390.573000	0.098419
390.573100	0.109100
390.573200	0.120239
390.573300	0.135498
390.573400	0.155945
390.573500	0.189056
390.573600	0.234985
390.573700	0.289154
390.573800	0.358887
390.573900	0.430603
390.574000	0.505524
390.574100	0.564728
390.574200	0.595551
390.574300	0.619202
390.574400	0.617065
390.574500	0.597229
390.574600	0.566559
390.574700	0.521393
390.574800	0.466614
390.574900	0.388794
390.575000	0.294037
390.575100	0.180359
390.575200	0.061035
390.575300	-0.067596
390.575400	-0.193939
390.575500	-0.304413
390.575600	-0.394745
390.575700	-0.463715
390.575800	-0.523071
390.575900	-0.557709
390.576000	-0.578003
390.576100	-0.585327
390.576200	-0.576172
390.576300	-0.561523
390.576400	-0.515747
390.576500	-0.422974
390.576600	-0.304260
390.576700	-0.164490
390.576800	0.003052
390.576900	0.179291
390.577000	0.368500
390.577100	0.568085
390.577200	0.765991
390.577300	0.938416
390.577400	1.060944
390.577500	1.129456
390.577600	1.156616
390.577700	1.176300
390.577800	1.194153
390.577900	1.210022
390.578000	1.209564
390.578100	1.165771
390.578200	1.065063
390.578300	0.886230
390.578400	0.652771
390.578500	0.372620
390.578600	0.088043
390.578700	-0.196533
390.578800	-0.487823
390.578900	-0.729218
390.579000	-0.944672
390.579100	-1.103516
390.579200	-1.171722
390.579300	-1.196594
390.579400	-1.207123
390.579500	-1.189423
390.579600	-1.191254
390.579700	-1.117401
390.579800	-1.071014
390.579900	-0.999146
390.580000	-0.899048
390.580100	-0.748291
390.580200	-0.577545
390.580300	-0.407257
390.580400	-0.263519
390.580500	-0.141602
390.580600	-0.052490
390.580700	0.020447
390.580800	0.078278
390.580900	0.112000
390.581000	0.135956
390.581100	0.145569
390.581200	0.150452
390.581300	0.149384
390.581400	0.146790
390.581500	0.140533
390.581600	0.143127
390.581700	0.139160
390.581800	0.132904
390.581900	0.129089
390.582000	0.118408
390.582100	0.108032
390.582200	0.100555
390.582300	0.093536
390.582400	0.084991
390.582500	0.080566
390.582600	0.067749
390.582700	0.068512
390.582800	0.063629
390.582900	0.066528
390.583000	0.066833
390.583100	0.089111
390.583200	0.104675
390.583300	0.140686
390.583400	0.196838
390.583500	0.259857
390.583600	0.343170
390.583700	0.442352
390.583800	0.538635
390.583900	0.636597
390.584000	0.714569
390.584100	0.771027
390.584200	0.807190
390.584300	0.826416
390.584400	0.829468
390.584500	0.821991
390.584600	0.784912
390.584700	0.718384
390.584800	0.612793
390.584900	0.481110
390.585000	0.314178
390.585100	0.134735
390.585200	-0.058289
390.585300	-0.251770
390.585400	-0.434723
390.585500	-0.585480
390.585600	-0.689545
390.585700	-0.767517
390.585800	-0.812531
390.585900	-0.824127
390.586000	-0.818634
390.586100	-0.787354
390.586200	-0.748901
390.586300	-0.682220
390.586400	-0.601959
390.586500	-0.509949
390.586600	-0.400391
390.586700	-0.282745
390.586800	-0.182037
390.586900	-0.080566
390.587000	-0.003357
390.587100	0.070190
390.587200	0.109863
390.587300	0.136108
390.587400	0.142822
390.587500	0.130920
390.587600	0.122681
390.587700	0.103455
390.587800	0.083771
390.587900	0.063477
390.588000	0.048523
390.588100	0.035706
390.588200	0.021820
390.588300	0.018463
390.588400	0.016022
390.588500	0.020294
390.588600	0.022278
390.588700	0.021362
390.588800	0.031738
390.588900	0.031128
390.589000	0.031586
390.589100	0.038452
390.589200	0.049438
390.589300	0.062561
390.589400	0.076294
390.589500	0.087891
390.589600	0.095367
390.589700	0.100250
390.589800	0.103760
390.589900	0.109558
390.590000	0.115051
390.590100	0.116425
390.590200	0.116119
390.590300	0.115051
390.590400	0.116577
390.590500	0.113525
390.590600	0.116882
390.590700	0.112000
390.590800	0.113220
390.590900	0.114288
390.591000	0.116272
390.591100	0.111237
390.591200	0.104980
390.591300	0.112305
390.591400	0.107880
390.591500	0.104523
390.591600	0.104828
390.591700	0.104828
390.591800	0.099792
390.591900	0.094147
390.592000	0.092163
390.592100	0.094452
390.592200	0.093536
390.592300	0.089569
390.592400	0.087280
390.592500	0.086975
390.592600	0.091248
390.592700	0.084076
390.592800	0.082245
390.592900	0.080109
390.593000	0.082703
390.593100	0.086060
390.593200	0.088959
390.593300	0.084076
390.593400	0.088806
390.593500	0.087891
390.593600	0.085144
390.593700	0.091858
390.593800	0.086823
390.593900	0.088196
390.594000	0.088654
390.594100	0.090790
390.594200	0.088959
390.594300	0.093384
390.594400	0.090179
390.594500	0.090942
390.594600	0.087891
390.594700	0.084229
390.594800	0.084534
390.594900	0.076599
390.595000	0.079193
390.595100	0.077057
390.595200	0.080109
390.595300	0.079193
390.595400	0.077515
390.595500	0.074768
390.595600	0.073853
390.595700	0.077209
390.595800	0.083008
390.595900	0.083313
390.596000	0.083313
390.596100	0.085602
390.596200	0.087585
390.596300	0.092163
390.596400	0.094910
390.596500	0.094910
390.596600	0.096130
390.596700	0.097046
390.596800	0.100708
390.596900	0.110779
390.597000	0.115509
390.597100	0.135345
390.597200	0.150757
390.597300	0.177765
390.597400	0.211639
390.597500	0.247040
390.597600	0.299377
390.597700	0.340729
390.597800	0.408478
390.597900	0.472870
390.598000	0.533447
390.598100	0.565186
390.598200	0.558929
390.598300	0.539246
390.598400	0.507202
390.598500	0.463562
390.598600	0.419464
390.598700	0.384674
390.598800	0.336914
390.598900	0.295715
390.599000	0.254669
390.599100	0.205383
390.599200	0.161133
390.599300	0.109253
390.599400	0.064697
390.599500	0.027008
390.599600	-0.001221
390.599700	-0.024109
390.599800	-0.024414
390.599900	-0.004578
390.600000	0.033112
390.600100	0.099030
390.600200	0.178528
390.600300	0.267944
390.600400	0.342712
390.600500	0.422668
390.600600	0.470886
390.600700	0.488281
390.600800	0.489655
390.600900	0.475769
390.601000	0.449371
390.601100	0.415497
390.601200	0.364532
390.601300	0.296936
390.601400	0.205231
390.601500	0.072784
390.601600	-0.085907
390.601700	-0.266571
390.601800	-0.437622
390.601900	-0.605316
390.602000	-0.743103
390.602100	-0.857086
390.602200	-0.940094
390.602300	-0.996094
390.602400	-1.021271
390.602500	-1.026306
390.602600	-1.005096
390.602700	-0.972595
390.602800	-0.925446
390.602900	-0.841522
390.603000	-0.740051
390.603100	-0.623016
390.603200	-0.492249
390.603300	-0.359344
390.603400	-0.224457
390.603500	-0.121613
390.603600	-0.017090
390.603700	0.078888
390.603800	0.172729
390.603900	0.277405
390.604000	0.386200
390.604100	0.497894
390.604200	0.633240
390.604300	0.766449
390.604400	0.887909
390.604500	0.969238
390.604600	0.999298
390.604700	0.984192
390.604800	0.939636
