91.492100	-0.006104
91.492200	-0.006104
91.492300	-0.010223
91.492400	-0.015106
91.492500	-0.016022
91.492600	-0.012054
91.492700	-0.016785
91.492800	-0.021820
91.492900	-0.018921
91.493000	-0.020294
91.493100	-0.020447
91.493200	-0.018921
91.493300	-0.014343
91.493400	-0.008545
91.493500	-0.001831
91.493600	0.023193
91.493700	0.048218
91.493800	0.086823
91.493900	0.134583
91.494000	0.192871
91.494100	0.256805
91.494200	0.359039
91.494300	0.470581
91.494400	0.596619
91.494500	0.725861
91.494600	0.842133
91.494700	0.941010
91.494800	1.025238
91.494900	1.076660
91.495000	1.103668
91.495100	1.116028
91.495200	1.106262
91.495300	1.084290
91.495400	1.029358
91.495500	0.954895
91.495600	0.841675
91.495700	0.685577
91.495800	0.507355
91.495900	0.309143
91.496000	0.112915
91.496100	-0.087280
91.496200	-0.293732
91.496300	-0.493164
91.496400	-0.700226
91.496500	-0.891876
91.496600	-1.060333
91.496700	-1.163483
91.496800	-1.318359
91.496900	-1.388550
91.497000	-1.420441
91.497100	-1.426697
91.497200	-1.404114
91.497300	-1.368408
91.497400	-1.312714
91.497500	-1.245270
91.497600	-1.207581
91.497700	-1.051331
91.497800	-0.915985
91.497900	-0.754852
91.498000	-0.592041
91.498100	-0.455170
91.498200	-0.323181
91.498300	-0.220795
91.498400	-0.134277
91.498500	-0.051422
91.498600	-0.001678
91.498700	0.039368
91.498800	0.066986
91.498900	0.073547
91.499000	0.088043
91.499100	0.088654
91.499200	0.094604
91.499300	0.094147
91.499400	0.090637
91.499500	0.085907
91.499600	0.084076
91.499700	0.083923
91.499800	0.073547
91.499900	0.061493
91.500000	0.052490
91.500100	0.056610
91.500200	0.048370
91.500300	0.041809
91.500400	0.030670
91.500500	0.025787
91.500600	0.019073
91.500700	0.015259
91.500800	0.013428
91.500900	0.009155
91.501000	0.009308
91.501100	0.011444
91.501200	0.005341
91.501300	0.007019
91.501400	0.011292
91.501500	0.010071
91.501600	0.011292
91.501700	0.007629
91.501800	0.010834
91.501900	0.010376
91.502000	0.012207
91.502100	0.016174
91.502200	0.019989
91.502300	0.018463
91.502400	0.026703
91.502500	0.028381
91.502600	0.025177
91.502700	0.036621
91.502800	0.036926
91.502900	0.035095
91.503000	0.036011
91.503100	0.034332
91.503200	0.035095
91.503300	0.029602
91.503400	0.033875
91.503500	0.030670
91.503600	0.031281
91.503700	0.037842
91.503800	0.035248
91.503900	0.030670
91.504000	0.041656
91.504100	0.045624
91.504200	0.053101
91.504300	0.071259
91.504400	0.095215
91.504500	0.125885
91.504600	0.162659
91.504700	0.203857
91.504800	0.250854
91.504900	0.317993
91.505000	0.390625
91.505100	0.464478
91.505200	0.540161
91.505300	0.586395
91.505400	0.608521
91.505500	0.611267
91.505600	0.586853
91.505700	0.561676
91.505800	0.533905
91.505900	0.502014
91.506000	0.464935
91.506100	0.418701
91.506200	0.381470
91.506300	0.325775
91.506400	0.263672
91.506500	0.190735
91.506600	0.114136
91.506700	0.031891
91.506800	-0.065002
91.506900	-0.153809
91.507000	-0.239868
91.507100	-0.319672
91.507200	-0.385742
91.507300	-0.444489
91.507400	-0.497131
91.507500	-0.528564
91.507600	-0.561829
91.507700	-0.590820
91.507800	-0.608063
91.507900	-0.625763
91.508000	-0.642548
91.508100	-0.647583
91.508200	-0.656128
91.508300	-0.651703
91.508400	-0.623779
91.508500	-0.565033
91.508600	-0.492401
91.508700	-0.408936
91.508800	-0.330963
91.508900	-0.257416
91.509000	-0.188141
91.509100	-0.136719
91.509200	-0.092926
91.509300	-0.049744
91.509400	-0.020142
91.509500	0.009155
91.509600	0.027466
91.509700	0.036011
91.509800	0.040283
91.509900	0.044861
91.510000	0.050201
91.510100	0.048981
91.510200	0.045929
91.510300	0.048065
91.510400	0.048370
91.510500	0.049438
91.510600	0.045776
91.510700	0.044403
91.510800	0.046234
91.510900	0.047913
91.511000	0.042572
91.511100	0.031128
91.511200	0.036163
91.511300	0.037384
91.511400	0.035706
91.511500	0.040131
91.511600	0.034332
91.511700	0.032349
91.511800	0.030212
91.511900	0.029144
91.512000	0.025787
91.512100	0.025482
91.512200	0.027161
91.512300	0.024567
91.512400	0.027466
91.512500	0.028992
91.512600	0.024567
91.512700	0.024109
91.512800	0.026703
91.512900	0.029755
91.513000	0.028381
91.513100	0.020447
91.513200	0.025330
91.513300	0.028534
91.513400	0.027161
91.513500	0.025330
91.513600	0.026855
91.513700	0.024567
91.513800	0.021057
91.513900	0.023193
91.514000	0.019989
91.514100	0.022125
91.514200	0.024719
91.514300	0.029297
91.514400	0.028381
91.514500	0.023651
91.514600	0.028229
91.514700	0.022583
91.514800	0.024414
91.514900	0.025024
91.515000	0.025940
91.515100	0.025482
91.515200	0.025024
91.515300	0.025330
91.515400	0.025024
91.515500	0.027161
91.515600	0.030060
91.515700	0.033875
91.515800	0.032349
91.515900	0.028076
91.516000	0.025940
91.516100	0.022125
91.516200	0.020142
91.516300	0.018158
91.516400	0.016785
91.516500	0.019836
91.516600	0.020905
91.516700	0.019684
91.516800	0.026398
91.516900	0.017395
91.517000	0.015869
91.517100	0.014648
91.517200	0.009918
91.517300	0.014191
91.517400	0.015259
91.517500	0.017395
91.517600	0.015411
91.517700	0.014191
91.517800	0.018005
91.517900	0.015869
91.518000	0.015564
91.518100	0.013428
91.518200	0.009003
91.518300	0.013733
91.518400	0.012665
91.518500	0.008698
91.518600	0.007477
91.518700	0.015259
91.518800	0.010223
91.518900	0.004578
91.519000	0.010529
91.519100	0.009766
91.519200	0.003967
91.519300	0.006561
91.519400	-0.002441
91.519500	0.006104
91.519600	0.006409
91.519700	0.002441
91.519800	-0.002136
91.519900	-0.004120
91.520000	-0.001678
91.520100	0.005646
91.520200	0.001831
91.520300	0.008850
91.520400	0.024414
91.520500	0.039368
91.520600	0.067291
91.520700	0.110626
91.520800	0.149994
91.520900	0.198669
91.521000	0.247192
91.521100	0.309143
91.521200	0.358734
91.521300	0.414429
91.521400	0.446930
91.521500	0.476685
91.521600	0.492859
91.521700	0.492554
91.521800	0.489807
91.521900	0.477905
91.522000	0.449677
91.522100	0.406036
91.522200	0.360413
91.522300	0.308838
91.522400	0.231628
91.522500	0.152435
91.522600	0.061188
91.522700	-0.034180
91.522800	-0.131073
91.522900	-0.220184
91.523000	-0.305634
91.523100	-0.385895
91.523200	-0.448456
91.523300	-0.502625
91.523400	-0.536957
91.523500	-0.561523
91.523600	-0.563354
91.523700	-0.570068
91.523800	-0.562286
91.523900	-0.546112
91.524000	-0.534973
91.524100	-0.501862
91.524200	-0.456085
91.524300	-0.411530
91.524400	-0.356293
91.524500	-0.295563
91.524600	-0.238495
91.524700	-0.187378
91.524800	-0.143738
91.524900	-0.105438
91.525000	-0.071411
91.525100	-0.043793
91.525200	-0.032043
91.525300	-0.021057
91.525400	-0.011749
91.525500	-0.007172
91.525600	-0.002441
91.525700	-0.003510
91.525800	0.004730
91.525900	-0.002441
91.526000	0.004425
91.526100	0.002441
91.526200	0.003357
91.526300	-0.005188
91.526400	0.000610
91.526500	-0.006104
91.526600	-0.011444
91.526700	-0.009460
91.526800	-0.006561
91.526900	-0.004272
91.527000	-0.006104
91.527100	-0.001068
91.527200	0.001678
91.527300	0.001068
91.527400	0.002441
91.527500	0.008698
91.527600	0.002899
91.527700	0.001373
91.527800	0.005951
91.527900	0.006561
91.528000	0.016632
91.528100	0.018158
91.528200	0.030212
91.528300	0.045013
91.528400	0.064240
91.528500	0.080109
91.528600	0.099335
91.528700	0.126953
91.528800	0.146637
91.528900	0.166931
91.529000	0.197754
91.529100	0.218811
91.529200	0.231171
91.529300	0.244446
91.529400	0.247498
91.529500	0.240784
91.529600	0.228577
91.529700	0.216370
91.529800	0.201111
91.529900	0.180206
91.530000	0.158081
91.530100	0.147858
91.530200	0.123444
91.530300	0.097504
91.530400	0.066681
91.530500	0.048370
91.530600	0.017090
91.530700	-0.015411
91.530800	-0.037994
91.530900	-0.061493
91.531000	-0.087738
91.531100	-0.121155
91.531200	-0.139923
91.531300	-0.166779
91.531400	-0.195923
91.531500	-0.214996
91.531600	-0.234375
91.531700	-0.255737
91.531800	-0.260773
91.531900	-0.272522
91.532000	-0.282288
91.532100	-0.286255
91.532200	-0.291748
91.532300	-0.290527
91.532400	-0.287476
91.532500	-0.275116
91.532600	-0.257721
91.532700	-0.235443
91.532800	-0.209961
91.532900	-0.180664
91.533000	-0.148315
91.533100	-0.115204
91.533200	-0.092621
91.533300	-0.069427
91.533400	-0.044861
91.533500	-0.027924
91.533600	-0.017242
91.533700	-0.007477
91.533800	-0.000305
91.533900	0.018158
91.534000	0.019379
91.534100	0.023041
91.534200	0.026398
91.534300	0.029144
91.534400	0.030365
91.534500	0.030670
91.534600	0.031586
91.534700	0.037384
91.534800	0.036469
91.534900	0.035553
91.535000	0.037842
91.535100	0.034790
91.535200	0.039215
91.535300	0.038452
91.535400	0.036011
91.535500	0.031281
91.535600	0.033569
91.535700	0.031128
91.535800	0.030975
91.535900	0.035553
91.536000	0.037231
91.536100	0.039673
91.536200	0.046997
91.536300	0.048218
91.536400	0.060425
91.536500	0.079956
91.536600	0.098267
91.536700	0.110931
91.536800	0.132904
91.536900	0.144653
91.537000	0.145721
91.537100	0.137482
91.537200	0.133362
91.537300	0.133514
91.537400	0.132904
91.537500	0.118713
91.537600	0.110626
91.537700	0.091858
91.537800	0.080719
91.537900	0.059357
91.538000	0.047302
91.538100	0.027924
91.538200	0.007629
91.538300	-0.014343
91.538400	-0.034790
91.538500	-0.059357
91.538600	-0.072937
91.538700	-0.090179
91.538800	-0.108032
91.538900	-0.118713
91.539000	-0.131836
91.539100	-0.140991
91.539200	-0.140839
91.539300	-0.134277
91.539400	-0.135498
91.539500	-0.127869
91.539600	-0.124817
91.539700	-0.114746
91.539800	-0.112762
91.539900	-0.102234
91.540000	-0.096130
91.540100	-0.094147
91.540200	-0.083771
91.540300	-0.068817
91.540400	-0.055237
91.540500	-0.040741
91.540600	-0.033875
91.540700	-0.022583
91.540800	-0.011597
91.540900	-0.004883
91.541000	0.007782
91.541100	0.013275
91.541200	0.021820
91.541300	0.024261
91.541400	0.028687
91.541500	0.029602
91.541600	0.037994
91.541700	0.042419
91.541800	0.049286
91.541900	0.055542
91.542000	0.063782
91.542100	0.071259
91.542200	0.068512
91.542300	0.068207
91.542400	0.066833
91.542500	0.061035
91.542600	0.067291
91.542700	0.059814
91.542800	0.050049
91.542900	0.047302
91.543000	0.042572
91.543100	0.035248
91.543200	0.023651
91.543300	0.019226
91.543400	0.015869
91.543500	0.007019
91.543600	-0.002899
91.543700	-0.012665
91.543800	-0.020752
91.543900	-0.036621
91.544000	-0.040894
91.544100	-0.049896
91.544200	-0.054474
91.544300	-0.052948
91.544400	-0.058594
91.544500	-0.067749
91.544600	-0.066528
91.544700	-0.065308
91.544800	-0.061951
91.544900	-0.050964
91.545000	-0.041962
91.545100	-0.035095
91.545200	-0.031433
91.545300	-0.022278
91.545400	-0.017395
91.545500	-0.013123
91.545600	-0.005798
