152.010500	0.061035
152.010600	0.058594
152.010700	0.060577
152.010800	0.063782
152.010900	0.064087
152.011000	0.058136
152.011100	0.053406
152.011200	0.053864
152.011300	0.052032
152.011400	0.061035
152.011500	0.066833
152.011600	0.066833
152.011700	0.062103
152.011800	0.066376
152.011900	0.060883
152.012000	0.067291
152.012100	0.064392
152.012200	0.071106
152.012300	0.084381
152.012400	0.084381
152.012500	0.086975
152.012600	0.090027
152.012700	0.097504
152.012800	0.098419
152.012900	0.106049
152.013000	0.098724
152.013100	0.098877
152.013200	0.099030
152.013300	0.095978
152.013400	0.096130
152.013500	0.088043
152.013600	0.077820
152.013700	0.059509
152.013800	0.047913
152.013900	0.030975
152.014000	0.016632
152.014100	0.010834
152.014200	0.009003
152.014300	0.008698
152.014400	0.000916
152.014500	0.003052
152.014600	0.015564
152.014700	0.021210
152.014800	0.028381
152.014900	0.034485
152.015000	0.033264
152.015100	0.039978
152.015200	0.041046
152.015300	0.041809
152.015400	0.041351
152.015500	0.044861
152.015600	0.048981
152.015700	0.056915
152.015800	0.057526
152.015900	0.065918
152.016000	0.064850
152.016100	0.075684
152.016200	0.069122
152.016300	0.072632
152.016400	0.075684
152.016500	0.071564
152.016600	0.073853
152.016700	0.077972
152.016800	0.079041
152.016900	0.085449
152.017000	0.088501
152.017100	0.082703
152.017200	0.080872
152.017300	0.083618
152.017400	0.083466
152.017500	0.083008
152.017600	0.089722
152.017700	0.083313
152.017800	0.085754
152.017900	0.085449
152.018000	0.085602
152.018100	0.086975
152.018200	0.074463
152.018300	0.078583
152.018400	0.077820
152.018500	0.071716
152.018600	0.073547
152.018700	0.068207
152.018800	0.063019
152.018900	0.056915
152.019000	0.058746
152.019100	0.052490
152.019200	0.053864
152.019300	0.054932
152.019400	0.056610
152.019500	0.052643
152.019600	0.062714
152.019700	0.075684
152.019800	0.109558
152.019900	0.159760
152.020000	0.245361
152.020100	0.363770
152.020200	0.504761
152.020300	0.666504
152.020400	0.821075
152.020500	0.967560
152.020600	1.095734
152.020700	1.209106
152.020800	1.246185
152.020900	1.166229
152.021000	0.976715
152.021100	0.688629
152.021200	0.339966
152.021300	-0.016937
152.021400	-0.380096
152.021500	-0.686493
152.021600	-0.910034
152.021700	-1.067963
152.021800	-1.155701
152.021900	-1.182556
152.022000	-1.186066
152.022100	-1.102753
152.022200	-0.990601
152.022300	-0.856171
152.022400	-0.713348
152.022500	-0.548096
152.022600	-0.374146
152.022700	-0.220795
152.022800	-0.101776
152.022900	-0.006714
152.023000	0.043488
152.023100	0.074615
152.023200	0.094604
152.023300	0.104980
152.023400	0.101929
152.023500	0.108032
152.023600	0.108032
152.023700	0.102844
152.023800	0.102692
152.023900	0.105743
152.024000	0.106506
152.024100	0.101166
152.024200	0.098267
152.024300	0.099640
152.024400	0.091858
152.024500	0.083923
152.024600	0.076904
152.024700	0.082245
152.024800	0.081024
152.024900	0.077972
152.025000	0.074921
152.025100	0.076599
152.025200	0.079498
152.025300	0.083313
152.025400	0.079498
152.025500	0.088043
152.025600	0.086975
152.025700	0.090485
152.025800	0.088043
152.025900	0.083771
152.026000	0.079346
152.026100	0.079651
152.026200	0.080109
152.026300	0.075989
152.026400	0.070801
152.026500	0.083923
152.026600	0.085144
152.026700	0.092010
152.026800	0.092773
152.026900	0.099335
152.027000	0.117798
152.027100	0.120697
152.027200	0.124817
152.027300	0.131378
152.027400	0.134277
152.027500	0.134277
152.027600	0.139313
152.027700	0.137482
152.027800	0.129700
152.027900	0.118561
152.028000	0.102234
152.028100	0.080872
152.028200	0.061340
152.028300	0.039673
152.028400	0.035553
152.028500	0.027466
152.028600	0.027008
152.028700	0.027008
152.028800	0.034485
152.028900	0.032501
152.029000	0.033722
152.029100	0.047760
152.029200	0.080261
152.029300	0.131683
152.029400	0.210266
152.029500	0.316315
152.029600	0.450439
152.029700	0.598907
152.029800	0.723572
152.029900	0.768127
152.030000	0.738831
152.030100	0.691223
152.030200	0.614166
152.030300	0.530701
152.030400	0.424652
152.030500	0.297699
152.030600	0.148468
152.030700	-0.013123
152.030800	-0.154877
152.030900	-0.288696
152.031000	-0.398865
152.031100	-0.476990
152.031200	-0.537872
152.031300	-0.579987
152.031400	-0.614471
152.031500	-0.619507
152.031600	-0.559540
152.031700	-0.445404
152.031800	-0.284424
152.031900	-0.149841
152.032000	-0.048676
152.032100	0.031128
152.032200	0.072937
152.032300	0.079041
152.032400	0.079041
152.032500	0.066071
152.032600	0.047150
152.032700	0.027161
152.032800	0.015411
152.032900	0.005188
152.033000	0.003204
152.033100	-0.002441
152.033200	0.007477
152.033300	0.011139
152.033400	0.020447
152.033500	0.034485
152.033600	0.046844
152.033700	0.053711
152.033800	0.063019
152.033900	0.063171
152.034000	0.070343
152.034100	0.069580
152.034200	0.071869
152.034300	0.073547
152.034400	0.074463
152.034500	0.073700
152.034600	0.076294
152.034700	0.073242
152.034800	0.075836
152.034900	0.083923
152.035000	0.085297
152.035100	0.079651
152.035200	0.082245
152.035300	0.086212
152.035400	0.095825
152.035500	0.104675
152.035600	0.098877
152.035700	0.099182
152.035800	0.101929
152.035900	0.092163
152.036000	0.090637
152.036100	0.088959
152.036200	0.086670
152.036300	0.082550
152.036400	0.077209
152.036500	0.070038
152.036600	0.060730
152.036700	0.048065
152.036800	0.044861
152.036900	0.047760
152.037000	0.050507
152.037100	0.055389
152.037200	0.053406
152.037300	0.055237
152.037400	0.059662
152.037500	0.059662
152.037600	0.060425
152.037700	0.064545
152.037800	0.058746
152.037900	0.062103
152.038000	0.066071
152.038100	0.061340
152.038200	0.066528
152.038300	0.060425
152.038400	0.068207
152.038500	0.064240
152.038600	0.064240
152.038700	0.069122
152.038800	0.062256
152.038900	0.073547
152.039000	0.073395
152.039100	0.076599
152.039200	0.076752
152.039300	0.074463
152.039400	0.069580
152.039500	0.075378
152.039600	0.076599
152.039700	0.075836
152.039800	0.071716
152.039900	0.072021
152.040000	0.077057
152.040100	0.071564
152.040200	0.073700
152.040300	0.073853
152.040400	0.076447
152.040500	0.078430
152.040600	0.084229
152.040700	0.080414
152.040800	0.078278
152.040900	0.080414
152.041000	0.089569
152.041100	0.102692
152.041200	0.121765
152.041300	0.140686
152.041400	0.153656
152.041500	0.162354
152.041600	0.166016
152.041700	0.152893
152.041800	0.134735
152.041900	0.105743
152.042000	0.068970
152.042100	0.035400
152.042200	-0.002136
152.042300	-0.030670
152.042400	-0.055237
152.042500	-0.065002
152.042600	-0.072327
152.042700	-0.068207
152.042800	-0.064240
152.042900	-0.044403
152.043000	-0.028534
152.043100	-0.002594
152.043200	0.016327
152.043300	0.032196
152.043400	0.043945
152.043500	0.044708
152.043600	0.044098
152.043700	0.040436
152.043800	0.034180
152.043900	0.034332
152.044000	0.029297
152.044100	0.029907
152.044200	0.032196
152.044300	0.035706
152.044400	0.041504
152.044500	0.046082
152.044600	0.057983
152.044700	0.056458
152.044800	0.062866
152.044900	0.066681
152.045000	0.066681
152.045100	0.061035
152.045200	0.059814
152.045300	0.069122
152.045400	0.067444
152.045500	0.068359
152.045600	0.061340
152.045700	0.060730
152.045800	0.063934
152.045900	0.055237
152.046000	0.058594
152.046100	0.058289
152.046200	0.062408
152.046300	0.066376
152.046400	0.082397
152.046500	0.085907
152.046600	0.099945
152.046700	0.110016
152.046800	0.113678
152.046900	0.113525
152.047000	0.117950
152.047100	0.117187
152.047200	0.130310
152.047300	0.132141
152.047400	0.124207
152.047500	0.111389
152.047600	0.091553
152.047700	0.067444
152.047800	0.038147
152.047900	0.010376
152.048000	-0.007782
152.048100	-0.019226
152.048200	-0.017548
152.048300	-0.008240
152.048400	0.000916
152.048500	0.005341
152.048600	0.001678
152.048700	0.009308
152.048800	0.025177
152.048900	0.039520
152.049000	0.054932
152.049100	0.070190
152.049200	0.075073
152.049300	0.080719
152.049400	0.082245
152.049500	0.068665
152.049600	0.065460
152.049700	0.072327
152.049800	0.065918
152.049900	0.066681
152.050000	0.061798
152.050100	0.057831
152.050200	0.058289
152.050300	0.060730
152.050400	0.061951
152.050500	0.063782
152.050600	0.059357
152.050700	0.055084
152.050800	0.059204
152.050900	0.057983
152.051000	0.059052
152.051100	0.050354
152.051200	0.057983
152.051300	0.057068
152.051400	0.065918
152.051500	0.064545
152.051600	0.064240
152.051700	0.065918
152.051800	0.067596
152.051900	0.072021
152.052000	0.087891
152.052100	0.137024
152.052200	0.215149
152.052300	0.329590
152.052400	0.490112
152.052500	0.698395
152.052600	0.973511
152.052700	1.269379
152.052800	1.471252
152.052900	1.544800
152.053000	1.537781
152.053100	1.508026
152.053200	1.469727
152.053300	1.399231
152.053400	1.219482
152.053500	0.901489
152.053600	0.507202
152.053700	0.105286
152.053800	-0.297394
152.053900	-0.684509
152.054000	-1.042328
152.054100	-1.376953
152.054200	-1.559448
152.054300	-1.612701
152.054400	-1.581573
152.054500	-1.511688
152.054600	-1.446075
152.054700	-1.359558
152.054800	-1.230621
152.054900	-1.006775
152.055000	-0.736389
152.055100	-0.486145
152.055200	-0.272675
152.055300	-0.117950
152.055400	-0.013123
152.055500	0.048065
152.055600	0.072174
152.055700	0.074921
152.055800	0.081024
152.055900	0.087433
152.056000	0.094757
152.056100	0.093689
152.056200	0.093079
152.056300	0.085602
152.056400	0.086975
152.056500	0.089569
152.056600	0.089569
152.056700	0.092316
152.056800	0.095367
152.056900	0.090942
152.057000	0.092621
152.057100	0.086060
152.057200	0.090027
152.057300	0.095215
152.057400	0.093689
152.057500	0.097656
152.057600	0.093384
152.057700	0.094452
152.057800	0.102539
152.057900	0.103455
152.058000	0.094910
152.058100	0.100861
152.058200	0.096436
152.058300	0.101624
152.058400	0.106201
152.058500	0.105133
152.058600	0.101471
152.058700	0.092010
152.058800	0.092773
152.058900	0.087585
152.059000	0.075836
152.059100	0.064545
152.059200	0.057220
152.059300	0.057220
152.059400	0.045013
152.059500	0.043030
152.059600	0.047607
152.059700	0.047150
152.059800	0.047455
152.059900	0.044556
152.060000	0.053406
152.060100	0.062408
152.060200	0.067444
152.060300	0.070038
152.060400	0.074005
152.060500	0.078735
152.060600	0.082550
152.060700	0.082397
152.060800	0.085754
152.060900	0.082550
152.061000	0.084534
152.061100	0.077515
152.061200	0.077362
152.061300	0.076447
152.061400	0.081635
152.061500	0.081024
152.061600	0.070801
152.061700	0.064697
152.061800	0.060730
152.061900	0.063171
152.062000	0.057983
152.062100	0.063782
152.062200	0.062103
152.062300	0.061951
152.062400	0.064392
152.062500	0.057373
152.062600	0.063477
152.062700	0.063629
152.062800	0.074310
152.062900	0.072479
152.063000	0.065002
152.063100	0.073700
152.063200	0.075073
152.063300	0.075684
152.063400	0.074158
152.063500	0.082245
152.063600	0.093384
152.063700	0.091858
152.063800	0.086212
152.063900	0.095673
152.064000	0.093689
