240.330500	1.379852
240.330600	1.429596
240.330700	1.369629
240.330800	1.009216
240.330900	0.418549
240.331000	-0.209961
240.331100	-0.803070
240.331200	-1.175537
240.331300	-1.466675
240.331400	-1.421814
240.331500	-1.347351
240.331600	-1.203003
240.331700	-0.824738
240.331800	-0.437012
240.331900	-0.153503
240.332000	-0.000610
240.332100	0.057068
240.332200	0.076599
240.332300	0.084991
240.332400	0.081177
240.332500	0.083160
240.332600	0.086060
240.332700	0.081940
240.332800	0.088196
240.332900	0.086517
240.333000	0.090485
240.333100	0.090179
240.333200	0.092468
240.333300	0.088501
240.333400	0.088348
240.333500	0.093842
240.333600	0.096893
240.333700	0.096130
240.333800	0.090790
240.333900	0.095673
240.334000	0.092926
240.334100	0.094299
240.334200	0.090942
240.334300	0.098419
240.334400	0.100403
240.334500	0.115967
240.334600	0.127563
240.334700	0.158539
240.334800	0.189972
240.334900	0.207214
240.335000	0.249939
240.335100	0.346832
240.335200	0.498657
240.335300	0.634460
240.335400	0.680695
240.335500	0.619812
240.335600	0.458069
240.335700	0.232239
240.335800	-0.023193
240.335900	-0.275879
240.336000	-0.480194
240.336100	-0.581360
240.336200	-0.595703
240.336300	-0.508118
240.336400	-0.337372
240.336500	-0.169373
240.336600	-0.047455
240.336700	0.016785
240.336800	0.043488
240.336900	0.062256
240.337000	0.069122
240.337100	0.071564
240.337200	0.070343
240.337300	0.071259
240.337400	0.074005
240.337500	0.071259
240.337600	0.070190
240.337700	0.072174
240.337800	0.079651
240.337900	0.080719
240.338000	0.086212
240.338100	0.082397
240.338200	0.074921
240.338300	0.074158
240.338400	0.076599
240.338500	0.079651
240.338600	0.068665
240.338700	0.074158
240.338800	0.079498
240.338900	0.077057
240.339000	0.081177
240.339100	0.079956
240.339200	0.083923
240.339300	0.090485
240.339400	0.088196
240.339500	0.088806
240.339600	0.091705
240.339700	0.086823
240.339800	0.081482
240.339900	0.088196
240.340000	0.094147
240.340100	0.096436
240.340200	0.102386
240.340300	0.092316
240.340400	0.081482
240.340500	0.066223
240.340600	0.050812
240.340700	0.034485
240.340800	0.033722
240.340900	0.026550
240.341000	0.030823
240.341100	0.034485
240.341200	0.046234
240.341300	0.058899
240.341400	0.066376
240.341500	0.069885
240.341600	0.065613
240.341700	0.063171
240.341800	0.061951
240.341900	0.061951
240.342000	0.062714
240.342100	0.063019
240.342200	0.063019
240.342300	0.059814
240.342400	0.065918
240.342500	0.063782
240.342600	0.068970
240.342700	0.069580
240.342800	0.073395
240.342900	0.070190
240.343000	0.073395
240.343100	0.070343
240.343200	0.068054
240.343300	0.073395
240.343400	0.074310
240.343500	0.071411
240.343600	0.071564
240.343700	0.065918
240.343800	0.066681
240.343900	0.067444
240.344000	0.068665
240.344100	0.071411
240.344200	0.065460
240.344300	0.064392
240.344400	0.062103
240.344500	0.064392
240.344600	0.069580
240.344700	0.063171
240.344800	0.063629
240.344900	0.068207
240.345000	0.067291
240.345100	0.064087
240.345200	0.066071
240.345300	0.076447
240.345400	0.080566
240.345500	0.086060
240.345600	0.094757
240.345700	0.106506
240.345800	0.098267
240.345900	0.104370
240.346000	0.106964
240.346100	0.101013
240.346200	0.089722
240.346300	0.078278
240.346400	0.067902
240.346500	0.050354
240.346600	0.035400
240.346700	0.028992
240.346800	0.034485
240.346900	0.027313
240.347000	0.021362
240.347100	0.025787
240.347200	0.028229
240.347300	0.035248
240.347400	0.043793
240.347500	0.054321
240.347600	0.079193
240.347700	0.158844
240.347800	0.323639
240.347900	0.585327
240.348000	0.810547
240.348100	0.851593
240.348200	0.815430
240.348300	0.761261
240.348400	0.617981
240.348500	0.286102
240.348600	-0.110931
240.348700	-0.373840
240.348800	-0.507507
240.348900	-0.554504
240.349000	-0.614471
240.349100	-0.669708
240.349200	-0.589447
240.349300	-0.454102
240.349400	-0.323334
240.349500	-0.218353
240.349600	-0.160675
240.349700	-0.121460
240.349800	-0.051270
240.349900	0.016479
240.350000	0.089874
240.350100	0.207825
240.350200	0.457764
240.350300	0.877686
240.350400	1.468048
240.350500	2.044373
240.350600	2.341614
240.350700	2.293854
240.350800	1.978149
240.350900	1.427307
240.351000	0.570679
240.351100	-0.415649
240.351200	-1.113586
240.351300	-1.611176
240.351400	-1.672363
240.351500	-1.265411
240.351600	-0.742035
240.351700	-0.218048
240.351800	0.391083
240.351900	1.016846
240.352000	1.362762
240.352100	1.367798
240.352200	0.910492
240.352300	0.459900
240.352400	0.409241
240.352500	0.220032
240.352600	-0.546417
240.352700	-1.248932
240.352800	-1.982727
240.352900	-2.154541
240.353000	-1.960449
240.353100	-1.743164
240.353200	-1.643066
240.353300	-1.457367
240.353400	-1.085663
240.353500	-0.477142
240.353600	-0.137787
240.353700	0.045013
240.353800	0.123749
240.353900	0.149231
240.354000	0.152740
240.354100	0.145264
240.354200	0.131226
240.354300	0.113678
240.354400	0.107117
240.354500	0.102234
240.354600	0.101929
240.354700	0.103760
240.354800	0.111237
240.354900	0.113983
240.355000	0.114136
240.355100	0.118103
240.355200	0.119324
240.355300	0.113831
240.355400	0.114441
240.355500	0.111084
240.355600	0.117340
240.355700	0.117187
240.355800	0.116272
240.355900	0.125580
240.356000	0.118561
240.356100	0.112915
240.356200	0.116272
240.356300	0.120544
240.356400	0.118866
240.356500	0.122528
240.356600	0.124817
240.356700	0.124969
240.356800	0.126495
240.356900	0.122833
240.357000	0.125580
240.357100	0.136261
240.357200	0.160217
240.357300	0.187073
240.357400	0.210419
240.357500	0.218964
240.357600	0.220032
240.357700	0.205688
240.357800	0.169220
240.357900	0.126953
240.358000	0.078125
240.358100	0.028076
240.358200	0.005646
240.358300	0.001221
240.358400	-0.005646
240.358500	0.002136
240.358600	0.026855
240.358700	0.054321
240.358800	0.087891
240.358900	0.148468
240.359000	0.245056
240.359100	0.384216
240.359200	0.522461
240.359300	0.606079
240.359400	0.594482
240.359500	0.510559
240.359600	0.354462
240.359700	0.152740
240.359800	-0.059357
240.359900	-0.249481
240.360000	-0.379028
240.360100	-0.442810
240.360200	-0.433960
240.360300	-0.348206
240.360400	-0.200653
240.360500	-0.061798
240.360600	0.023041
240.360700	0.064850
240.360800	0.086212
240.360900	0.095825
240.361000	0.097351
240.361100	0.097046
240.361200	0.096588
240.361300	0.091095
240.361400	0.088959
240.361500	0.086823
240.361600	0.086823
240.361700	0.087433
240.361800	0.089569
240.361900	0.097198
240.362000	0.112305
240.362100	0.185242
240.362200	0.334778
240.362300	0.599823
240.362400	0.895996
240.362500	1.138611
240.362600	1.243896
240.362700	1.194000
240.362800	0.956116
240.362900	0.525360
240.363000	-0.029297
240.363100	-0.548096
240.363200	-0.883179
240.363300	-1.079102
240.363400	-1.136322
240.363500	-1.080933
240.363600	-0.875244
240.363700	-0.569153
240.363800	-0.270844
240.363900	-0.076599
240.364000	0.026245
240.364100	0.070801
240.364200	0.100861
240.364300	0.116272
240.364400	0.121613
240.364500	0.109863
240.364600	0.090027
240.364700	0.066986
240.364800	0.049744
240.364900	0.032501
240.365000	0.031586
240.365100	0.025330
240.365200	0.032501
240.365300	0.053864
240.365400	0.063477
240.365500	0.074463
240.365600	0.087891
240.365700	0.086975
240.365800	0.091705
240.365900	0.093231
240.366000	0.097046
240.366100	0.095673
240.366200	0.090637
240.366300	0.090485
240.366400	0.086975
240.366500	0.085602
240.366600	0.086365
240.366700	0.081482
240.366800	0.084686
240.366900	0.088654
240.367000	0.089722
240.367100	0.088043
240.367200	0.085449
240.367300	0.092316
240.367400	0.089874
240.367500	0.090942
240.367600	0.084686
240.367700	0.088348
240.367800	0.090027
240.367900	0.085144
240.368000	0.079651
240.368100	0.077515
240.368200	0.075989
240.368300	0.077515
240.368400	0.082245
240.368500	0.080261
240.368600	0.076447
240.368700	0.074463
240.368800	0.071564
240.368900	0.068359
240.369000	0.074463
240.369100	0.081024
240.369200	0.083160
240.369300	0.082092
240.369400	0.083008
240.369500	0.085449
240.369600	0.084686
240.369700	0.080566
240.369800	0.086517
240.369900	0.092010
240.370000	0.082397
240.370100	0.084991
240.370200	0.084839
240.370300	0.081177
240.370400	0.075684
240.370500	0.075989
240.370600	0.083008
240.370700	0.082703
240.370800	0.088348
240.370900	0.079651
240.371000	0.086823
240.371100	0.084534
240.371200	0.080566
240.371300	0.083923
240.371400	0.090790
240.371500	0.080109
240.371600	0.087128
240.371700	0.080719
240.371800	0.085907
240.371900	0.078888
240.372000	0.084229
240.372100	0.081635
240.372200	0.078278
240.372300	0.078735
240.372400	0.076447
240.372500	0.074005
240.372600	0.073547
240.372700	0.071869
240.372800	0.071869
240.372900	0.063324
240.373000	0.069580
240.373100	0.057526
240.373200	0.054321
240.373300	0.057526
240.373400	0.055237
240.373500	0.059052
240.373600	0.054779
240.373700	0.064240
240.373800	0.073090
240.373900	0.075073
240.374000	0.086975
240.374100	0.098419
240.374200	0.129547
240.374300	0.163422
240.374400	0.169220
240.374500	0.180817
240.374600	0.177612
240.374700	0.155182
240.374800	0.109711
240.374900	0.045776
240.375000	-0.001221
240.375100	-0.023346
240.375200	-0.020142
240.375300	-0.028687
240.375400	-0.026245
240.375500	-0.003204
240.375600	0.027008
240.375700	0.049286
240.375800	0.062714
240.375900	0.060272
240.376000	0.065460
240.376100	0.063782
240.376200	0.059662
240.376300	0.056305
240.376400	0.063019
240.376500	0.065765
240.376600	0.064087
240.376700	0.069427
240.376800	0.074158
240.376900	0.075073
240.377000	0.077820
240.377100	0.085754
240.377200	0.097046
240.377300	0.103607
240.377400	0.107422
240.377500	0.113831
240.377600	0.107117
240.377700	0.110321
240.377800	0.102386
240.377900	0.077362
240.378000	0.065765
240.378100	0.049133
240.378200	0.033264
240.378300	0.022736
240.378400	0.012817
240.378500	0.021667
240.378600	0.019379
240.378700	0.022583
240.378800	0.029297
240.378900	0.040131
240.379000	0.048065
240.379100	0.055084
240.379200	0.068970
240.379300	0.073700
240.379400	0.089111
240.379500	0.119171
240.379600	0.148773
240.379700	0.173798
240.379800	0.172729
240.379900	0.159454
240.380000	0.130615
240.380100	0.079956
240.380200	0.027161
240.380300	-0.032043
240.380400	-0.066681
240.380500	-0.081940
240.380600	-0.076141
240.380700	-0.050507
240.380800	-0.006866
240.380900	0.019989
240.381000	0.031433
240.381100	0.043488
240.381200	0.050964
240.381300	0.048523
240.381400	0.056305
240.381500	0.062714
240.381600	0.066376
240.381700	0.066681
240.381800	0.070343
240.381900	0.065155
240.382000	0.069885
240.382100	0.080719
240.382200	0.102539
240.382300	0.130463
240.382400	0.149536
240.382500	0.147858
240.382600	0.138245
240.382700	0.110168
240.382800	0.065155
240.382900	0.012970
240.383000	-0.024872
240.383100	-0.041809
240.383200	-0.038605
240.383300	-0.021057
240.383400	0.000458
240.383500	0.031586
240.383600	0.063934
240.383700	0.083008
240.383800	0.097504
240.383900	0.097046
240.384000	0.098419
