154.160900	0.010986
154.161000	0.009766
154.161100	0.010376
154.161200	0.011902
154.161300	0.013580
154.161400	0.008087
154.161500	0.006256
154.161600	0.001831
154.161700	-0.001221
154.161800	-0.002289
154.161900	-0.007019
154.162000	-0.007172
154.162100	-0.012360
154.162200	-0.007324
154.162300	-0.009460
154.162400	-0.013580
154.162500	-0.014954
154.162600	-0.016479
154.162700	-0.014343
154.162800	-0.012207
154.162900	-0.014801
154.163000	-0.005493
154.163100	-0.005646
154.163200	0.024261
154.163300	0.057526
154.163400	0.119324
154.163500	0.187225
154.163600	0.299683
154.163700	0.411072
154.163800	0.500488
154.163900	0.525970
154.164000	0.499725
154.164100	0.443573
154.164200	0.390472
154.164300	0.314484
154.164400	0.236969
154.164500	0.137329
154.164600	0.029449
154.164700	-0.085602
154.164800	-0.189362
154.164900	-0.285797
154.165000	-0.358124
154.165100	-0.421906
154.165200	-0.476379
154.165300	-0.521088
154.165400	-0.556335
154.165500	-0.565948
154.165600	-0.526886
154.165700	-0.438690
154.165800	-0.329437
154.165900	-0.235291
154.166000	-0.157013
154.166100	-0.090790
154.166200	-0.046692
154.166300	-0.022736
154.166400	-0.011444
154.166500	-0.006866
154.166600	-0.004730
154.166700	-0.004120
154.166800	0.011292
154.166900	0.018921
154.167000	0.027924
154.167100	0.034637
154.167200	0.045624
154.167300	0.049133
154.167400	0.050659
154.167500	0.045776
154.167600	0.040588
154.167700	0.045929
154.167800	0.038300
154.167900	0.032043
154.168000	0.030060
154.168100	0.013123
154.168200	0.000000
154.168300	-0.019379
154.168400	-0.028992
154.168500	-0.040436
154.168600	-0.053101
154.168700	-0.055389
154.168800	-0.066376
154.168900	-0.069122
154.169000	-0.068207
154.169100	-0.062256
154.169200	-0.055237
154.169300	-0.057526
154.169400	-0.058441
154.169500	-0.056000
154.169600	-0.054932
154.169700	-0.048370
154.169800	-0.039062
154.169900	-0.030365
154.170000	-0.030212
154.170100	-0.018921
154.170200	-0.012054
154.170300	-0.014648
154.170400	-0.014038
154.170500	-0.012665
154.170600	-0.005646
154.170700	-0.009308
154.170800	-0.011292
154.170900	-0.006104
154.171000	-0.006104
154.171100	-0.008545
154.171200	-0.012054
154.171300	-0.013885
154.171400	-0.010986
154.171500	-0.010071
154.171600	-0.007019
154.171700	-0.007782
154.171800	-0.007172
154.171900	-0.011139
154.172000	-0.009613
154.172100	-0.009918
154.172200	-0.004272
154.172300	0.011292
154.172400	0.042419
154.172500	0.103912
154.172600	0.187073
154.172700	0.297852
154.172800	0.407104
154.172900	0.481110
154.173000	0.516205
154.173100	0.503998
154.173200	0.469360
154.173300	0.397949
154.173400	0.289764
154.173500	0.163269
154.173600	0.025330
154.173700	-0.123596
154.173800	-0.265808
154.173900	-0.383301
154.174000	-0.477142
154.174100	-0.550079
154.174200	-0.591125
154.174300	-0.606689
154.174400	-0.577850
154.174500	-0.519714
154.174600	-0.422363
154.174700	-0.308228
154.174800	-0.209808
154.174900	-0.141449
154.175000	-0.089111
154.175100	-0.058746
154.175200	-0.034790
154.175300	-0.020294
154.175400	-0.000916
154.175500	0.038147
154.175600	0.110168
154.175700	0.210876
154.175800	0.353394
154.175900	0.553131
154.176000	0.796509
154.176100	0.976868
154.176200	1.058350
154.176300	1.071777
154.176400	1.089478
154.176500	1.120605
154.176600	1.120605
154.176700	0.999298
154.176800	0.723572
154.176900	0.387878
154.177000	0.090027
154.177100	-0.160370
154.177200	-0.375061
154.177300	-0.480194
154.177400	-0.440826
154.177500	-0.327911
154.177600	-0.235138
154.177700	-0.202637
154.177800	-0.237885
154.177900	-0.306091
154.178000	-0.349121
154.178100	-0.381622
154.178200	-0.463409
154.178300	-0.602264
154.178400	-0.763550
154.178500	-0.926819
154.178600	-1.063080
154.178700	-1.147766
154.178800	-1.173401
154.178900	-1.152802
154.179000	-1.087036
154.179100	-0.957031
154.179200	-0.799103
154.179300	-0.616760
154.179400	-0.442200
154.179500	-0.281982
154.179600	-0.162201
154.179700	-0.083466
154.179800	-0.031586
154.179900	-0.001373
154.180000	0.008850
154.180100	0.018005
154.180200	0.021515
154.180300	0.021515
154.180400	0.019226
154.180500	0.020752
154.180600	0.018616
154.180700	0.014801
154.180800	0.015259
154.180900	0.011139
154.181000	0.012970
154.181100	0.007477
154.181200	0.003204
154.181300	0.007019
154.181400	0.001373
154.181500	0.006104
154.181600	0.003662
154.181700	-0.001526
154.181800	-0.005798
154.181900	-0.006409
154.182000	-0.004730
154.182100	-0.000763
154.182200	-0.005646
154.182300	0.000153
154.182400	-0.001221
154.182500	0.006561
154.182600	0.000458
154.182700	0.003357
154.182800	0.006866
154.182900	0.013275
154.183000	0.015717
154.183100	0.020294
154.183200	0.023804
154.183300	0.019836
154.183400	0.015869
154.183500	0.016022
154.183600	0.009766
154.183700	0.003815
154.183800	0.001984
154.183900	-0.004883
154.184000	-0.011902
154.184100	-0.024109
154.184200	-0.027924
154.184300	-0.025940
154.184400	-0.028229
154.184500	-0.027161
154.184600	-0.026703
154.184700	-0.026093
154.184800	-0.026703
154.184900	-0.024109
154.185000	-0.017548
154.185100	-0.005341
154.185200	-0.009003
154.185300	-0.006256
154.185400	-0.008850
154.185500	-0.007324
154.185600	-0.003357
154.185700	0.003204
154.185800	0.016479
154.185900	0.035095
154.186000	0.074768
154.186100	0.135193
154.186200	0.205231
154.186300	0.282135
154.186400	0.341187
154.186500	0.383911
154.186600	0.393524
154.186700	0.373993
154.186800	0.338745
154.186900	0.277100
154.187000	0.193481
154.187100	0.103607
154.187200	0.000000
154.187300	-0.112762
154.187400	-0.201874
154.187500	-0.291138
154.187600	-0.363159
154.187700	-0.417175
154.187800	-0.450897
154.187900	-0.464478
154.188000	-0.448914
154.188100	-0.408936
154.188200	-0.347900
154.188300	-0.272522
154.188400	-0.187531
154.188500	-0.119629
154.188600	-0.073853
154.188700	-0.035095
154.188800	-0.018311
154.188900	-0.007324
154.189000	-0.000153
154.189100	0.001526
154.189200	0.003052
154.189300	-0.003510
154.189400	-0.001678
154.189500	-0.006866
154.189600	-0.009460
154.189700	-0.009613
154.189800	-0.017548
154.189900	-0.019226
154.190000	-0.020294
154.190100	-0.021210
154.190200	-0.032349
154.190300	-0.027161
154.190400	-0.025024
154.190500	-0.025330
154.190600	-0.025330
154.190700	-0.026398
154.190800	-0.020752
154.190900	-0.023651
154.191000	-0.018463
154.191100	-0.020447
154.191200	-0.020599
154.191300	-0.018311
154.191400	-0.015106
154.191500	-0.013123
154.191600	-0.014954
154.191700	-0.007629
154.191800	-0.006714
154.191900	-0.003815
154.192000	0.000763
154.192100	0.000305
154.192200	0.001526
154.192300	-0.002747
154.192400	-0.012207
154.192500	-0.017548
154.192600	-0.022888
154.192700	-0.032959
154.192800	-0.039520
154.192900	-0.040894
154.193000	-0.041199
154.193100	-0.045471
154.193200	-0.046234
154.193300	-0.048981
154.193400	-0.044861
154.193500	-0.039825
154.193600	-0.028687
154.193700	-0.030060
154.193800	-0.026703
154.193900	-0.027924
154.194000	-0.028992
154.194100	-0.027161
154.194200	-0.029144
154.194300	-0.032806
154.194400	-0.029602
154.194500	-0.030975
154.194600	-0.033569
154.194700	-0.041656
154.194800	-0.037689
154.194900	-0.037079
154.195000	-0.036926
154.195100	-0.031891
154.195200	-0.030212
154.195300	-0.032043
154.195400	-0.023651
154.195500	-0.028992
154.195600	-0.025177
154.195700	-0.025787
154.195800	-0.030365
154.195900	-0.028992
154.196000	-0.027161
154.196100	-0.026093
154.196200	-0.025177
154.196300	-0.026245
154.196400	-0.034332
154.196500	-0.029755
154.196600	-0.030365
154.196700	-0.036316
154.196800	-0.037537
154.196900	-0.031281
154.197000	-0.036469
154.197100	-0.040131
154.197200	-0.046082
154.197300	-0.045013
154.197400	-0.041199
154.197500	-0.035248
154.197600	-0.037689
154.197700	-0.041199
154.197800	-0.041351
154.197900	-0.045929
154.198000	-0.034332
154.198100	-0.031891
154.198200	-0.026550
154.198300	-0.011597
154.198400	-0.007019
154.198500	-0.002441
154.198600	-0.005188
154.198700	-0.003204
154.198800	0.002594
154.198900	0.000305
154.199000	-0.006866
154.199100	-0.025330
154.199200	-0.039368
154.199300	-0.047150
154.199400	-0.057831
154.199500	-0.075226
154.199600	-0.081177
154.199700	-0.084381
154.199800	-0.088348
154.199900	-0.086365
154.200000	-0.079956
154.200100	-0.077820
154.200200	-0.069885
154.200300	-0.059967
154.200400	-0.040436
154.200500	-0.032959
154.200600	-0.021210
154.200700	-0.011292
154.200800	-0.004578
154.200900	0.005188
154.201000	0.014191
154.201100	0.021210
154.201200	0.013275
154.201300	0.011444
154.201400	0.009003
154.201500	0.001526
154.201600	-0.011597
154.201700	-0.030212
154.201800	-0.051880
154.201900	-0.069275
154.202000	-0.092010
154.202100	-0.106964
154.202200	-0.119781
154.202300	-0.123596
154.202400	-0.124817
154.202500	-0.111694
154.202600	-0.109711
154.202700	-0.103302
154.202800	-0.091705
154.202900	-0.084076
154.203000	-0.067444
154.203100	-0.056152
154.203200	-0.048828
154.203300	-0.039062
154.203400	-0.014038
154.203500	0.023651
154.203600	0.085144
154.203700	0.199432
154.203800	0.356445
154.203900	0.577393
154.204000	0.859833
154.204100	1.157684
154.204200	1.365051
154.204300	1.466064
154.204400	1.488495
154.204500	1.467743
154.204600	1.416626
154.204700	1.314392
154.204800	1.089020
154.204900	0.746765
154.205000	0.339355
154.205100	-0.046844
154.205200	-0.415039
154.205300	-0.766296
154.205400	-1.125488
154.205500	-1.500092
154.205600	-1.690063
154.205700	-1.731262
154.205800	-1.676788
154.205900	-1.584930
154.206000	-1.477356
154.206100	-1.326752
154.206200	-1.200409
154.206300	-0.889740
154.206400	-0.640717
154.206500	-0.428772
154.206600	-0.267639
154.206700	-0.146484
154.206800	-0.070801
154.206900	-0.030060
154.207000	-0.013123
154.207100	-0.006104
154.207200	-0.003662
154.207300	-0.004120
154.207400	-0.005951
154.207500	-0.002289
154.207600	-0.005951
154.207700	-0.004578
154.207800	-0.006866
154.207900	-0.005188
154.208000	-0.007629
154.208100	-0.011139
154.208200	-0.012360
154.208300	-0.003357
154.208400	-0.011292
154.208500	-0.014648
154.208600	-0.014496
154.208700	-0.019073
154.208800	-0.019073
154.208900	-0.020905
154.209000	-0.021973
154.209100	-0.021210
154.209200	-0.022125
154.209300	-0.018005
154.209400	-0.014191
154.209500	-0.004730
154.209600	-0.002441
154.209700	-0.001373
154.209800	0.006561
154.209900	0.014038
154.210000	0.007019
154.210100	-0.002289
154.210200	-0.004272
154.210300	-0.009308
154.210400	-0.020905
154.210500	-0.032196
154.210600	-0.033875
154.210700	-0.043945
154.210800	-0.045166
154.210900	-0.047302
154.211000	-0.058136
154.211100	-0.065155
154.211200	-0.061646
154.211300	-0.053711
154.211400	-0.052643
154.211500	-0.044403
154.211600	-0.041504
154.211700	-0.038757
154.211800	-0.032196
154.211900	-0.028076
154.212000	-0.025024
154.212100	-0.022125
154.212200	-0.023499
154.212300	-0.022278
154.212400	-0.023956
154.212500	-0.022278
154.212600	-0.024109
154.212700	-0.021667
154.212800	-0.016937
154.212900	-0.015411
154.213000	-0.019989
154.213100	-0.016632
154.213200	-0.016174
154.213300	-0.013580
154.213400	-0.015411
154.213500	-0.014038
154.213600	-0.013885
154.213700	-0.005188
154.213800	-0.004883
154.213900	-0.005035
154.214000	-0.005646
154.214100	-0.010681
154.214200	-0.014496
154.214300	-0.010681
154.214400	-0.016022
