196.093700	0.050049
196.093800	0.044861
196.093900	0.044708
196.094000	0.043335
196.094100	0.045319
196.094200	0.040741
196.094300	0.039673
196.094400	0.038910
196.094500	0.043030
196.094600	0.040131
196.094700	0.043945
196.094800	0.047150
196.094900	0.050049
196.095000	0.054169
196.095100	0.058289
196.095200	0.058594
196.095300	0.062866
196.095400	0.055847
196.095500	0.057983
196.095600	0.058594
196.095700	0.053558
196.095800	0.049591
196.095900	0.044708
196.096000	0.042725
196.096100	0.036926
196.096200	0.031738
196.096300	0.033875
196.096400	0.035858
196.096500	0.033569
196.096600	0.031281
196.096700	0.027618
196.096800	0.035400
196.096900	0.040283
196.097000	0.040436
196.097100	0.045013
196.097200	0.042267
196.097300	0.042114
196.097400	0.046387
196.097500	0.046234
196.097600	0.048828
196.097700	0.048523
196.097800	0.055847
196.097900	0.050049
196.098000	0.046539
196.098100	0.047913
196.098200	0.037231
196.098300	0.037231
196.098400	0.030365
196.098500	0.027161
196.098600	0.026550
196.098700	0.021973
196.098800	0.020905
196.098900	0.016327
196.099000	0.019989
196.099100	0.017395
196.099200	0.019379
196.099300	0.016785
196.099400	0.022888
196.099500	0.026245
196.099600	0.035095
196.099700	0.037689
196.099800	0.037537
196.099900	0.038452
196.100000	0.042419
196.100100	0.040588
196.100200	0.033875
196.100300	0.033112
196.100400	0.026398
196.100500	0.021667
196.100600	0.015869
196.100700	0.009918
196.100800	0.009155
196.100900	0.012360
196.101000	0.010681
196.101100	0.010071
196.101200	0.018768
196.101300	0.026855
196.101400	0.031738
196.101500	0.038452
196.101600	0.043488
196.101700	0.039978
196.101800	0.048981
196.101900	0.039520
196.102000	0.035858
196.102100	0.034637
196.102200	0.021820
196.102300	0.015717
196.102400	0.010223
196.102500	0.002136
196.102600	0.003204
196.102700	-0.004272
196.102800	-0.005341
196.102900	0.001526
196.103000	0.005188
196.103100	0.012970
196.103200	0.012970
196.103300	0.016022
196.103400	0.018768
196.103500	0.024872
196.103600	0.024872
196.103700	0.025177
196.103800	0.023346
196.103900	0.028381
196.104000	0.024872
196.104100	0.025940
196.104200	0.025024
196.104300	0.017242
196.104400	0.012054
196.104500	0.009613
196.104600	0.013733
196.104700	0.014191
196.104800	0.013123
196.104900	0.013733
196.105000	0.003815
196.105100	0.008087
196.105200	0.010681
196.105300	0.009460
196.105400	0.015411
196.105500	0.016174
196.105600	0.012817
196.105700	0.006104
196.105800	0.010529
196.105900	0.011292
196.106000	0.011139
196.106100	0.013733
196.106200	0.017090
196.106300	0.017853
196.106400	0.026245
196.106500	0.053253
196.106600	0.110474
196.106700	0.203400
196.106800	0.339508
196.106900	0.489655
196.107000	0.563202
196.107100	0.547180
196.107200	0.490417
196.107300	0.413818
196.107400	0.321960
196.107500	0.189056
196.107600	0.029602
196.107700	-0.126801
196.107800	-0.256805
196.107900	-0.355377
196.108000	-0.428772
196.108100	-0.480652
196.108200	-0.530701
196.108300	-0.536957
196.108400	-0.447235
196.108500	-0.305023
196.108600	-0.173035
196.108700	-0.079041
196.108800	-0.019836
196.108900	0.001221
196.109000	0.002289
196.109100	0.003815
196.109200	-0.002594
196.109300	-0.004578
196.109400	0.001831
196.109500	0.003967
196.109600	0.009766
196.109700	0.012817
196.109800	0.012970
196.109900	0.024719
196.110000	0.028534
196.110100	0.032654
196.110200	0.035858
196.110300	0.031738
196.110400	0.032501
196.110500	0.033569
196.110600	0.037079
196.110700	0.039062
196.110800	0.033875
196.110900	0.032196
196.111000	0.034332
196.111100	0.032959
196.111200	0.037384
196.111300	0.037994
196.111400	0.044861
196.111500	0.042572
196.111600	0.044556
196.111700	0.050812
196.111800	0.049896
196.111900	0.046997
196.112000	0.048523
196.112100	0.041809
196.112200	0.041199
196.112300	0.031433
196.112400	0.022430
196.112500	0.017700
196.112600	0.011597
196.112700	0.013428
196.112800	0.007019
196.112900	-0.000610
196.113000	0.003510
196.113100	0.006256
196.113200	0.012360
196.113300	0.017700
196.113400	0.027924
196.113500	0.043488
196.113600	0.064850
196.113700	0.086060
196.113800	0.104828
196.113900	0.106964
196.114000	0.098267
196.114100	0.081482
196.114200	0.073242
196.114300	0.050659
196.114400	0.016174
196.114500	-0.014191
196.114600	-0.032654
196.114700	-0.043030
196.114800	-0.043945
196.114900	-0.041962
196.115000	-0.030060
196.115100	-0.018616
196.115200	0.001373
196.115300	0.010376
196.115400	0.020142
196.115500	0.020294
196.115600	0.014801
196.115700	0.014648
196.115800	0.010376
196.115900	0.011902
196.116000	0.007935
196.116100	0.011597
196.116200	0.021362
196.116300	0.015717
196.116400	0.016174
196.116500	0.013580
196.116600	0.007477
196.116700	0.005188
196.116800	-0.000305
196.116900	-0.002136
196.117000	-0.015869
196.117100	-0.014801
196.117200	-0.008698
196.117300	0.008850
196.117400	0.026855
196.117500	0.043182
196.117600	0.048981
196.117700	0.056915
196.117800	0.060730
196.117900	0.048370
196.118000	0.017548
196.118100	-0.018463
196.118200	-0.043335
196.118300	-0.060577
196.118400	-0.064392
196.118500	-0.071564
196.118600	-0.067139
196.118700	-0.050812
196.118800	-0.034485
196.118900	-0.015106
196.119000	0.021820
196.119100	0.081177
196.119200	0.193329
196.119300	0.351715
196.119400	0.618439
196.119500	0.971069
196.119600	1.174927
196.119700	1.229858
196.119800	1.273804
196.119900	1.352539
196.120000	1.356659
196.120100	1.062469
196.120200	0.505981
196.120300	-0.124817
196.120400	-0.780640
196.120500	-1.167450
196.120600	-1.512451
196.120700	-1.479645
196.120800	-1.414490
196.120900	-1.372070
196.121000	-1.285553
196.121100	-1.023712
196.121200	-0.410004
196.121300	0.116119
196.121400	0.614777
196.121500	1.027679
196.121600	1.263428
196.121700	1.334229
196.121800	1.277161
196.121900	1.089630
196.122000	0.755920
196.122100	0.315704
196.122200	-0.121460
196.122300	-0.573730
196.122400	-0.975800
196.122500	-1.183777
196.122600	-1.390686
196.122700	-1.366577
196.122800	-1.256104
196.122900	-1.147003
196.123000	-0.779724
196.123100	-0.461731
196.123200	-0.242615
196.123300	-0.090637
196.123400	-0.005493
196.123500	0.031586
196.123600	0.038910
196.123700	0.050049
196.123800	0.048218
196.123900	0.049133
196.124000	0.048065
196.124100	0.048523
196.124200	0.050201
196.124300	0.046692
196.124400	0.050049
196.124500	0.044861
196.124600	0.049438
196.124700	0.047455
196.124800	0.050354
196.124900	0.051270
196.125000	0.052490
196.125100	0.047760
196.125200	0.042725
196.125300	0.038300
196.125400	0.037079
196.125500	0.039062
196.125600	0.040131
196.125700	0.034180
196.125800	0.034180
196.125900	0.037079
196.126000	0.032043
196.126100	0.030975
196.126200	0.037994
196.126300	0.041199
196.126400	0.040283
196.126500	0.047302
196.126600	0.041809
196.126700	0.046234
196.126800	0.035706
196.126900	0.036316
196.127000	0.035095
196.127100	0.035706
196.127200	0.029755
196.127300	0.031433
196.127400	0.034332
196.127500	0.037994
196.127600	0.039978
196.127700	0.041809
196.127800	0.043182
196.127900	0.039520
196.128000	0.045471
196.128100	0.040436
196.128200	0.042114
196.128300	0.041199
196.128400	0.039673
196.128500	0.033417
196.128600	0.034637
196.128700	0.032806
196.128800	0.037079
196.128900	0.034027
196.129000	0.040283
196.129100	0.041656
196.129200	0.041351
196.129300	0.039978
196.129400	0.037079
196.129500	0.037842
196.129600	0.036774
196.129700	0.039062
196.129800	0.041046
196.129900	0.043640
196.130000	0.040436
196.130100	0.041504
196.130200	0.026550
196.130300	0.025940
196.130400	0.020905
196.130500	0.025482
196.130600	0.024261
196.130700	0.021057
196.130800	0.016937
196.130900	0.019379
196.131000	0.019379
196.131100	0.022278
196.131200	0.027313
196.131300	0.024872
196.131400	0.028229
196.131500	0.028229
196.131600	0.030212
196.131700	0.031738
196.131800	0.031433
196.131900	0.033264
196.132000	0.034790
196.132100	0.032806
196.132200	0.035095
196.132300	0.034180
196.132400	0.034180
196.132500	0.041199
196.132600	0.043640
196.132700	0.043793
196.132800	0.052643
196.132900	0.081787
196.133000	0.171204
196.133100	0.405426
196.133200	0.855865
196.133300	1.561890
196.133400	2.413330
196.133500	3.083038
196.133600	3.379364
196.133700	3.394012
196.133800	3.087158
196.133900	2.274170
196.134000	1.034088
196.134100	-0.287323
196.134200	-1.664276
196.134300	-2.828674
196.134400	-3.496857
196.134500	-3.681793
196.134600	-3.557434
196.134700	-3.186951
196.134800	-2.513275
196.134900	-1.654816
196.135000	-1.099548
196.135100	-0.445557
196.135200	-0.186920
196.135300	-0.069885
196.135400	-0.021515
196.135500	-0.007019
196.135600	-0.008087
196.135700	0.002136
196.135800	0.012207
196.135900	0.018616
196.136000	0.024567
196.136100	0.024872
196.136200	0.021973
196.136300	0.022278
196.136400	0.027618
196.136500	0.025787
196.136600	0.034027
196.136700	0.042572
196.136800	0.064087
196.136900	0.077667
196.137000	0.086212
196.137100	0.091248
196.137200	0.098114
196.137300	0.090790
196.137400	0.084534
196.137500	0.075073
196.137600	0.060883
196.137700	0.044403
196.137800	0.033875
196.137900	0.017548
196.138000	-0.000305
196.138100	-0.008698
196.138200	-0.009613
196.138300	-0.008392
196.138400	0.010986
196.138500	0.039215
196.138600	0.097961
196.138700	0.189972
196.138800	0.353394
196.138900	0.567322
196.139000	0.798645
196.139100	0.991211
196.139200	1.094971
196.139300	1.113892
196.139400	1.056519
196.139500	0.892792
196.139600	0.634155
196.139700	0.325775
196.139800	0.012665
196.139900	-0.309448
196.140000	-0.628967
196.140100	-0.891266
196.140200	-1.057892
196.140300	-1.119080
196.140400	-1.078491
196.140500	-0.969696
196.140600	-0.794678
196.140700	-0.569916
196.140800	-0.359955
196.140900	-0.198517
196.141000	-0.084534
196.141100	-0.018005
196.141200	0.015259
196.141300	0.033264
196.141400	0.031738
196.141500	0.031891
196.141600	0.024414
196.141700	0.025330
196.141800	0.019226
196.141900	0.022888
196.142000	0.031738
196.142100	0.044708
196.142200	0.060730
196.142300	0.080261
196.142400	0.091400
196.142500	0.100861
196.142600	0.093384
196.142700	0.100098
196.142800	0.093384
196.142900	0.088501
196.143000	0.086212
196.143100	0.064697
196.143200	0.048523
196.143300	0.032196
196.143400	0.017090
196.143500	0.000763
196.143600	-0.001526
196.143700	-0.017700
196.143800	-0.018005
196.143900	-0.016479
196.144000	-0.010223
196.144100	-0.009613
196.144200	-0.008850
196.144300	-0.006256
196.144400	-0.002747
196.144500	0.011902
196.144600	0.025940
196.144700	0.027771
196.144800	0.033875
196.144900	0.033569
196.145000	0.036469
196.145100	0.036163
196.145200	0.030823
196.145300	0.033264
196.145400	0.031891
196.145500	0.031128
196.145600	0.032043
196.145700	0.034180
196.145800	0.032959
196.145900	0.031433
196.146000	0.035553
196.146100	0.035553
196.146200	0.048828
196.146300	0.057526
196.146400	0.089264
196.146500	0.126801
196.146600	0.178833
196.146700	0.225677
196.146800	0.277557
196.146900	0.384979
196.147000	0.544434
196.147100	0.783234
196.147200	1.148987
