394.237700	0.635986
394.237800	0.652466
394.237900	0.652008
394.238000	0.631714
394.238100	0.591888
394.238200	0.520325
394.238300	0.417023
394.238400	0.290070
394.238500	0.141296
394.238600	-0.007172
394.238700	-0.160522
394.238800	-0.303955
394.238900	-0.424194
394.239000	-0.504303
394.239100	-0.544128
394.239200	-0.558014
394.239300	-0.527039
394.239400	-0.474091
394.239500	-0.381012
394.239600	-0.250092
394.239700	-0.077667
394.239800	0.123749
394.239900	0.338440
394.240000	0.504913
394.240100	0.609894
394.240200	0.671082
394.240300	0.710602
394.240400	0.724792
394.240500	0.724030
394.240600	0.708618
394.240700	0.663452
394.240800	0.578766
394.240900	0.442657
394.241000	0.248718
394.241100	0.033569
394.241200	-0.185394
394.241300	-0.384521
394.241400	-0.536041
394.241500	-0.637970
394.241600	-0.698700
394.241700	-0.733643
394.241800	-0.751801
394.241900	-0.759583
394.242000	-0.766602
394.242100	-0.772705
394.242200	-0.772858
394.242300	-0.747070
394.242400	-0.673065
394.242500	-0.562134
394.242600	-0.426025
394.242700	-0.289154
394.242800	-0.180511
394.242900	-0.097656
394.243000	-0.026855
394.243100	0.024567
394.243200	0.056305
394.243300	0.070648
394.243400	0.075531
394.243500	0.088196
394.243600	0.091553
394.243700	0.093079
394.243800	0.090637
394.243900	0.088501
394.244000	0.088654
394.244100	0.092010
394.244200	0.091553
394.244300	0.091858
394.244400	0.089874
394.244500	0.087433
394.244600	0.083618
394.244700	0.091400
394.244800	0.091553
394.244900	0.090332
394.245000	0.086670
394.245100	0.084381
394.245200	0.081635
394.245300	0.081177
394.245400	0.078125
394.245500	0.076294
394.245600	0.074158
394.245700	0.078125
394.245800	0.074005
394.245900	0.077820
394.246000	0.080566
394.246100	0.075531
394.246200	0.079803
394.246300	0.078430
394.246400	0.082245
394.246500	0.076904
394.246600	0.079041
394.246700	0.073700
394.246800	0.070038
394.246900	0.081940
394.247000	0.079803
394.247100	0.080566
394.247200	0.086212
394.247300	0.081940
394.247400	0.087433
394.247500	0.082092
394.247600	0.090027
394.247700	0.092926
394.247800	0.087585
394.247900	0.092926
394.248000	0.095215
394.248100	0.096588
394.248200	0.097961
394.248300	0.094604
394.248400	0.093231
394.248500	0.090942
394.248600	0.090637
394.248700	0.090637
394.248800	0.090179
394.248900	0.093689
394.249000	0.094604
394.249100	0.095673
394.249200	0.084839
394.249300	0.078278
394.249400	0.070953
394.249500	0.064240
394.249600	0.056915
394.249700	0.051270
394.249800	0.052032
394.249900	0.058594
394.250000	0.087128
394.250100	0.120392
394.250200	0.174408
394.250300	0.245056
394.250400	0.337982
394.250500	0.454407
394.250600	0.547638
394.250700	0.609283
394.250800	0.637665
394.250900	0.626221
394.251000	0.610504
394.251100	0.578766
394.251200	0.543671
394.251300	0.498657
394.251400	0.435944
394.251500	0.348053
394.251600	0.226593
394.251700	0.078430
394.251800	-0.070343
394.251900	-0.213165
394.252000	-0.341339
394.252100	-0.437164
394.252200	-0.509796
394.252300	-0.561218
394.252400	-0.596466
394.252500	-0.624084
394.252600	-0.647125
394.252700	-0.657654
394.252800	-0.653076
394.252900	-0.629578
394.253000	-0.559387
394.253100	-0.462036
394.253200	-0.345154
394.253300	-0.243073
394.253400	-0.156555
394.253500	-0.090637
394.253600	-0.031128
394.253700	0.001373
394.253800	0.027008
394.253900	0.032501
394.254000	0.039368
394.254100	0.044098
394.254200	0.048523
394.254300	0.051270
394.254400	0.068512
394.254500	0.093842
394.254600	0.144043
394.254700	0.216064
394.254800	0.323029
394.254900	0.457153
394.255000	0.640869
394.255100	0.860596
394.255200	1.110840
394.255300	1.357574
394.255400	1.554718
394.255500	1.674805
394.255600	1.715088
394.255700	1.717224
394.255800	1.686554
394.255900	1.641083
394.256000	1.548920
394.256100	1.394196
394.256200	1.150360
394.256300	0.818176
394.256400	0.451660
394.256500	0.076447
394.256600	-0.295410
394.256700	-0.631866
394.256800	-0.954437
394.256900	-1.148529
394.257000	-1.572266
394.257100	-1.755219
394.257200	-1.840820
394.257300	-1.849365
394.257400	-1.805878
394.257500	-1.749115
394.257600	-1.666565
394.257700	-1.564484
394.257800	-1.416779
394.257900	-1.221771
394.258000	-0.974731
394.258100	-0.742950
394.258200	-0.530548
394.258300	-0.337830
394.258400	-0.188599
394.258500	-0.075378
394.258600	0.004578
394.258700	0.052032
394.258800	0.084229
394.258900	0.094757
394.259000	0.101929
394.259100	0.104828
394.259200	0.109558
394.259300	0.106354
394.259400	0.109100
394.259500	0.112762
394.259600	0.113983
394.259700	0.114136
394.259800	0.117950
394.259900	0.125275
394.260000	0.121155
394.260100	0.109253
394.260200	0.105133
394.260300	0.111084
394.260400	0.106659
394.260500	0.108948
394.260600	0.109100
394.260700	0.102844
394.260800	0.103302
394.260900	0.098572
394.261000	0.098877
394.261100	0.099030
394.261200	0.096130
394.261300	0.094299
394.261400	0.089874
394.261500	0.092010
394.261600	0.094757
394.261700	0.101318
394.261800	0.101624
394.261900	0.101929
394.262000	0.095825
394.262100	0.092163
394.262200	0.093231
394.262300	0.079956
394.262400	0.074463
394.262500	0.065765
394.262600	0.060883
394.262700	0.050964
394.262800	0.028381
394.262900	0.028229
394.263000	0.026855
394.263100	0.017395
394.263200	0.020447
394.263300	0.019226
394.263400	0.026398
394.263500	0.022583
394.263600	0.035248
394.263700	0.042419
394.263800	0.051422
394.263900	0.060730
394.264000	0.066528
394.264100	0.076294
394.264200	0.087891
394.264300	0.097656
394.264400	0.106201
394.264500	0.115051
394.264600	0.122528
394.264700	0.122070
394.264800	0.121918
394.264900	0.103912
394.265000	0.086975
394.265100	0.077057
394.265200	0.063934
394.265300	0.044098
394.265400	0.041504
394.265500	0.037079
394.265600	0.030975
394.265700	0.028534
394.265800	0.025024
394.265900	0.032043
394.266000	0.033722
394.266100	0.039215
394.266200	0.044098
394.266300	0.062256
394.266400	0.096893
394.266500	0.147247
394.266600	0.217896
394.266700	0.310211
394.266800	0.396576
394.266900	0.481873
394.267000	0.571747
394.267100	0.634766
394.267200	0.671234
394.267300	0.675201
394.267400	0.652008
394.267500	0.606842
394.267600	0.536346
394.267700	0.458221
394.267800	0.370483
394.267900	0.270386
394.268000	0.173492
394.268100	0.078278
394.268200	-0.007935
394.268300	-0.099487
394.268400	-0.178223
394.268500	-0.254211
394.268600	-0.313873
394.268700	-0.366974
394.268800	-0.401917
394.268900	-0.432434
394.269000	-0.445557
394.269100	-0.460663
394.269200	-0.456238
394.269300	-0.457458
394.269400	-0.448151
394.269500	-0.429535
394.269600	-0.427704
394.269700	-0.407410
394.269800	-0.389709
394.269900	-0.355988
394.270000	-0.303345
394.270100	-0.248871
394.270200	-0.184021
394.270300	-0.126038
394.270400	-0.078278
394.270500	-0.043945
394.270600	-0.014191
394.270700	0.001068
394.270800	0.012207
394.270900	0.014038
394.271000	0.020905
394.271100	0.014801
394.271200	0.020447
394.271300	0.016174
394.271400	0.017395
394.271500	0.012970
394.271600	0.010376
394.271700	0.006409
394.271800	0.009766
394.271900	0.015411
394.272000	0.009003
394.272100	0.007629
394.272200	0.019073
394.272300	0.017548
394.272400	0.024414
394.272500	0.028992
394.272600	0.034180
394.272700	0.032959
394.272800	0.038147
394.272900	0.038300
394.273000	0.044556
394.273100	0.050049
394.273200	0.048676
394.273300	0.045319
394.273400	0.050964
394.273500	0.048828
394.273600	0.043335
394.273700	0.048218
394.273800	0.046387
394.273900	0.049896
394.274000	0.046539
394.274100	0.052948
394.274200	0.046234
394.274300	0.042572
394.274400	0.042267
394.274500	0.041199
394.274600	0.045319
394.274700	0.043335
394.274800	0.041504
394.274900	0.037689
394.275000	0.038605
394.275100	0.040283
394.275200	0.035858
394.275300	0.033569
394.275400	0.037079
394.275500	0.041656
394.275600	0.038452
394.275700	0.033417
394.275800	0.029449
394.275900	0.038452
394.276000	0.043182
394.276100	0.041351
394.276200	0.045471
394.276300	0.048828
394.276400	0.048828
394.276500	0.046082
394.276600	0.050812
394.276700	0.050507
394.276800	0.050964
394.276900	0.054321
394.277000	0.054321
394.277100	0.050659
394.277200	0.053101
394.277300	0.047607
394.277400	0.047607
394.277500	0.043182
394.277600	0.049438
394.277700	0.047302
394.277800	0.043335
394.277900	0.043640
394.278000	0.036926
394.278100	0.038757
394.278200	0.032501
394.278300	0.031433
394.278400	0.027313
394.278500	0.030975
394.278600	0.033722
394.278700	0.039368
394.278800	0.040894
394.278900	0.050049
394.279000	0.051880
394.279100	0.049591
394.279200	0.048676
394.279300	0.044250
394.279400	0.043640
394.279500	0.054932
394.279600	0.044861
394.279700	0.049896
394.279800	0.046387
394.279900	0.041809
394.280000	0.037079
394.280100	0.039062
394.280200	0.036316
394.280300	0.034485
394.280400	0.033722
394.280500	0.028839
394.280600	0.033722
394.280700	0.040436
394.280800	0.041962
394.280900	0.051270
394.281000	0.052795
394.281100	0.061951
394.281200	0.067444
394.281300	0.070343
394.281400	0.072479
394.281500	0.073395
394.281600	0.076294
394.281700	0.073547
394.281800	0.076294
394.281900	0.074768
394.282000	0.065613
394.282100	0.060120
394.282200	0.058899
394.282300	0.048981
394.282400	0.040283
394.282500	0.042877
394.282600	0.036316
394.282700	0.038605
394.282800	0.040741
394.282900	0.049133
394.283000	0.045624
394.283100	0.046997
394.283200	0.056458
394.283300	0.068512
394.283400	0.091705
394.283500	0.123444
394.283600	0.179138
394.283700	0.256958
394.283800	0.363007
394.283900	0.491943
394.284000	0.662689
394.284100	0.847473
394.284200	1.040039
394.284300	1.191254
394.284400	1.275635
394.284500	1.311493
394.284600	1.298828
394.284700	1.268768
394.284800	1.233826
394.284900	1.181183
394.285000	1.108551
394.285100	0.973511
394.285200	0.770874
394.285300	0.506287
394.285400	0.224915
394.285500	-0.059967
394.285600	-0.332031
394.285700	-0.582886
394.285800	-0.811462
394.285900	-1.047211
394.286000	-1.161957
394.286100	-1.433716
394.286200	-1.506348
394.286300	-1.510925
394.286400	-1.477356
394.286500	-1.423340
394.286600	-1.363220
394.286700	-1.287079
394.286800	-1.207886
394.286900	-1.124420
394.287000	-0.949554
394.287100	-0.761566
394.287200	-0.574493
394.287300	-0.381317
394.287400	-0.201111
394.287500	-0.025635
394.287600	0.146484
394.287700	0.318604
394.287800	0.489502
394.287900	0.642853
394.288000	0.781403
394.288100	0.884247
394.288200	0.945892
394.288300	0.984192
394.288400	1.001282
394.288500	0.988770
394.288600	0.946198
394.288700	0.853271
394.288800	0.698547
394.288900	0.489349
394.289000	0.253296
394.289100	0.001068
394.289200	-0.254974
394.289300	-0.490265
394.289400	-0.685730
394.289500	-0.823822
394.289600	-0.916290
394.289700	-0.959015
394.289800	-0.964966
394.289900	-0.938721
394.290000	-0.901031
394.290100	-0.843048
394.290200	-0.761566
394.290300	-0.659027
394.290400	-0.527191
394.290500	-0.382843
394.290600	-0.256500
394.290700	-0.144501
394.290800	-0.057220
394.290900	0.004730
394.291000	0.045166
394.291100	0.070343
394.291200	0.088348
