141.719300	0.048218
141.719400	0.052490
141.719500	0.049133
141.719600	0.051727
141.719700	0.052185
141.719800	0.043793
141.719900	0.041962
141.720000	0.047913
141.720100	0.042114
141.720200	0.043030
141.720300	0.038452
141.720400	0.045776
141.720500	0.041504
141.720600	0.044098
141.720700	0.036163
141.720800	0.039673
141.720900	0.037231
141.721000	0.041504
141.721100	0.043182
141.721200	0.043488
141.721300	0.044861
141.721400	0.056152
141.721500	0.050964
141.721600	0.058899
141.721700	0.053711
141.721800	0.054321
141.721900	0.051575
141.722000	0.054016
141.722100	0.047607
141.722200	0.049286
141.722300	0.047455
141.722400	0.049896
141.722500	0.049744
141.722600	0.055389
141.722700	0.056610
141.722800	0.051117
141.722900	0.052490
141.723000	0.057220
141.723100	0.060272
141.723200	0.076904
141.723300	0.082550
141.723400	0.098572
141.723500	0.117187
141.723600	0.131073
141.723700	0.134125
141.723800	0.137482
141.723900	0.131531
141.724000	0.126343
141.724100	0.110779
141.724200	0.091095
141.724300	0.062103
141.724400	0.021973
141.724500	-0.011597
141.724600	-0.043335
141.724700	-0.080414
141.724800	-0.108490
141.724900	-0.128326
141.725000	-0.132904
141.725100	-0.127869
141.725200	-0.120392
141.725300	-0.102844
141.725400	-0.084991
141.725500	-0.060577
141.725600	-0.038300
141.725700	-0.011444
141.725800	0.016174
141.725900	0.032501
141.726000	0.043640
141.726100	0.058746
141.726200	0.057526
141.726300	0.066223
141.726400	0.065002
141.726500	0.064087
141.726600	0.061646
141.726700	0.053864
141.726800	0.046692
141.726900	0.040741
141.727000	0.034332
141.727100	0.032043
141.727200	0.034637
141.727300	0.037231
141.727400	0.049286
141.727500	0.057373
141.727600	0.085602
141.727700	0.104218
141.727800	0.142212
141.727900	0.202637
141.728000	0.269623
141.728100	0.339661
141.728200	0.381012
141.728300	0.383606
141.728400	0.374756
141.728500	0.351868
141.728600	0.325165
141.728700	0.292358
141.728800	0.244751
141.728900	0.173645
141.729000	0.085449
141.729100	-0.001221
141.729200	-0.084381
141.729300	-0.141449
141.729400	-0.166016
141.729500	-0.164642
141.729600	-0.113525
141.729700	-0.035553
141.729800	0.077667
141.729900	0.236359
141.730000	0.448914
141.730100	0.702057
141.730200	0.909882
141.730300	1.044006
141.730400	1.100464
141.730500	1.146088
141.730600	1.192627
141.730700	1.257477
141.730800	1.294861
141.730900	1.276398
141.731000	1.181946
141.731100	1.046448
141.731200	0.891266
141.731300	0.690155
141.731400	0.415497
141.731500	0.097656
141.731600	-0.252075
141.731700	-0.557861
141.731800	-0.784302
141.731900	-0.958862
141.732000	-1.109467
141.732100	-1.225433
141.732200	-1.443024
141.732300	-1.577301
141.732400	-1.640320
141.732500	-1.602631
141.732600	-1.486969
141.732700	-1.341400
141.732800	-1.209564
141.732900	-0.990906
141.733000	-0.738373
141.733100	-0.431671
141.733200	-0.061340
141.733300	0.301208
141.733400	0.622559
141.733500	0.866241
141.733600	1.046906
141.733700	1.154175
141.733800	1.183014
141.733900	1.152344
141.734000	1.042786
141.734100	0.848083
141.734200	0.576172
141.734300	0.271301
141.734400	-0.058594
141.734500	-0.389862
141.734600	-0.677185
141.734700	-0.923004
141.734800	-1.102448
141.734900	-1.194611
141.735000	-1.224365
141.735100	-1.236115
141.735200	-1.209259
141.735300	-1.048431
141.735400	-0.879974
141.735500	-0.679626
141.735600	-0.478210
141.735700	-0.283203
141.735800	-0.130005
141.735900	-0.023956
141.736000	0.054474
141.736100	0.090179
141.736200	0.108185
141.736300	0.120697
141.736400	0.122375
141.736500	0.120850
141.736600	0.117340
141.736700	0.117798
141.736800	0.116882
141.736900	0.123901
141.737000	0.119934
141.737100	0.115051
141.737200	0.116272
141.737300	0.106354
141.737400	0.109253
141.737500	0.104828
141.737600	0.104828
141.737700	0.098114
141.737800	0.099487
141.737900	0.104370
141.738000	0.103455
141.738100	0.102844
141.738200	0.108185
141.738300	0.107574
141.738400	0.114594
141.738500	0.117340
141.738600	0.122833
141.738700	0.128021
141.738800	0.124664
141.738900	0.127716
141.739000	0.118256
141.739100	0.115814
141.739200	0.113068
141.739300	0.103607
141.739400	0.104370
141.739500	0.101013
141.739600	0.095673
141.739700	0.084686
141.739800	0.082092
141.739900	0.075684
141.740000	0.073547
141.740100	0.070801
141.740200	0.065308
141.740300	0.062256
141.740400	0.066681
141.740500	0.065918
141.740600	0.074921
141.740700	0.076447
141.740800	0.080566
141.740900	0.079041
141.741000	0.082397
141.741100	0.082397
141.741200	0.082092
141.741300	0.083313
141.741400	0.075226
141.741500	0.075073
141.741600	0.068512
141.741700	0.068665
141.741800	0.070953
141.741900	0.065308
141.742000	0.067444
141.742100	0.063782
141.742200	0.070496
141.742300	0.068207
141.742400	0.067902
141.742500	0.076447
141.742600	0.075226
141.742700	0.076752
141.742800	0.075378
141.742900	0.070496
141.743000	0.076294
141.743100	0.067291
141.743200	0.068817
141.743300	0.064545
141.743400	0.069275
141.743500	0.070190
141.743600	0.069885
141.743700	0.065308
141.743800	0.062866
141.743900	0.060577
141.744000	0.052338
141.744100	0.049591
141.744200	0.047150
141.744300	0.041809
141.744400	0.049133
141.744500	0.044556
141.744600	0.050964
141.744700	0.056763
141.744800	0.060883
141.744900	0.059967
141.745000	0.064697
141.745100	0.071259
141.745200	0.073853
141.745300	0.070801
141.745400	0.076599
141.745500	0.074768
141.745600	0.074463
141.745700	0.083618
141.745800	0.072632
141.745900	0.067749
141.746000	0.062256
141.746100	0.065308
141.746200	0.058136
141.746300	0.057983
141.746400	0.058746
141.746500	0.068512
141.746600	0.068207
141.746700	0.067596
141.746800	0.072784
141.746900	0.077209
141.747000	0.077820
141.747100	0.083008
141.747200	0.079041
141.747300	0.083771
141.747400	0.077209
141.747500	0.072479
141.747600	0.069427
141.747700	0.064697
141.747800	0.057068
141.747900	0.047302
141.748000	0.043335
141.748100	0.032501
141.748200	0.027924
141.748300	0.024872
141.748400	0.025940
141.748500	0.020905
141.748600	0.021210
141.748700	0.023651
141.748800	0.023193
141.748900	0.027771
141.749000	0.036316
141.749100	0.041504
141.749200	0.059814
141.749300	0.070953
141.749400	0.087585
141.749500	0.102997
141.749600	0.108337
141.749700	0.101776
141.749800	0.097198
141.749900	0.097351
141.750000	0.098877
141.750100	0.098572
141.750200	0.097961
141.750300	0.106964
141.750400	0.112305
141.750500	0.111694
141.750600	0.103912
141.750700	0.093079
141.750800	0.081329
141.750900	0.066528
141.751000	0.051575
141.751100	0.036011
141.751200	0.027466
141.751300	0.013123
141.751400	-0.005341
141.751500	-0.019989
141.751600	-0.031738
141.751700	-0.034485
141.751800	-0.029602
141.751900	-0.025482
141.752000	-0.015564
141.752100	-0.009003
141.752200	0.000153
141.752300	0.000000
141.752400	-0.000458
141.752500	-0.007782
141.752600	-0.008087
141.752700	-0.015411
141.752800	-0.017853
141.752900	-0.008087
141.753000	0.009308
141.753100	0.019073
141.753200	0.042267
141.753300	0.046997
141.753400	0.042114
141.753500	0.042267
141.753600	0.048828
141.753700	0.052338
141.753800	0.045166
141.753900	0.043640
141.754000	0.053711
141.754100	0.047607
141.754200	0.045471
141.754300	0.037994
141.754400	0.038300
141.754500	0.046387
141.754600	0.042877
141.754700	0.038605
141.754800	0.043640
141.754900	0.041962
141.755000	0.048218
141.755100	0.052948
141.755200	0.051422
141.755300	0.056152
141.755400	0.057831
141.755500	0.069122
141.755600	0.074310
141.755700	0.097046
141.755800	0.132294
141.755900	0.192871
141.756000	0.291901
141.756100	0.427551
141.756200	0.576630
141.756300	0.730896
141.756400	0.849152
141.756500	0.920105
141.756600	0.972137
141.756700	0.992737
141.756800	0.976105
141.756900	0.888672
141.757000	0.726624
141.757100	0.506897
141.757200	0.255127
141.757300	-0.023193
141.757400	-0.299072
141.757500	-0.523071
141.757600	-0.653381
141.757700	-0.711517
141.757800	-0.718842
141.757900	-0.715179
141.758000	-0.696869
141.758100	-0.662994
141.758200	-0.586243
141.758300	-0.471039
141.758400	-0.375366
141.758500	-0.290070
141.758600	-0.254669
141.758700	-0.237274
141.758800	-0.225830
141.758900	-0.218201
141.759000	-0.195007
141.759100	-0.170593
141.759200	-0.151825
141.759300	-0.126343
141.759400	-0.107574
141.759500	-0.080414
141.759600	-0.047302
141.759700	-0.013428
141.759800	0.023651
141.759900	0.041656
141.760000	0.072327
141.760100	0.078278
141.760200	0.089569
141.760300	0.083008
141.760400	0.085602
141.760500	0.078278
141.760600	0.064697
141.760700	0.060120
141.760800	0.055084
141.760900	0.042267
141.761000	0.040436
141.761100	0.025787
141.761200	0.014343
141.761300	0.012970
141.761400	0.003204
141.761500	-0.008545
141.761600	-0.017395
141.761700	-0.019684
141.761800	-0.028229
141.761900	-0.031128
141.762000	-0.033112
141.762100	-0.036316
141.762200	-0.028381
141.762300	-0.010071
141.762400	0.007629
141.762500	0.019226
141.762600	0.029602
141.762700	0.037842
141.762800	0.047607
141.762900	0.058136
141.763000	0.066681
141.763100	0.068970
141.763200	0.066833
141.763300	0.065918
141.763400	0.069580
141.763500	0.071259
141.763600	0.059204
141.763700	0.056610
141.763800	0.059662
141.763900	0.054779
141.764000	0.055389
141.764100	0.052795
141.764200	0.057068
141.764300	0.052490
141.764400	0.051117
141.764500	0.045471
141.764600	0.046387
141.764700	0.050507
141.764800	0.047302
141.764900	0.042725
141.765000	0.046082
141.765100	0.046844
141.765200	0.056915
141.765300	0.051575
141.765400	0.055389
141.765500	0.052032
141.765600	0.054169
141.765700	0.060425
141.765800	0.059814
141.765900	0.050507
141.766000	0.049591
141.766100	0.050812
141.766200	0.052948
141.766300	0.052643
141.766400	0.055389
141.766500	0.053101
141.766600	0.059509
141.766700	0.056610
141.766800	0.063629
141.766900	0.068817
141.767000	0.090942
141.767100	0.111084
141.767200	0.140533
141.767300	0.172272
141.767400	0.191498
141.767500	0.205994
141.767600	0.211945
141.767700	0.209656
141.767800	0.213165
141.767900	0.196381
141.768000	0.164948
141.768100	0.107880
141.768200	0.066376
141.768300	0.010834
141.768400	-0.045776
141.768500	-0.091248
141.768600	-0.114441
141.768700	-0.110474
141.768800	-0.114441
141.768900	-0.110321
141.769000	-0.099030
141.769100	-0.084991
141.769200	-0.057526
141.769300	-0.023956
141.769400	0.010986
141.769500	0.041809
141.769600	0.061493
141.769700	0.077209
141.769800	0.079346
141.769900	0.079956
141.770000	0.081024
141.770100	0.074005
141.770200	0.062256
141.770300	0.056152
141.770400	0.051880
141.770500	0.049133
141.770600	0.048828
141.770700	0.045929
141.770800	0.043488
141.770900	0.050812
141.771000	0.052795
141.771100	0.068665
141.771200	0.083923
141.771300	0.111542
141.771400	0.160675
141.771500	0.212860
141.771600	0.277710
141.771700	0.349274
141.771800	0.401764
141.771900	0.441589
141.772000	0.458069
141.772100	0.443878
141.772200	0.416565
141.772300	0.369568
141.772400	0.316925
141.772500	0.238495
141.772600	0.158691
141.772700	0.065155
141.772800	-0.033264
