62.922500	0.040131
62.922600	0.041504
62.922700	0.041504
62.922800	0.040283
62.922900	0.037842
62.923000	0.036621
62.923100	0.033875
62.923200	0.035553
62.923300	0.039062
62.923400	0.040131
62.923500	0.041199
62.923600	0.043945
62.923700	0.042725
62.923800	0.042725
62.923900	0.034790
62.924000	0.040436
62.924100	0.040894
62.924200	0.037231
62.924300	0.041962
62.924400	0.040741
62.924500	0.039520
62.924600	0.039978
62.924700	0.039978
62.924800	0.040436
62.924900	0.040741
62.925000	0.040436
62.925100	0.038757
62.925200	0.032349
62.925300	0.036469
62.925400	0.037994
62.925500	0.037689
62.925600	0.036163
62.925700	0.042114
62.925800	0.043182
62.925900	0.039062
62.926000	0.036163
62.926100	0.037842
62.926200	0.038605
62.926300	0.034180
62.926400	0.035248
62.926500	0.038147
62.926600	0.039825
62.926700	0.036011
62.926800	0.037231
62.926900	0.036926
62.927000	0.034027
62.927100	0.036316
62.927200	0.037384
62.927300	0.039520
62.927400	0.039673
62.927500	0.041504
62.927600	0.035553
62.927700	0.038147
62.927800	0.036469
62.927900	0.042114
62.928000	0.039062
62.928100	0.044556
62.928200	0.043335
62.928300	0.040894
62.928400	0.041046
62.928500	0.039368
62.928600	0.039215
62.928700	0.034637
62.928800	0.039215
62.928900	0.037079
62.929000	0.041962
62.929100	0.042725
62.929200	0.043030
62.929300	0.041962
62.929400	0.043945
62.929500	0.040588
62.929600	0.041504
62.929700	0.042419
62.929800	0.043030
62.929900	0.043945
62.930000	0.039215
62.930100	0.036774
62.930200	0.041046
62.930300	0.040894
62.930400	0.037384
62.930500	0.039825
62.930600	0.039215
62.930700	0.037537
62.930800	0.040436
62.930900	0.038757
62.931000	0.043640
62.931100	0.043030
62.931200	0.043640
62.931300	0.040131
62.931400	0.037689
62.931500	0.039520
62.931600	0.038605
62.931700	0.041199
62.931800	0.038605
62.931900	0.037231
62.932000	0.042114
62.932100	0.041504
62.932200	0.045776
62.932300	0.039978
62.932400	0.038452
62.932500	0.039673
62.932600	0.036163
62.932700	0.037231
62.932800	0.036011
62.932900	0.036926
62.933000	0.037537
62.933100	0.038910
62.933200	0.042114
62.933300	0.037842
62.933400	0.039673
62.933500	0.040588
62.933600	0.038757
62.933700	0.038452
62.933800	0.041809
62.933900	0.037689
62.934000	0.041809
62.934100	0.041809
62.934200	0.035858
62.934300	0.038452
62.934400	0.039520
62.934500	0.039062
62.934600	0.036163
62.934700	0.038605
62.934800	0.036926
62.934900	0.039215
62.935000	0.038452
62.935100	0.040131
62.935200	0.039062
62.935300	0.036621
62.935400	0.039978
62.935500	0.041046
62.935600	0.043182
62.935700	0.044708
62.935800	0.044098
62.935900	0.042419
62.936000	0.034790
62.936100	0.038147
62.936200	0.036621
62.936300	0.038147
62.936400	0.036469
62.936500	0.038300
62.936600	0.041809
62.936700	0.038757
62.936800	0.041199
62.936900	0.038605
62.937000	0.036316
62.937100	0.039825
62.937200	0.040436
62.937300	0.040283
62.937400	0.038147
62.937500	0.041046
62.937600	0.040131
62.937700	0.039520
62.937800	0.043488
62.937900	0.041199
62.938000	0.036926
62.938100	0.037537
62.938200	0.038147
62.938300	0.042725
62.938400	0.041962
62.938500	0.042572
62.938600	0.038757
62.938700	0.039215
62.938800	0.039215
62.938900	0.037994
62.939000	0.033875
62.939100	0.037994
62.939200	0.037537
62.939300	0.031433
62.939400	0.032349
62.939500	0.039368
62.939600	0.036316
62.939700	0.039215
62.939800	0.042877
62.939900	0.040894
62.940000	0.040588
62.940100	0.042572
62.940200	0.039062
62.940300	0.041809
62.940400	0.038452
62.940500	0.036316
62.940600	0.038757
62.940700	0.039062
62.940800	0.046692
62.940900	0.044098
62.941000	0.040741
62.941100	0.043945
62.941200	0.037537
62.941300	0.043488
62.941400	0.043945
62.941500	0.041656
62.941600	0.042572
62.941700	0.042114
62.941800	0.046844
62.941900	0.043488
62.942000	0.041656
62.942100	0.045013
62.942200	0.043335
62.942300	0.043335
62.942400	0.038452
62.942500	0.042419
62.942600	0.042114
62.942700	0.043640
62.942800	0.040588
62.942900	0.042267
62.943000	0.041199
62.943100	0.044098
62.943200	0.042419
62.943300	0.043488
62.943400	0.042114
62.943500	0.047302
62.943600	0.043030
62.943700	0.040741
62.943800	0.039520
62.943900	0.041046
62.944000	0.040741
62.944100	0.038147
62.944200	0.044098
62.944300	0.044556
62.944400	0.045166
62.944500	0.050049
62.944600	0.042572
62.944700	0.041199
62.944800	0.041809
62.944900	0.044250
62.945000	0.045776
62.945100	0.041809
62.945200	0.041809
62.945300	0.041656
62.945400	0.045471
62.945500	0.039215
62.945600	0.037537
62.945700	0.042267
62.945800	0.042725
62.945900	0.043945
62.946000	0.042877
62.946100	0.041962
62.946200	0.045929
62.946300	0.048218
62.946400	0.042419
62.946500	0.045166
62.946600	0.044708
62.946700	0.043640
62.946800	0.042725
62.946900	0.040283
62.947000	0.040588
62.947100	0.040894
62.947200	0.039368
62.947300	0.039520
62.947400	0.044098
62.947500	0.043335
62.947600	0.034943
62.947700	0.039673
62.947800	0.039368
62.947900	0.038757
62.948000	0.046082
62.948100	0.048981
62.948200	0.043335
62.948300	0.042877
62.948400	0.037689
62.948500	0.039368
62.948600	0.040131
62.948700	0.039368
62.948800	0.039215
62.948900	0.038452
62.949000	0.043945
62.949100	0.043030
62.949200	0.038147
62.949300	0.039825
62.949400	0.042725
62.949500	0.040894
62.949600	0.044861
62.949700	0.045624
62.949800	0.043182
62.949900	0.041199
62.950000	0.042419
62.950100	0.046387
62.950200	0.040131
62.950300	0.040741
62.950400	0.041809
62.950500	0.041199
62.950600	0.046234
62.950700	0.037079
62.950800	0.036774
62.950900	0.037384
62.951000	0.036926
62.951100	0.037231
62.951200	0.035858
62.951300	0.039825
62.951400	0.041656
62.951500	0.041809
62.951600	0.042725
62.951700	0.039673
62.951800	0.038757
62.951900	0.038147
62.952000	0.035553
62.952100	0.038757
62.952200	0.033569
62.952300	0.039673
62.952400	0.035706
62.952500	0.040741
62.952600	0.038605
62.952700	0.036316
62.952800	0.040741
62.952900	0.039368
62.953000	0.039520
62.953100	0.037689
62.953200	0.036163
62.953300	0.038147
62.953400	0.035553
62.953500	0.036163
62.953600	0.039673
62.953700	0.037537
62.953800	0.042725
62.953900	0.038605
62.954000	0.037079
62.954100	0.039062
62.954200	0.039673
62.954300	0.040741
62.954400	0.038605
62.954500	0.039062
62.954600	0.038452
62.954700	0.037689
62.954800	0.042725
62.954900	0.038910
62.955000	0.037994
62.955100	0.039520
62.955200	0.039978
62.955300	0.038147
62.955400	0.039062
62.955500	0.043030
62.955600	0.039062
62.955700	0.035553
62.955800	0.038452
62.955900	0.041809
62.956000	0.039978
62.956100	0.039673
62.956200	0.033417
62.956300	0.040436
62.956400	0.039368
62.956500	0.037689
62.956600	0.038757
62.956700	0.039978
62.956800	0.040283
62.956900	0.036621
62.957000	0.034332
62.957100	0.037384
62.957200	0.043030
62.957300	0.038757
62.957400	0.041504
62.957500	0.038452
62.957600	0.035248
62.957700	0.040131
62.957800	0.041199
62.957900	0.042725
62.958000	0.044098
62.958100	0.045166
62.958200	0.040741
62.958300	0.042267
62.958400	0.038757
62.958500	0.045929
62.958600	0.043182
62.958700	0.046387
62.958800	0.043640
62.958900	0.042572
62.959000	0.041504
62.959100	0.038452
62.959200	0.046997
62.959300	0.044708
62.959400	0.043488
62.959500	0.042877
62.959600	0.042725
62.959700	0.046082
62.959800	0.038757
62.959900	0.036011
62.960000	0.037842
62.960100	0.038910
62.960200	0.038605
62.960300	0.035400
62.960400	0.044861
62.960500	0.036926
62.960600	0.036621
62.960700	0.041046
62.960800	0.036774
62.960900	0.037079
62.961000	0.036469
62.961100	0.040894
62.961200	0.043488
62.961300	0.045319
62.961400	0.037689
62.961500	0.045166
62.961600	0.044556
62.961700	0.039673
62.961800	0.040741
62.961900	0.040588
62.962000	0.043945
62.962100	0.042419
62.962200	0.039062
62.962300	0.040894
62.962400	0.044098
62.962500	0.041199
62.962600	0.036316
62.962700	0.041504
62.962800	0.042114
62.962900	0.039062
62.963000	0.040131
62.963100	0.040588
62.963200	0.040131
62.963300	0.040131
62.963400	0.040588
62.963500	0.040283
62.963600	0.040894
62.963700	0.044708
62.963800	0.044098
62.963900	0.040436
62.964000	0.039825
62.964100	0.048370
62.964200	0.044556
62.964300	0.037994
62.964400	0.041199
62.964500	0.042572
62.964600	0.042725
62.964700	0.043335
62.964800	0.044250
62.964900	0.041351
62.965000	0.042114
62.965100	0.043030
62.965200	0.038605
62.965300	0.039368
62.965400	0.042572
62.965500	0.039062
62.965600	0.042572
62.965700	0.039062
62.965800	0.039673
62.965900	0.040436
62.966000	0.042572
62.966100	0.041504
62.966200	0.037079
62.966300	0.039825
62.966400	0.041504
62.966500	0.039215
62.966600	0.037842
62.966700	0.036011
62.966800	0.043945
62.966900	0.041504
62.967000	0.039520
62.967100	0.043335
62.967200	0.038452
62.967300	0.043793
62.967400	0.041046
62.967500	0.040131
62.967600	0.042725
62.967700	0.042114
62.967800	0.039978
62.967900	0.038300
62.968000	0.039978
62.968100	0.039368
62.968200	0.041199
62.968300	0.039215
62.968400	0.041046
62.968500	0.036774
62.968600	0.042419
62.968700	0.041809
62.968800	0.042877
62.968900	0.044708
62.969000	0.042877
62.969100	0.043488
62.969200	0.040894
62.969300	0.037994
62.969400	0.035553
62.969500	0.036163
62.969600	0.039062
62.969700	0.040741
62.969800	0.044098
62.969900	0.043182
62.970000	0.040436
62.970100	0.039520
62.970200	0.040436
62.970300	0.042419
62.970400	0.042114
62.970500	0.036926
62.970600	0.042267
62.970700	0.041656
62.970800	0.039520
62.970900	0.039825
62.971000	0.037537
62.971100	0.040741
62.971200	0.043793
62.971300	0.037994
62.971400	0.041199
62.971500	0.039520
62.971600	0.036621
62.971700	0.040894
62.971800	0.041199
62.971900	0.037994
62.972000	0.041809
62.972100	0.039520
62.972200	0.035858
62.972300	0.040436
62.972400	0.041962
62.972500	0.040894
62.972600	0.036163
62.972700	0.039368
62.972800	0.041046
62.972900	0.040283
62.973000	0.036011
62.973100	0.036011
62.973200	0.044403
62.973300	0.041809
62.973400	0.039368
62.973500	0.041199
62.973600	0.041504
62.973700	0.037231
62.973800	0.040283
62.973900	0.034943
62.974000	0.038147
62.974100	0.041809
62.974200	0.041046
62.974300	0.035553
62.974400	0.030823
62.974500	0.038147
62.974600	0.036621
62.974700	0.039215
62.974800	0.040894
62.974900	0.036774
62.975000	0.040436
62.975100	0.038605
62.975200	0.039368
62.975300	0.039825
62.975400	0.041809
62.975500	0.035248
62.975600	0.039825
62.975700	0.036011
62.975800	0.039215
62.975900	0.040283
62.976000	0.037842
