201.469700	-0.198364
201.469800	-0.255432
201.469900	-0.291290
201.470000	-0.306396
201.470100	-0.299377
201.470200	-0.260620
201.470300	-0.209198
201.470400	-0.153656
201.470500	-0.111389
201.470600	-0.084534
201.470700	-0.070190
201.470800	-0.059204
201.470900	-0.055695
201.471000	-0.043335
201.471100	-0.034943
201.471200	-0.032043
201.471300	-0.029602
201.471400	-0.024872
201.471500	-0.002136
201.471600	0.044098
201.471700	0.139008
201.471800	0.252838
201.471900	0.379944
201.472000	0.468750
201.472100	0.481262
201.472200	0.420532
201.472300	0.303192
201.472400	0.132141
201.472500	-0.091400
201.472600	-0.317078
201.472700	-0.502472
201.472800	-0.619507
201.472900	-0.672150
201.473000	-0.682068
201.473100	-0.663300
201.473200	-0.582275
201.473300	-0.443420
201.473400	-0.285034
201.473500	-0.147095
201.473600	-0.053406
201.473700	-0.008087
201.473800	0.003662
201.473900	0.007629
201.474000	0.008850
201.474100	0.010681
201.474200	0.012665
201.474300	0.010986
201.474400	0.011444
201.474500	0.005188
201.474600	0.012360
201.474700	0.017242
201.474800	0.010986
201.474900	0.004883
201.475000	-0.004120
201.475100	-0.009460
201.475200	-0.009613
201.475300	-0.010376
201.475400	-0.019073
201.475500	-0.029602
201.475600	-0.032501
201.475700	-0.030823
201.475800	-0.034332
201.475900	-0.026550
201.476000	-0.020752
201.476100	-0.026550
201.476200	-0.027161
201.476300	-0.023041
201.476400	-0.023346
201.476500	-0.028839
201.476600	-0.017700
201.476700	-0.019531
201.476800	-0.018616
201.476900	-0.012512
201.477000	-0.009155
201.477100	-0.012817
201.477200	-0.008240
201.477300	-0.011444
201.477400	-0.006866
201.477500	-0.009613
201.477600	-0.009918
201.477700	-0.011444
201.477800	-0.014648
201.477900	-0.018616
201.478000	-0.010529
201.478100	-0.006561
201.478200	0.017700
201.478300	0.042877
201.478400	0.072327
201.478500	0.102997
201.478600	0.113983
201.478700	0.107117
201.478800	0.087891
201.478900	0.048370
201.479000	-0.017090
201.479100	-0.075684
201.479200	-0.120087
201.479300	-0.149689
201.479400	-0.152435
201.479500	-0.157166
201.479600	-0.142975
201.479700	-0.121002
201.479800	-0.092316
201.479900	-0.071259
201.480000	-0.050964
201.480100	-0.040894
201.480200	-0.032654
201.480300	-0.034790
201.480400	-0.018158
201.480500	-0.006104
201.480600	0.018616
201.480700	0.042114
201.480800	0.071564
201.480900	0.092316
201.481000	0.090027
201.481100	0.078278
201.481200	0.068512
201.481300	0.048523
201.481400	0.027771
201.481500	-0.002594
201.481600	-0.041046
201.481700	-0.071106
201.481800	-0.101929
201.481900	-0.113525
201.482000	-0.122986
201.482100	-0.109711
201.482200	-0.088196
201.482300	-0.061951
201.482400	-0.052032
201.482500	-0.035248
201.482600	-0.030975
201.482700	-0.028076
201.482800	-0.027924
201.482900	-0.032196
201.483000	-0.027313
201.483100	-0.035553
201.483200	-0.043640
201.483300	-0.041504
201.483400	-0.040588
201.483500	-0.034637
201.483600	-0.033875
201.483700	-0.023041
201.483800	-0.018311
201.483900	-0.015106
201.484000	-0.012512
201.484100	-0.009155
201.484200	-0.009460
201.484300	-0.019379
201.484400	-0.038147
201.484500	-0.036621
201.484600	-0.045624
201.484700	-0.043793
201.484800	-0.038605
201.484900	0.003510
201.485000	0.088196
201.485100	0.224762
201.485200	0.437164
201.485300	0.684814
201.485400	0.899963
201.485500	1.025696
201.485600	1.055603
201.485700	0.971069
201.485800	0.773010
201.485900	0.462341
201.486000	0.095673
201.486100	-0.258789
201.486200	-0.594482
201.486300	-0.885468
201.486400	-1.097412
201.486500	-1.179352
201.486600	-1.173096
201.486700	-1.036530
201.486800	-0.849304
201.486900	-0.616913
201.487000	-0.403595
201.487100	-0.236969
201.487200	-0.132904
201.487300	-0.070190
201.487400	-0.042267
201.487500	-0.033264
201.487600	-0.034943
201.487700	-0.023956
201.487800	-0.018158
201.487900	-0.021667
201.488000	-0.018158
201.488100	-0.013580
201.488200	-0.016174
201.488300	-0.020142
201.488400	-0.014191
201.488500	-0.019226
201.488600	-0.016174
201.488700	-0.017700
201.488800	-0.022125
201.488900	-0.020599
201.489000	-0.019379
201.489100	-0.022430
201.489200	-0.032501
201.489300	-0.025635
201.489400	-0.030212
201.489500	-0.029755
201.489600	-0.027466
201.489700	-0.032501
201.489800	-0.033569
201.489900	-0.035706
201.490000	-0.033417
201.490100	-0.028992
201.490200	-0.028076
201.490300	-0.025482
201.490400	-0.027618
201.490500	-0.022430
201.490600	-0.016937
201.490700	-0.016479
201.490800	-0.015564
201.490900	-0.012054
201.491000	-0.009155
201.491100	-0.014343
201.491200	0.006256
201.491300	0.053101
201.491400	0.164948
201.491500	0.335693
201.491600	0.570831
201.491700	0.783844
201.491800	0.928955
201.491900	0.979004
201.492000	0.925140
201.492100	0.739441
201.492200	0.415192
201.492300	0.034943
201.492400	-0.346680
201.492500	-0.684052
201.492600	-0.932159
201.492700	-1.057587
201.492800	-1.061249
201.492900	-0.964508
201.493000	-0.772095
201.493100	-0.535583
201.493200	-0.318756
201.493300	-0.158234
201.493400	-0.062561
201.493500	-0.017395
201.493600	-0.016022
201.493700	-0.029907
201.493800	-0.049133
201.493900	-0.054932
201.494000	-0.068054
201.494100	-0.070801
201.494200	-0.068817
201.494300	-0.063477
201.494400	-0.065765
201.494500	-0.065918
201.494600	-0.065155
201.494700	-0.056915
201.494800	-0.064392
201.494900	-0.052948
201.495000	-0.048828
201.495100	-0.040741
201.495200	-0.027313
201.495300	-0.026855
201.495400	-0.029602
201.495500	-0.027771
201.495600	-0.021362
201.495700	-0.022278
201.495800	-0.021057
201.495900	-0.017395
201.496000	-0.010071
201.496100	-0.003815
201.496200	0.002594
201.496300	0.030823
201.496400	0.048981
201.496500	0.060425
201.496600	0.056000
201.496700	0.055542
201.496800	0.043640
201.496900	0.010986
201.497000	-0.028992
201.497100	-0.060425
201.497200	-0.096588
201.497300	-0.110626
201.497400	-0.106659
201.497500	-0.101166
201.497600	-0.097504
201.497700	-0.081329
201.497800	-0.057831
201.497900	-0.032654
201.498000	-0.004730
201.498100	0.014648
201.498200	0.028229
201.498300	0.034943
201.498400	0.036163
201.498500	0.037384
201.498600	0.026550
201.498700	0.022583
201.498800	0.005493
201.498900	-0.007782
201.499000	-0.027313
201.499100	-0.045776
201.499200	-0.061493
201.499300	-0.083466
201.499400	-0.089722
201.499500	-0.096436
201.499600	-0.095062
201.499700	-0.093994
201.499800	-0.089111
201.499900	-0.084686
201.500000	-0.068817
201.500100	-0.059357
201.500200	-0.047150
201.500300	-0.040588
201.500400	-0.031891
201.500500	-0.033722
201.500600	-0.034180
201.500700	-0.036621
201.500800	-0.031738
201.500900	0.003662
201.501000	0.088806
201.501100	0.247192
201.501200	0.507202
201.501300	0.862427
201.501400	1.124878
201.501500	1.217041
201.501600	1.253967
201.501700	1.271057
201.501800	1.114502
201.501900	0.650482
201.502000	0.084839
201.502100	-0.467834
201.502200	-0.980225
201.502300	-1.358795
201.502400	-1.441956
201.502500	-1.410065
201.502600	-1.363678
201.502700	-1.222992
201.502800	-0.912323
201.502900	-0.572662
201.503000	-0.327606
201.503100	-0.148773
201.503200	-0.048218
201.503300	0.003204
201.503400	0.025635
201.503500	0.045319
201.503600	0.058289
201.503700	0.064697
201.503800	0.059357
201.503900	0.062866
201.504000	0.085144
201.504100	0.168457
201.504200	0.312195
201.504300	0.546417
201.504400	0.818481
201.504500	1.040344
201.504600	1.162109
201.504700	1.152191
201.504800	1.006470
201.504900	0.696259
201.505000	0.230408
201.505100	-0.244598
201.505200	-0.693512
201.505300	-1.083527
201.505400	-1.350861
201.505500	-1.355133
201.505600	-1.204529
201.505700	-0.913696
201.505800	-0.547028
201.505900	-0.151367
201.506000	0.188141
201.506100	0.405731
201.506200	0.457153
201.506300	0.395966
201.506400	0.277863
201.506500	0.123291
201.506600	-0.034027
201.506700	-0.185852
201.506800	-0.332489
201.506900	-0.453033
201.507000	-0.543060
201.507100	-0.599976
201.507200	-0.619354
201.507300	-0.590668
201.507400	-0.529938
201.507500	-0.442810
201.507600	-0.333557
201.507700	-0.231171
201.507800	-0.137787
201.507900	-0.073547
201.508000	-0.032959
201.508100	-0.005341
201.508200	0.003662
201.508300	0.009460
201.508400	0.008850
201.508500	0.008392
201.508600	0.008698
201.508700	0.003662
201.508800	0.002441
201.508900	0.004272
201.509000	0.002136
201.509100	0.004883
201.509200	0.006256
201.509300	0.010376
201.509400	0.009003
201.509500	0.016632
201.509600	0.022278
201.509700	0.030060
201.509800	0.024261
201.509900	0.024261
201.510000	0.025482
201.510100	0.021057
201.510200	0.012512
201.510300	0.008087
201.510400	0.010834
201.510500	0.043945
201.510600	0.139771
201.510700	0.317230
201.510800	0.565033
201.510900	0.809631
201.511000	0.983887
201.511100	1.060333
201.511200	1.038971
201.511300	0.862579
201.511400	0.529327
201.511500	0.098877
201.511600	-0.332184
201.511700	-0.711365
201.511800	-0.976410
201.511900	-1.101074
201.512000	-1.098938
201.512100	-1.006165
201.512200	-0.829315
201.512300	-0.617981
201.512400	-0.425110
201.512500	-0.262756
201.512600	-0.157318
201.512700	-0.101013
201.512800	-0.077972
201.512900	-0.077667
201.513000	-0.069122
201.513100	-0.054321
201.513200	-0.027771
201.513300	-0.019379
201.513400	-0.015259
201.513500	-0.001831
201.513600	0.004730
201.513700	0.054779
201.513800	0.148315
201.513900	0.316315
201.514000	0.565186
201.514100	0.884857
201.514200	1.065979
201.514300	1.104126
201.514400	1.123047
201.514500	1.157532
201.514600	1.096497
201.514700	0.726776
201.514800	0.125275
201.514900	-0.486298
201.515000	-0.948029
201.515100	-1.164246
201.515200	-1.183624
201.515300	-1.187592
201.515400	-1.192474
201.515500	-1.196899
201.515600	-0.892792
201.515700	-0.576935
201.515800	-0.333099
201.515900	-0.175171
201.516000	-0.081177
201.516100	-0.044250
201.516200	-0.020599
201.516300	-0.012360
201.516400	-0.012665
201.516500	-0.006714
201.516600	-0.005493
201.516700	-0.000763
201.516800	0.001831
201.516900	-0.004883
201.517000	-0.005188
201.517100	-0.001373
201.517200	0.005188
201.517300	0.000000
201.517400	-0.000305
201.517500	0.003510
201.517600	0.007782
201.517700	0.007019
201.517800	0.006256
201.517900	0.012512
201.518000	0.008545
201.518100	0.012665
201.518200	0.012512
201.518300	0.009766
201.518400	-0.000763
201.518500	-0.007324
201.518600	-0.008392
201.518700	-0.021973
201.518800	-0.027008
201.518900	-0.028534
201.519000	-0.021210
201.519100	-0.015869
201.519200	-0.016785
201.519300	0.000916
201.519400	0.019226
201.519500	0.035858
201.519600	0.083313
201.519700	0.107880
201.519800	0.121918
201.519900	0.114441
201.520000	0.111542
201.520100	0.087585
201.520200	0.040131
201.520300	-0.007935
201.520400	-0.060730
201.520500	-0.112457
201.520600	-0.148010
201.520700	-0.166321
201.520800	-0.159760
201.520900	-0.156097
201.521000	-0.137634
201.521100	-0.113525
201.521200	-0.075378
201.521300	-0.041504
201.521400	-0.021820
201.521500	-0.010071
201.521600	-0.002747
201.521700	0.000916
201.521800	-0.005035
201.521900	-0.003357
201.522000	-0.002899
201.522100	-0.006561
201.522200	-0.007324
201.522300	-0.007172
201.522400	-0.010223
201.522500	-0.007629
201.522600	-0.006561
201.522700	-0.008240
201.522800	-0.010223
201.522900	-0.004120
201.523000	-0.002441
201.523100	-0.008240
201.523200	-0.004425
