469.040900	-0.402527
469.041000	-0.212402
469.041100	-0.067749
469.041200	0.019989
469.041300	0.056458
469.041400	0.064545
469.041500	0.069427
469.041600	0.068359
469.041700	0.067444
469.041800	0.066071
469.041900	0.067444
469.042000	0.066528
469.042100	0.068665
469.042200	0.067139
469.042300	0.072479
469.042400	0.068512
469.042500	0.070343
469.042600	0.074005
469.042700	0.069885
469.042800	0.073853
469.042900	0.067902
469.043000	0.065613
469.043100	0.057373
469.043200	0.050354
469.043300	0.055084
469.043400	0.054779
469.043500	0.057220
469.043600	0.057983
469.043700	0.060730
469.043800	0.061646
469.043900	0.065002
469.044000	0.068970
469.044100	0.072174
469.044200	0.068054
469.044300	0.068359
469.044400	0.067291
469.044500	0.062866
469.044600	0.063171
469.044700	0.057831
469.044800	0.056610
469.044900	0.050354
469.045000	0.057220
469.045100	0.050659
469.045200	0.055389
469.045300	0.061188
469.045400	0.061798
469.045500	0.058746
469.045600	0.055237
469.045700	0.059052
469.045800	0.054016
469.045900	0.059662
469.046000	0.061798
469.046100	0.062256
469.046200	0.066833
469.046300	0.064697
469.046400	0.063477
469.046500	0.060120
469.046600	0.065918
469.046700	0.058746
469.046800	0.053711
469.046900	0.056305
469.047000	0.063324
469.047100	0.084534
469.047200	0.174866
469.047300	0.368500
469.047400	0.660248
469.047500	0.904846
469.047600	0.976868
469.047700	0.864563
469.047800	0.578766
469.047900	0.186462
469.048000	-0.241089
469.048100	-0.617065
469.048200	-0.867920
469.048300	-0.955658
469.048400	-0.869598
469.048500	-0.579529
469.048600	-0.286255
469.048700	-0.097656
469.048800	-0.006104
469.048900	0.032043
469.049000	0.048218
469.049100	0.058441
469.049200	0.061646
469.049300	0.066223
469.049400	0.071869
469.049500	0.095062
469.049600	0.195770
469.049700	0.413208
469.049800	0.813293
469.049900	1.131592
469.050000	1.188660
469.050100	1.219177
469.050200	1.053467
469.050300	0.498047
469.050400	-0.151367
469.050500	-0.806122
469.050600	-1.143188
469.050700	-1.182861
469.050800	-1.187286
469.050900	-1.031647
469.051000	-0.604706
469.051100	-0.285645
469.051200	-0.086975
469.051300	-0.007935
469.051400	0.024872
469.051500	0.037842
469.051600	0.041504
469.051700	0.053101
469.051800	0.058746
469.051900	0.060577
469.052000	0.064545
469.052100	0.072021
469.052200	0.080719
469.052300	0.088348
469.052400	0.086060
469.052500	0.083923
469.052600	0.075684
469.052700	0.062103
469.052800	0.059814
469.052900	0.052948
469.053000	0.050354
469.053100	0.055542
469.053200	0.063629
469.053300	0.067291
469.053400	0.066833
469.053500	0.063629
469.053600	0.061493
469.053700	0.062714
469.053800	0.061646
469.053900	0.069733
469.054000	0.071106
469.054100	0.063171
469.054200	0.046997
469.054300	0.037231
469.054400	0.026245
469.054500	0.014954
469.054600	0.020905
469.054700	0.036774
469.054800	0.045319
469.054900	0.053406
469.055000	0.053253
469.055100	0.047302
469.055200	0.039825
469.055300	0.042114
469.055400	0.054474
469.055500	0.101929
469.055600	0.215454
469.055700	0.404205
469.055800	0.609741
469.055900	0.776672
469.056000	0.912933
469.056100	0.968018
469.056200	0.824432
469.056300	0.520935
469.056400	0.146637
469.056500	-0.261993
469.056600	-0.613251
469.056700	-0.715637
469.056800	-0.407867
469.056900	0.049286
469.057000	0.419922
469.057100	0.651398
469.057200	0.661926
469.057300	0.384216
469.057400	-0.047455
469.057500	-0.542145
469.057600	-0.957947
469.057700	-1.152954
469.057800	-1.163025
469.057900	-0.982056
469.058000	-0.662689
469.058100	-0.338745
469.058200	-0.127258
469.058300	-0.018005
469.058400	0.032349
469.058500	0.051117
469.058600	0.061035
469.058700	0.060730
469.058800	0.066528
469.058900	0.071259
469.059000	0.068359
469.059100	0.070496
469.059200	0.065308
469.059300	0.060425
469.059400	0.060425
469.059500	0.055389
469.059600	0.060272
469.059700	0.067291
469.059800	0.070648
469.059900	0.069733
469.060000	0.073700
469.060100	0.075073
469.060200	0.070953
469.060300	0.065155
469.060400	0.063019
469.060500	0.066223
469.060600	0.059357
469.060700	0.052185
469.060800	0.056305
469.060900	0.048676
469.061000	0.044250
469.061100	0.042725
469.061200	0.045319
469.061300	0.041199
469.061400	0.044098
469.061500	0.043030
469.061600	0.045624
469.061700	0.047302
469.061800	0.061035
469.061900	0.071106
469.062000	0.091095
469.062100	0.110626
469.062200	0.127411
469.062300	0.134125
469.062400	0.129700
469.062500	0.117798
469.062600	0.089874
469.062700	0.059509
469.062800	0.024567
469.062900	-0.007477
469.063000	-0.022888
469.063100	-0.022278
469.063200	-0.015564
469.063300	-0.004272
469.063400	0.022278
469.063500	0.034332
469.063600	0.040131
469.063700	0.043793
469.063800	0.043030
469.063900	0.049896
469.064000	0.052185
469.064100	0.049744
469.064200	0.042725
469.064300	0.037231
469.064400	0.038605
469.064500	0.041962
469.064600	0.044556
469.064700	0.044250
469.064800	0.046844
469.064900	0.054932
469.065000	0.059052
469.065100	0.049591
469.065200	0.042725
469.065300	0.037994
469.065400	0.036316
469.065500	0.043335
469.065600	0.038757
469.065700	0.042267
469.065800	0.043945
469.065900	0.042267
469.066000	0.041656
469.066100	0.041351
469.066200	0.042572
469.066300	0.043488
469.066400	0.051422
469.066500	0.054321
469.066600	0.048828
469.066700	0.038910
469.066800	0.031738
469.066900	0.040588
469.067000	0.037384
469.067100	0.034180
469.067200	0.038910
469.067300	0.048370
469.067400	0.053406
469.067500	0.054474
469.067600	0.054932
469.067700	0.050049
469.067800	0.053253
469.067900	0.047913
469.068000	0.050964
469.068100	0.052795
469.068200	0.047302
469.068300	0.048218
469.068400	0.043182
469.068500	0.046539
469.068600	0.039825
469.068700	0.035706
469.068800	0.043030
469.068900	0.039825
469.069000	0.035706
469.069100	0.034332
469.069200	0.034943
469.069300	0.036316
469.069400	0.036011
469.069500	0.040588
469.069600	0.040588
469.069700	0.048981
469.069800	0.044556
469.069900	0.044098
469.070000	0.052338
469.070100	0.045471
469.070200	0.047150
469.070300	0.046387
469.070400	0.051575
469.070500	0.050507
469.070600	0.056458
469.070700	0.059357
469.070800	0.061340
469.070900	0.053864
469.071000	0.050964
469.071100	0.049438
469.071200	0.043182
469.071300	0.045624
469.071400	0.052948
469.071500	0.070648
469.071600	0.099640
469.071700	0.139008
469.071800	0.161896
469.071900	0.196533
469.072000	0.265656
469.072100	0.355225
469.072200	0.383148
469.072300	0.381470
469.072400	0.280762
469.072500	0.080872
469.072600	-0.130768
469.072700	-0.302124
469.072800	-0.370941
469.072900	-0.349579
469.073000	-0.269623
469.073100	-0.121765
469.073200	0.003662
469.073300	0.060120
469.073400	0.083771
469.073500	0.103912
469.073600	0.130768
469.073700	0.110626
469.073800	0.077667
469.073900	0.054779
469.074000	0.042572
469.074100	0.052032
469.074200	0.140991
469.074300	0.360260
469.074400	0.641479
469.074500	0.840149
469.074600	0.884399
469.074700	0.651398
469.074800	0.145874
469.074900	-0.414124
469.075000	-0.819550
469.075100	-0.941162
469.075200	-0.887146
469.075300	-0.653534
469.075400	-0.338440
469.075500	-0.111847
469.075600	-0.008850
469.075700	0.028076
469.075800	0.036469
469.075900	0.040894
469.076000	0.053101
469.076100	0.054626
469.076200	0.049286
469.076300	0.047302
469.076400	0.043030
469.076500	0.044556
469.076600	0.045471
469.076700	0.057983
469.076800	0.071259
469.076900	0.079651
469.077000	0.086975
469.077100	0.082855
469.077200	0.062103
469.077300	0.043030
469.077400	0.031433
469.077500	0.016785
469.077600	0.012817
469.077700	0.021973
469.077800	0.032654
469.077900	0.042114
469.078000	0.050659
469.078100	0.081635
469.078200	0.169220
469.078300	0.390320
469.078400	0.755768
469.078500	1.158752
469.078600	1.413422
469.078700	1.436462
469.078800	1.189575
469.078900	0.681915
469.079000	0.066681
469.079100	-0.586090
469.079200	-1.113586
469.079300	-1.419983
469.079400	-1.439819
469.079500	-1.265106
469.079600	-0.922852
469.079700	-0.494232
469.079800	-0.203094
469.079900	-0.045166
469.080000	0.016479
469.080100	0.036316
469.080200	0.049438
469.080300	0.060883
469.080400	0.071564
469.080500	0.072021
469.080600	0.074005
469.080700	0.077515
469.080800	0.067749
469.080900	0.062256
469.081000	0.043182
469.081100	0.031128
469.081200	0.023651
469.081300	0.023804
469.081400	0.027313
469.081500	0.028992
469.081600	0.031281
469.081700	0.034790
469.081800	0.042572
469.081900	0.039978
469.082000	0.040894
469.082100	0.054169
469.082200	0.093536
469.082300	0.179901
469.082400	0.320740
469.082500	0.477448
469.082600	0.509949
469.082700	0.443115
469.082800	0.343475
469.082900	0.220795
469.083000	0.090332
469.083100	-0.049133
469.083200	-0.173492
469.083300	-0.292053
469.083400	-0.386353
469.083500	-0.460358
469.083600	-0.447388
469.083700	-0.300293
469.083800	-0.152740
469.083900	-0.043182
469.084000	0.017090
469.084100	0.036621
469.084200	0.048218
469.084300	0.054626
469.084400	0.063934
469.084500	0.079041
469.084600	0.084229
469.084700	0.082855
469.084800	0.075073
469.084900	0.071106
469.085000	0.067596
469.085100	0.053101
469.085200	0.029449
469.085300	0.018311
469.085400	0.013885
469.085500	0.010834
469.085600	0.013580
469.085700	0.020294
469.085800	0.025330
469.085900	0.030823
469.086000	0.035095
469.086100	0.045013
469.086200	0.068512
469.086300	0.150452
469.086400	0.319519
469.086500	0.639648
469.086600	0.961761
469.086700	1.062469
469.086800	1.136322
469.086900	1.129456
469.087000	0.721588
469.087100	0.078430
469.087200	-0.638580
469.087300	-1.066895
469.087400	-1.141815
469.087500	-1.111298
469.087600	-1.057587
469.087700	-0.751495
469.087800	-0.357361
469.087900	-0.115509
469.088000	0.007782
469.088100	0.057373
469.088200	0.074921
469.088300	0.072174
469.088400	0.069275
469.088500	0.064545
469.088600	0.060730
469.088700	0.057831
469.088800	0.054169
469.088900	0.057220
469.089000	0.055389
469.089100	0.052795
469.089200	0.052490
469.089300	0.046997
469.089400	0.041504
469.089500	0.038757
469.089600	0.041199
469.089700	0.043793
469.089800	0.041199
469.089900	0.046692
469.090000	0.049133
469.090100	0.046387
469.090200	0.050201
469.090300	0.050354
469.090400	0.096588
469.090500	0.214386
469.090600	0.414734
469.090700	0.621643
469.090800	0.746460
469.090900	0.749207
469.091000	0.611725
469.091100	0.307617
469.091200	-0.062103
469.091300	-0.414124
469.091400	-0.641937
469.091500	-0.722656
469.091600	-0.670319
469.091700	-0.487518
469.091800	-0.248108
469.091900	-0.037384
469.092000	0.141296
469.092100	0.314178
469.092200	0.469360
469.092300	0.489655
469.092400	0.424347
469.092500	0.319366
469.092600	0.188599
469.092700	0.050964
469.092800	-0.089417
469.092900	-0.224762
469.093000	-0.335846
469.093100	-0.425415
469.093200	-0.440369
469.093300	-0.318756
469.093400	-0.164948
469.093500	-0.046082
469.093600	0.017090
469.093700	0.045471
469.093800	0.048828
469.093900	0.049591
469.094000	0.050049
469.094100	0.051422
469.094200	0.050049
469.094300	0.056305
469.094400	0.062866
