24.061700	0.020905
24.061800	0.023346
24.061900	0.022430
24.062000	0.016174
24.062100	0.019226
24.062200	0.018463
24.062300	0.021057
24.062400	0.019836
24.062500	0.019226
24.062600	0.021362
24.062700	0.018768
24.062800	0.017090
24.062900	0.017090
24.063000	0.017242
24.063100	0.014954
24.063200	0.016785
24.063300	0.016479
24.063400	0.013885
24.063500	0.019073
24.063600	0.019684
24.063700	0.023346
24.063800	0.018311
24.063900	0.020294
24.064000	0.019226
24.064100	0.021973
24.064200	0.027161
24.064300	0.022583
24.064400	0.018311
24.064500	0.018311
24.064600	0.017853
24.064700	0.020294
24.064800	0.022278
24.064900	0.023499
24.065000	0.022278
24.065100	0.019531
24.065200	0.022430
24.065300	0.017853
24.065400	0.018463
24.065500	0.017090
24.065600	0.017700
24.065700	0.021667
24.065800	0.019989
24.065900	0.021057
24.066000	0.020447
24.066100	0.021515
24.066200	0.021057
24.066300	0.016632
24.066400	0.018768
24.066500	0.019379
24.066600	0.021515
24.066700	0.019226
24.066800	0.018311
24.066900	0.016022
24.067000	0.021515
24.067100	0.018311
24.067200	0.021973
24.067300	0.019989
24.067400	0.017242
24.067500	0.020752
24.067600	0.017090
24.067700	0.022583
24.067800	0.019989
24.067900	0.019379
24.068000	0.019989
24.068100	0.022583
24.068200	0.016327
24.068300	0.017242
24.068400	0.014954
24.068500	0.019379
24.068600	0.021820
24.068700	0.019379
24.068800	0.021667
24.068900	0.023193
24.069000	0.017700
24.069100	0.018768
24.069200	0.018768
24.069300	0.017853
24.069400	0.019226
24.069500	0.022278
24.069600	0.023804
24.069700	0.021820
24.069800	0.020905
24.069900	0.017090
24.070000	0.020447
24.070100	0.022430
24.070200	0.023499
24.070300	0.021210
24.070400	0.022583
24.070500	0.027618
24.070600	0.026550
24.070700	0.023346
24.070800	0.023193
24.070900	0.018921
24.071000	0.022583
24.071100	0.020447
24.071200	0.023193
24.071300	0.023346
24.071400	0.023499
24.071500	0.021820
24.071600	0.020447
24.071700	0.018005
24.071800	0.021210
24.071900	0.020905
24.072000	0.022583
24.072100	0.021973
24.072200	0.022583
24.072300	0.019226
24.072400	0.022736
24.072500	0.023499
24.072600	0.023346
24.072700	0.019836
24.072800	0.019073
24.072900	0.017090
24.073000	0.018311
24.073100	0.022736
24.073200	0.020142
24.073300	0.021057
24.073400	0.015717
24.073500	0.020142
24.073600	0.020142
24.073700	0.017242
24.073800	0.018311
24.073900	0.021820
24.074000	0.020294
24.074100	0.020142
24.074200	0.020905
24.074300	0.022430
24.074400	0.020447
24.074500	0.017548
24.074600	0.018005
24.074700	0.019226
24.074800	0.025330
24.074900	0.016937
24.075000	0.021973
24.075100	0.021057
24.075200	0.024109
24.075300	0.018463
24.075400	0.021515
24.075500	0.021057
24.075600	0.014954
24.075700	0.021210
24.075800	0.020142
24.075900	0.024414
24.076000	0.024109
24.076100	0.020599
24.076200	0.020905
24.076300	0.026855
24.076400	0.025635
24.076500	0.024567
24.076600	0.019684
24.076700	0.022278
24.076800	0.021515
24.076900	0.023804
24.077000	0.025330
24.077100	0.022583
24.077200	0.020294
24.077300	0.020447
24.077400	0.021515
24.077500	0.027008
24.077600	0.026550
24.077700	0.024719
24.077800	0.021210
24.077900	0.021210
24.078000	0.023956
24.078100	0.019684
24.078200	0.024567
24.078300	0.015411
24.078400	0.021362
24.078500	0.024872
24.078600	0.021057
24.078700	0.022736
24.078800	0.021057
24.078900	0.019531
24.079000	0.018311
24.079100	0.017242
24.079200	0.015259
24.079300	0.026093
24.079400	0.024261
24.079500	0.019073
24.079600	0.018921
24.079700	0.023041
24.079800	0.021210
24.079900	0.023346
24.080000	0.016174
24.080100	0.019226
24.080200	0.020599
24.080300	0.023956
24.080400	0.020294
24.080500	0.017548
24.080600	0.024109
24.080700	0.025940
24.080800	0.023804
24.080900	0.018311
24.081000	0.020752
24.081100	0.017853
24.081200	0.024261
24.081300	0.018311
24.081400	0.019073
24.081500	0.019531
24.081600	0.018921
24.081700	0.019531
24.081800	0.016022
24.081900	0.016022
24.082000	0.018311
24.082100	0.020294
24.082200	0.022278
24.082300	0.021820
24.082400	0.019989
24.082500	0.018616
24.082600	0.018616
24.082700	0.022736
24.082800	0.024567
24.082900	0.017395
24.083000	0.020599
24.083100	0.021210
24.083200	0.021667
24.083300	0.021667
24.083400	0.022125
24.083500	0.020752
24.083600	0.020599
24.083700	0.021820
24.083800	0.020142
24.083900	0.020294
24.084000	0.021667
24.084100	0.017853
24.084200	0.019379
24.084300	0.023651
24.084400	0.018311
24.084500	0.021362
24.084600	0.021973
24.084700	0.018921
24.084800	0.018005
24.084900	0.021057
24.085000	0.018768
24.085100	0.019379
24.085200	0.019379
24.085300	0.023499
24.085400	0.015564
24.085500	0.024872
24.085600	0.023651
24.085700	0.021667
24.085800	0.020599
24.085900	0.020599
24.086000	0.017548
24.086100	0.022278
24.086200	0.023346
24.086300	0.019684
24.086400	0.021667
24.086500	0.021210
24.086600	0.017700
24.086700	0.021362
24.086800	0.023651
24.086900	0.020599
24.087000	0.018768
24.087100	0.022888
24.087200	0.023651
24.087300	0.018158
24.087400	0.018768
24.087500	0.016174
24.087600	0.022430
24.087700	0.020294
24.087800	0.018463
24.087900	0.018005
24.088000	0.019379
24.088100	0.023041
24.088200	0.019836
24.088300	0.018311
24.088400	0.019226
24.088500	0.020294
24.088600	0.020142
24.088700	0.025177
24.088800	0.016174
24.088900	0.016327
24.089000	0.018463
24.089100	0.017090
24.089200	0.018158
24.089300	0.018005
24.089400	0.015717
24.089500	0.017853
24.089600	0.016022
24.089700	0.020752
24.089800	0.017700
24.089900	0.015411
24.090000	0.015259
24.090100	0.018616
24.090200	0.019684
24.090300	0.013580
24.090400	0.016327
24.090500	0.016174
24.090600	0.013428
24.090700	0.014954
24.090800	0.016479
24.090900	0.018463
24.091000	0.018158
24.091100	0.018616
24.091200	0.019226
24.091300	0.019989
24.091400	0.020447
24.091500	0.021362
24.091600	0.018768
24.091700	0.019836
24.091800	0.022430
24.091900	0.018768
24.092000	0.021210
24.092100	0.014801
24.092200	0.021057
24.092300	0.018768
24.092400	0.021057
24.092500	0.020752
24.092600	0.019989
24.092700	0.020142
24.092800	0.022430
24.092900	0.014801
24.093000	0.020294
24.093100	0.022583
24.093200	0.021973
24.093300	0.021362
24.093400	0.016022
24.093500	0.020905
24.093600	0.020142
24.093700	0.024414
24.093800	0.025635
24.093900	0.025940
24.094000	0.026550
24.094100	0.026398
24.094200	0.021515
24.094300	0.025177
24.094400	0.021667
24.094500	0.022888
24.094600	0.018311
24.094700	0.021210
24.094800	0.022430
24.094900	0.019226
24.095000	0.018311
24.095100	0.022125
24.095200	0.023346
24.095300	0.029297
24.095400	0.022278
24.095500	0.020142
24.095600	0.020142
24.095700	0.021210
24.095800	0.020752
24.095900	0.023499
24.096000	0.023346
24.096100	0.025635
24.096200	0.024261
24.096300	0.018768
24.096400	0.020142
24.096500	0.018616
24.096600	0.016937
24.096700	0.020752
24.096800	0.018768
24.096900	0.021057
24.097000	0.015259
24.097100	0.018005
24.097200	0.018005
24.097300	0.018616
24.097400	0.017853
24.097500	0.025482
24.097600	0.024414
24.097700	0.022888
24.097800	0.027466
24.097900	0.021362
24.098000	0.021667
24.098100	0.019989
24.098200	0.022888
24.098300	0.021667
24.098400	0.024719
24.098500	0.022125
24.098600	0.021362
24.098700	0.018616
24.098800	0.021667
24.098900	0.023041
24.099000	0.018005
24.099100	0.023651
24.099200	0.019379
24.099300	0.019073
24.099400	0.017395
24.099500	0.018921
24.099600	0.018005
24.099700	0.020752
24.099800	0.020447
24.099900	0.021362
24.100000	0.019684
24.100100	0.020752
24.100200	0.022278
24.100300	0.024414
24.100400	0.021362
24.100500	0.015411
24.100600	0.020599
24.100700	0.018921
24.100800	0.016937
24.100900	0.019379
24.101000	0.018005
24.101100	0.020447
24.101200	0.019073
24.101300	0.017853
24.101400	0.020447
24.101500	0.018158
24.101600	0.015411
24.101700	0.020142
24.101800	0.022736
24.101900	0.017853
24.102000	0.016174
24.102100	0.022736
24.102200	0.019379
24.102300	0.023499
24.102400	0.018768
24.102500	0.020447
24.102600	0.027008
24.102700	0.022278
24.102800	0.023804
24.102900	0.022888
24.103000	0.022583
24.103100	0.023499
24.103200	0.021362
24.103300	0.016022
24.103400	0.023499
24.103500	0.022278
24.103600	0.018921
24.103700	0.018463
24.103800	0.018921
24.103900	0.016937
24.104000	0.019226
24.104100	0.018616
24.104200	0.018921
24.104300	0.021210
24.104400	0.014954
24.104500	0.014496
24.104600	0.019684
24.104700	0.018921
24.104800	0.020294
24.104900	0.018158
24.105000	0.018616
24.105100	0.019226
24.105200	0.018921
24.105300	0.021667
24.105400	0.019531
24.105500	0.021057
24.105600	0.017242
24.105700	0.018463
24.105800	0.020905
24.105900	0.016785
24.106000	0.018921
24.106100	0.019684
24.106200	0.019226
24.106300	0.021667
24.106400	0.021210
24.106500	0.020142
24.106600	0.016632
24.106700	0.021515
24.106800	0.025482
24.106900	0.020752
24.107000	0.022430
24.107100	0.017242
24.107200	0.016327
24.107300	0.019226
24.107400	0.018005
24.107500	0.021667
24.107600	0.018921
24.107700	0.020905
24.107800	0.016785
24.107900	0.020752
24.108000	0.016174
24.108100	0.015411
24.108200	0.016632
24.108300	0.016479
24.108400	0.017395
24.108500	0.022278
24.108600	0.019226
24.108700	0.018005
24.108800	0.022888
24.108900	0.020447
24.109000	0.018921
24.109100	0.021210
24.109200	0.023956
24.109300	0.019531
24.109400	0.022430
24.109500	0.018921
24.109600	0.023193
24.109700	0.022430
24.109800	0.021667
24.109900	0.021515
24.110000	0.020447
24.110100	0.016022
24.110200	0.018463
24.110300	0.022430
24.110400	0.024872
24.110500	0.021667
24.110600	0.021515
24.110700	0.021667
24.110800	0.024414
24.110900	0.020752
24.111000	0.023041
24.111100	0.022583
24.111200	0.020599
24.111300	0.019989
24.111400	0.018616
24.111500	0.013123
24.111600	0.016022
24.111700	0.014801
24.111800	0.016937
24.111900	0.017395
24.112000	0.024872
24.112100	0.020905
24.112200	0.022888
24.112300	0.017395
24.112400	0.018311
24.112500	0.018921
24.112600	0.019989
24.112700	0.019379
24.112800	0.026093
24.112900	0.021362
24.113000	0.024109
24.113100	0.024109
24.113200	0.020905
24.113300	0.020447
24.113400	0.020599
24.113500	0.018311
24.113600	0.017395
24.113700	0.014343
24.113800	0.021362
24.113900	0.021973
24.114000	0.021210
24.114100	0.019379
24.114200	0.017395
24.114300	0.019379
24.114400	0.021973
24.114500	0.017395
24.114600	0.019226
24.114700	0.018921
24.114800	0.020142
24.114900	0.017853
24.115000	0.020905
24.115100	0.019073
24.115200	0.016479
