120.983300	-0.022125
120.983400	-0.023804
120.983500	-0.014801
120.983600	-0.012054
120.983700	-0.017090
120.983800	-0.008240
120.983900	-0.008392
120.984000	-0.000458
120.984100	-0.003357
120.984200	0.002441
120.984300	0.005798
120.984400	0.006409
120.984500	0.010986
120.984600	0.015411
120.984700	0.013580
120.984800	0.005646
120.984900	0.010986
120.985000	0.006104
120.985100	-0.001678
120.985200	-0.002594
120.985300	-0.010529
120.985400	-0.012817
120.985500	-0.020599
120.985600	-0.025482
120.985700	-0.021515
120.985800	-0.019989
120.985900	-0.021362
120.986000	-0.018158
120.986100	-0.014954
120.986200	-0.014496
120.986300	-0.005035
120.986400	0.000153
120.986500	0.006409
120.986600	0.012360
120.986700	0.012360
120.986800	0.013123
120.986900	0.013885
120.987000	0.012512
120.987100	0.012512
120.987200	0.010986
120.987300	0.001526
120.987400	-0.010223
120.987500	-0.010223
120.987600	-0.021973
120.987700	-0.030365
120.987800	-0.042419
120.987900	-0.047760
120.988000	-0.049133
120.988100	-0.048981
120.988200	-0.048370
120.988300	-0.046539
120.988400	-0.050964
120.988500	-0.056000
120.988600	-0.045776
120.988700	-0.048370
120.988800	-0.042877
120.988900	-0.043488
120.989000	-0.041504
120.989100	-0.033264
120.989200	-0.025635
120.989300	-0.023041
120.989400	-0.013885
120.989500	-0.010071
120.989600	0.002747
120.989700	0.016479
120.989800	0.042419
120.989900	0.075836
120.990000	0.089111
120.990100	0.095673
120.990200	0.105438
120.990300	0.103302
120.990400	0.098877
120.990500	0.085602
120.990600	0.075684
120.990700	0.048981
120.990800	0.017395
120.990900	-0.022430
120.991000	-0.055084
120.991100	-0.093231
120.991200	-0.120697
120.991300	-0.136414
120.991400	-0.147400
120.991500	-0.162659
120.991600	-0.164490
120.991700	-0.164795
120.991800	-0.166931
120.991900	-0.157013
120.992000	-0.140991
120.992100	-0.118103
120.992200	-0.089722
120.992300	-0.063934
120.992400	-0.045624
120.992500	-0.030518
120.992600	-0.021057
120.992700	-0.013885
120.992800	-0.012207
120.992900	-0.008545
120.993000	-0.004425
120.993100	-0.009918
120.993200	-0.004272
120.993300	-0.002136
120.993400	0.005035
120.993500	0.010681
120.993600	0.007629
120.993700	0.001984
120.993800	0.000458
120.993900	0.002441
120.994000	0.002747
120.994100	0.001831
120.994200	-0.003357
120.994300	-0.007324
120.994400	-0.004120
120.994500	-0.003967
120.994600	-0.006104
120.994700	-0.008698
120.994800	-0.003052
120.994900	-0.008392
120.995000	-0.005646
120.995100	0.007477
120.995200	0.015564
120.995300	0.045319
120.995400	0.080414
120.995500	0.146637
120.995600	0.222168
120.995700	0.319977
120.995800	0.425568
120.995900	0.520172
120.996000	0.598755
120.996100	0.639038
120.996200	0.664215
120.996300	0.651855
120.996400	0.612030
120.996500	0.538940
120.996600	0.445862
120.996700	0.317841
120.996800	0.167694
120.996900	-0.005188
120.997000	-0.189362
120.997100	-0.354462
120.997200	-0.513916
120.997300	-0.649872
120.997400	-0.760651
120.997500	-0.837402
120.997600	-0.883789
120.997700	-0.902863
120.997800	-0.898437
120.997900	-0.870056
120.998000	-0.804291
120.998100	-0.708313
120.998200	-0.589752
120.998300	-0.479584
120.998400	-0.360870
120.998500	-0.255890
120.998600	-0.166321
120.998700	-0.101471
120.998800	-0.059814
120.998900	-0.030823
120.999000	-0.009155
120.999100	0.003967
120.999200	0.000610
120.999300	0.000153
120.999400	0.003662
120.999500	0.002289
120.999600	0.001221
120.999700	-0.003967
120.999800	0.000763
120.999900	0.009460
121.000000	0.009308
121.000100	0.002441
121.000200	0.011597
121.000300	0.010071
121.000400	0.011902
121.000500	0.015869
121.000600	0.014343
121.000700	0.024414
121.000800	0.027008
121.000900	0.025330
121.001000	0.020905
121.001100	0.018158
121.001200	0.013275
121.001300	0.014038
121.001400	0.011749
121.001500	0.009308
121.001600	0.010834
121.001700	0.007477
121.001800	0.001068
121.001900	0.002747
121.002000	0.000153
121.002100	-0.006561
121.002200	-0.001984
121.002300	-0.002747
121.002400	0.001678
121.002500	0.004425
121.002600	0.007629
121.002700	0.003662
121.002800	0.000916
121.002900	0.003052
121.003000	-0.000153
121.003100	0.005646
121.003200	0.008087
121.003300	0.004578
121.003400	0.003052
121.003500	-0.004272
121.003600	-0.008087
121.003700	-0.009766
121.003800	-0.012665
121.003900	-0.016937
121.004000	-0.018158
121.004100	-0.025635
121.004200	-0.030060
121.004300	-0.028992
121.004400	-0.031738
121.004500	-0.031586
121.004600	-0.026550
121.004700	-0.023499
121.004800	-0.025177
121.004900	-0.025635
121.005000	-0.019379
121.005100	-0.019226
121.005200	-0.015869
121.005300	-0.014801
121.005400	-0.009766
121.005500	-0.002899
121.005600	-0.003510
121.005700	-0.002899
121.005800	-0.001831
121.005900	-0.005035
121.006000	-0.001831
121.006100	-0.003510
121.006200	-0.006866
121.006300	-0.002594
121.006400	-0.005493
121.006500	-0.006714
121.006600	-0.007782
121.006700	-0.010071
121.006800	-0.008545
121.006900	-0.009308
121.007000	-0.005493
121.007100	-0.009003
121.007200	-0.008087
121.007300	-0.007782
121.007400	-0.003204
121.007500	0.012512
121.007600	0.019073
121.007700	0.020294
121.007800	0.019836
121.007900	0.023651
121.008000	0.023804
121.008100	0.025024
121.008200	0.017700
121.008300	0.012360
121.008400	0.002441
121.008500	-0.005798
121.008600	-0.020752
121.008700	-0.029144
121.008800	-0.036469
121.008900	-0.047455
121.009000	-0.050201
121.009100	-0.060577
121.009200	-0.057983
121.009300	-0.054474
121.009400	-0.042419
121.009500	-0.028381
121.009600	-0.000763
121.009700	0.027924
121.009800	0.066376
121.009900	0.130005
121.010000	0.191345
121.010100	0.267944
121.010200	0.354919
121.010300	0.443115
121.010400	0.507507
121.010500	0.540009
121.010600	0.540924
121.010700	0.514069
121.010800	0.467834
121.010900	0.417633
121.011000	0.367432
121.011100	0.307617
121.011200	0.253601
121.011300	0.201416
121.011400	0.155640
121.011500	0.108795
121.011600	0.053101
121.011700	-0.000458
121.011800	-0.037231
121.011900	-0.082550
121.012000	-0.119781
121.012100	-0.157166
121.012200	-0.190735
121.012300	-0.229340
121.012400	-0.266571
121.012500	-0.307312
121.012600	-0.346832
121.012700	-0.386963
121.012800	-0.430908
121.012900	-0.464325
121.013000	-0.505066
121.013100	-0.514984
121.013200	-0.498810
121.013300	-0.453644
121.013400	-0.379181
121.013500	-0.310059
121.013600	-0.240936
121.013700	-0.176697
121.013800	-0.124512
121.013900	-0.071716
121.014000	-0.044403
121.014100	-0.045624
121.014200	-0.069275
121.014300	-0.103455
121.014400	-0.138855
121.014500	-0.184479
121.014600	-0.229797
121.014700	-0.272827
121.014800	-0.300140
121.014900	-0.321960
121.015000	-0.323639
121.015100	-0.324860
121.015200	-0.319824
121.015300	-0.303650
121.015400	-0.283203
121.015500	-0.239868
121.015600	-0.192871
121.015700	-0.146332
121.015800	-0.087891
121.015900	-0.031738
121.016000	0.020294
121.016100	0.084076
121.016200	0.135956
121.016300	0.185394
121.016400	0.217438
121.016500	0.242157
121.016600	0.248108
121.016700	0.245819
121.016800	0.232697
121.016900	0.197296
121.017000	0.149841
121.017100	0.088501
121.017200	0.023193
121.017300	-0.045624
121.017400	-0.111694
121.017500	-0.168610
121.017600	-0.208435
121.017700	-0.240936
121.017800	-0.258026
121.017900	-0.259857
121.018000	-0.252228
121.018100	-0.237885
121.018200	-0.216370
121.018300	-0.191345
121.018400	-0.151825
121.018500	-0.110474
121.018600	-0.079651
121.018700	-0.056152
121.018800	-0.038452
121.018900	-0.032806
121.019000	-0.032501
121.019100	-0.034637
121.019200	-0.038910
121.019300	-0.041351
121.019400	-0.039520
121.019500	-0.037079
121.019600	-0.031891
121.019700	-0.033264
121.019800	-0.030823
121.019900	-0.028076
121.020000	-0.031586
121.020100	-0.030823
121.020200	-0.029602
121.020300	-0.026855
121.020400	-0.016785
121.020500	-0.016479
121.020600	-0.010376
121.020700	-0.007935
121.020800	-0.005798
121.020900	0.001526
121.021000	-0.000763
121.021100	0.004425
121.021200	0.012970
121.021300	0.005798
121.021400	0.013275
121.021500	0.013428
121.021600	0.010071
121.021700	0.012054
121.021800	0.012970
121.021900	0.010681
121.022000	0.007935
121.022100	0.013733
121.022200	0.015259
121.022300	0.014801
121.022400	0.019531
121.022500	0.029449
121.022600	0.034027
121.022700	0.043793
121.022800	0.043030
121.022900	0.043030
121.023000	0.037537
121.023100	0.030060
121.023200	0.033264
121.023300	0.025177
121.023400	0.023651
121.023500	0.021973
121.023600	0.016479
121.023700	0.007477
121.023800	0.010529
121.023900	0.001831
121.024000	-0.007477
121.024100	-0.012207
121.024200	-0.014801
121.024300	-0.019073
121.024400	-0.023804
121.024500	-0.033417
121.024600	-0.038452
121.024700	-0.038757
121.024800	-0.038300
121.024900	-0.042267
121.025000	-0.033875
121.025100	-0.037384
121.025200	-0.040436
121.025300	-0.026550
121.025400	-0.028076
121.025500	-0.033875
121.025600	-0.022736
121.025700	-0.028381
121.025800	-0.027924
121.025900	-0.025635
121.026000	-0.019836
121.026100	-0.017548
121.026200	-0.009766
121.026300	-0.011749
121.026400	-0.008698
121.026500	-0.009460
121.026600	-0.009918
121.026700	-0.007019
121.026800	-0.009918
121.026900	-0.002747
121.027000	0.001678
121.027100	0.009003
121.027200	0.016785
121.027300	0.017700
121.027400	0.014648
121.027500	0.019379
121.027600	0.021210
121.027700	0.018768
121.027800	0.021973
121.027900	0.021973
121.028000	0.010223
121.028100	0.003662
121.028200	0.001068
121.028300	-0.004120
121.028400	-0.014496
121.028500	-0.018768
121.028600	-0.024261
121.028700	-0.034180
121.028800	-0.041199
121.028900	-0.047150
121.029000	-0.050964
121.029100	-0.061646
121.029200	-0.063934
121.029300	-0.068970
121.029400	-0.070496
121.029500	-0.067444
121.029600	-0.062561
121.029700	-0.051880
121.029800	-0.045929
121.029900	-0.040131
121.030000	-0.040741
121.030100	-0.033875
121.030200	-0.027313
121.030300	-0.024719
121.030400	-0.018463
121.030500	-0.016022
121.030600	-0.015717
121.030700	-0.017090
121.030800	-0.013275
121.030900	-0.015717
121.031000	-0.015564
121.031100	-0.019989
121.031200	-0.015411
121.031300	-0.012665
121.031400	-0.012512
121.031500	-0.013580
121.031600	-0.014343
121.031700	-0.015259
121.031800	-0.016327
121.031900	-0.019684
121.032000	-0.014801
121.032100	-0.019379
121.032200	-0.018005
121.032300	-0.022736
121.032400	-0.026703
121.032500	-0.030060
121.032600	-0.037689
121.032700	-0.040588
121.032800	-0.039825
121.032900	-0.040741
121.033000	-0.037537
121.033100	-0.034943
121.033200	-0.020599
121.033300	0.001678
121.033400	0.033112
121.033500	0.082092
121.033600	0.142517
121.033700	0.208740
121.033800	0.286407
121.033900	0.353546
121.034000	0.394287
121.034100	0.395966
121.034200	0.374908
121.034300	0.331573
121.034400	0.285187
121.034500	0.249329
121.034600	0.188904
121.034700	0.128937
121.034800	0.066223
121.034900	-0.007019
121.035000	-0.077820
121.035100	-0.150604
121.035200	-0.213318
121.035300	-0.266571
121.035400	-0.313416
121.035500	-0.348969
121.035600	-0.377350
121.035700	-0.406952
121.035800	-0.414276
121.035900	-0.417175
121.036000	-0.388336
121.036100	-0.329285
121.036200	-0.237122
121.036300	-0.122223
121.036400	-0.009003
121.036500	0.109406
121.036600	0.202942
121.036700	0.279236
121.036800	0.325470
