354.762500	0.049591
354.762600	0.049744
354.762700	0.049896
354.762800	0.047607
354.762900	0.048065
354.763000	0.046539
354.763100	0.046844
354.763200	0.053253
354.763300	0.052948
354.763400	0.047607
354.763500	0.049286
354.763600	0.053101
354.763700	0.054321
354.763800	0.053253
354.763900	0.046997
354.764000	0.048828
354.764100	0.048676
354.764200	0.043335
354.764300	0.046997
354.764400	0.043335
354.764500	0.046539
354.764600	0.042267
354.764700	0.045013
354.764800	0.045319
354.764900	0.043945
354.765000	0.047607
354.765100	0.046234
354.765200	0.040894
354.765300	0.040588
354.765400	0.045929
354.765500	0.048523
354.765600	0.048523
354.765700	0.042267
354.765800	0.042572
354.765900	0.041962
354.766000	0.041504
354.766100	0.040436
354.766200	0.042725
354.766300	0.042267
354.766400	0.036316
354.766500	0.042419
354.766600	0.040131
354.766700	0.043488
354.766800	0.043488
354.766900	0.044556
354.767000	0.037689
354.767100	0.042877
354.767200	0.040131
354.767300	0.041504
354.767400	0.041962
354.767500	0.039215
354.767600	0.041809
354.767700	0.043640
354.767800	0.036621
354.767900	0.040588
354.768000	0.038452
354.768100	0.040588
354.768200	0.038452
354.768300	0.043488
354.768400	0.043030
354.768500	0.041962
354.768600	0.038605
354.768700	0.040894
354.768800	0.038147
354.768900	0.043488
354.769000	0.036011
354.769100	0.037689
354.769200	0.037689
354.769300	0.037384
354.769400	0.038605
354.769500	0.039978
354.769600	0.039673
354.769700	0.037842
354.769800	0.042572
354.769900	0.041199
354.770000	0.039215
354.770100	0.039978
354.770200	0.043488
354.770300	0.038300
354.770400	0.036011
354.770500	0.043182
354.770600	0.039520
354.770700	0.042725
354.770800	0.040741
354.770900	0.037231
354.771000	0.039062
354.771100	0.040741
354.771200	0.040436
354.771300	0.037384
354.771400	0.042572
354.771500	0.039215
354.771600	0.033875
354.771700	0.037537
354.771800	0.039215
354.771900	0.043945
354.772000	0.040283
354.772100	0.040436
354.772200	0.044403
354.772300	0.042114
354.772400	0.043335
354.772500	0.043182
354.772600	0.040588
354.772700	0.043488
354.772800	0.045776
354.772900	0.042267
354.773000	0.046692
354.773100	0.045929
354.773200	0.045471
354.773300	0.046082
354.773400	0.046387
354.773500	0.042267
354.773600	0.041656
354.773700	0.044708
354.773800	0.045929
354.773900	0.050507
354.774000	0.052490
354.774100	0.052643
354.774200	0.050507
354.774300	0.050812
354.774400	0.049286
354.774500	0.049133
354.774600	0.049133
354.774700	0.052338
354.774800	0.048828
354.774900	0.054932
354.775000	0.050812
354.775100	0.052948
354.775200	0.048981
354.775300	0.054779
354.775400	0.052338
354.775500	0.059967
354.775600	0.054932
354.775700	0.057220
354.775800	0.056458
354.775900	0.057983
354.776000	0.056000
354.776100	0.056763
354.776200	0.054626
354.776300	0.052032
354.776400	0.052490
354.776500	0.056000
354.776600	0.053406
354.776700	0.054626
354.776800	0.054474
354.776900	0.052795
354.777000	0.054779
354.777100	0.052032
354.777200	0.053406
354.777300	0.055237
354.777400	0.059052
354.777500	0.060425
354.777600	0.062256
354.777700	0.059204
354.777800	0.059814
354.777900	0.057220
354.778000	0.063477
354.778100	0.059204
354.778200	0.059357
354.778300	0.060120
354.778400	0.060272
354.778500	0.062103
354.778600	0.062866
354.778700	0.063477
354.778800	0.063324
354.778900	0.066376
354.779000	0.061951
354.779100	0.057068
354.779200	0.067444
354.779300	0.062561
354.779400	0.063477
354.779500	0.067749
354.779600	0.065308
354.779700	0.066681
354.779800	0.065308
354.779900	0.062866
354.780000	0.061951
354.780100	0.064545
354.780200	0.062256
354.780300	0.067749
354.780400	0.068054
354.780500	0.068665
354.780600	0.065918
354.780700	0.063477
354.780800	0.066986
354.780900	0.065918
354.781000	0.064850
354.781100	0.068359
354.781200	0.067291
354.781300	0.068970
354.781400	0.064697
354.781500	0.067444
354.781600	0.065155
354.781700	0.068359
354.781800	0.066681
354.781900	0.066071
354.782000	0.067749
354.782100	0.067902
354.782200	0.066376
354.782300	0.064850
354.782400	0.068970
354.782500	0.065613
354.782600	0.063934
354.782700	0.069427
354.782800	0.067596
354.782900	0.067749
354.783000	0.067596
354.783100	0.065765
354.783200	0.072174
354.783300	0.070801
354.783400	0.070496
354.783500	0.072479
354.783600	0.065308
354.783700	0.066528
354.783800	0.063934
354.783900	0.063324
354.784000	0.061798
354.784100	0.065155
354.784200	0.068665
354.784300	0.068665
354.784400	0.065002
354.784500	0.061798
354.784600	0.062866
354.784700	0.060577
354.784800	0.063934
354.784900	0.063782
354.785000	0.065918
354.785100	0.064087
354.785200	0.065308
354.785300	0.064087
354.785400	0.066833
354.785500	0.068359
354.785600	0.063782
354.785700	0.066071
354.785800	0.062561
354.785900	0.064240
354.786000	0.065918
354.786100	0.065765
354.786200	0.064087
354.786300	0.061340
354.786400	0.060120
354.786500	0.064850
354.786600	0.063171
354.786700	0.063629
354.786800	0.057068
354.786900	0.064087
354.787000	0.068207
354.787100	0.062256
354.787200	0.064087
354.787300	0.062103
354.787400	0.064697
354.787500	0.066528
354.787600	0.063171
354.787700	0.065155
354.787800	0.065765
354.787900	0.065918
354.788000	0.063934
354.788100	0.061188
354.788200	0.063019
354.788300	0.067444
354.788400	0.064545
354.788500	0.065613
354.788600	0.067444
354.788700	0.066681
354.788800	0.061188
354.788900	0.062256
354.789000	0.061493
354.789100	0.064850
354.789200	0.061188
354.789300	0.062103
354.789400	0.060272
354.789500	0.059814
354.789600	0.065002
354.789700	0.067444
354.789800	0.068207
354.789900	0.065002
354.790000	0.069275
354.790100	0.064240
354.790200	0.061340
354.790300	0.063782
354.790400	0.068665
354.790500	0.068054
354.790600	0.066223
354.790700	0.064392
354.790800	0.063477
354.790900	0.063171
354.791000	0.066071
354.791100	0.062866
354.791200	0.066681
354.791300	0.062103
354.791400	0.067444
354.791500	0.069733
354.791600	0.061646
354.791700	0.069427
354.791800	0.068054
354.791900	0.066528
354.792000	0.065460
354.792100	0.068359
354.792200	0.068359
354.792300	0.067596
354.792400	0.065155
354.792500	0.065918
354.792600	0.066986
354.792700	0.064850
354.792800	0.069580
354.792900	0.067444
354.793000	0.063934
354.793100	0.071106
354.793200	0.070038
354.793300	0.067291
354.793400	0.067902
354.793500	0.066376
354.793600	0.065308
354.793700	0.069275
354.793800	0.070496
354.793900	0.066986
354.794000	0.069122
354.794100	0.066071
354.794200	0.064545
354.794300	0.068970
354.794400	0.064087
354.794500	0.061493
354.794600	0.068054
354.794700	0.064545
354.794800	0.063171
354.794900	0.065613
354.795000	0.070190
354.795100	0.069885
354.795200	0.063171
354.795300	0.064392
354.795400	0.067291
354.795500	0.060272
354.795600	0.065613
354.795700	0.072174
354.795800	0.065155
354.795900	0.064240
354.796000	0.065918
354.796100	0.065918
354.796200	0.065918
354.796300	0.065155
354.796400	0.063629
354.796500	0.062408
354.796600	0.064087
354.796700	0.062561
354.796800	0.065002
354.796900	0.065460
354.797000	0.070190
354.797100	0.068817
354.797200	0.063782
354.797300	0.069122
354.797400	0.065460
354.797500	0.067902
354.797600	0.061035
354.797700	0.065613
354.797800	0.061951
354.797900	0.064392
354.798000	0.063171
354.798100	0.063477
354.798200	0.067902
354.798300	0.060425
354.798400	0.059509
354.798500	0.062256
354.798600	0.060425
354.798700	0.062256
354.798800	0.056458
354.798900	0.058136
354.799000	0.064392
354.799100	0.061646
354.799200	0.055237
354.799300	0.057678
354.799400	0.058289
354.799500	0.059357
354.799600	0.065613
354.799700	0.063477
354.799800	0.057983
354.799900	0.059967
354.800000	0.055847
354.800100	0.063324
354.800200	0.063324
354.800300	0.055237
354.800400	0.055389
354.800500	0.060120
354.800600	0.055695
354.800700	0.056152
354.800800	0.059509
354.800900	0.052948
354.801000	0.056763
354.801100	0.056915
354.801200	0.051727
354.801300	0.051880
354.801400	0.058136
354.801500	0.054169
354.801600	0.055695
354.801700	0.057526
354.801800	0.056458
354.801900	0.052490
354.802000	0.054474
354.802100	0.058594
354.802200	0.062714
354.802300	0.061340
354.802400	0.059204
354.802500	0.063477
354.802600	0.060120
354.802700	0.065002
354.802800	0.060425
354.802900	0.063019
354.803000	0.065002
354.803100	0.062408
354.803200	0.059967
354.803300	0.056152
354.803400	0.059814
354.803500	0.058594
354.803600	0.065308
354.803700	0.066986
354.803800	0.064545
354.803900	0.058441
354.804000	0.064240
354.804100	0.064697
354.804200	0.065918
354.804300	0.064087
354.804400	0.058899
354.804500	0.062408
354.804600	0.063934
354.804700	0.068817
354.804800	0.065918
354.804900	0.058289
354.805000	0.058289
354.805100	0.061798
354.805200	0.063019
354.805300	0.061798
354.805400	0.062103
354.805500	0.057983
354.805600	0.059814
354.805700	0.067291
354.805800	0.065765
354.805900	0.070190
354.806000	0.064240
354.806100	0.065155
354.806200	0.064545
354.806300	0.064087
354.806400	0.063477
354.806500	0.063782
354.806600	0.070038
354.806700	0.066986
354.806800	0.068512
354.806900	0.063171
354.807000	0.069122
354.807100	0.072021
354.807200	0.070801
354.807300	0.068512
354.807400	0.069580
354.807500	0.069122
354.807600	0.062561
354.807700	0.067291
354.807800	0.070953
354.807900	0.071716
354.808000	0.071411
354.808100	0.073700
354.808200	0.074615
354.808300	0.073395
354.808400	0.072021
354.808500	0.070648
354.808600	0.071106
354.808700	0.072479
354.808800	0.072937
354.808900	0.072021
354.809000	0.068207
354.809100	0.074921
354.809200	0.074615
354.809300	0.072479
354.809400	0.071106
354.809500	0.066071
354.809600	0.063782
354.809700	0.064392
354.809800	0.065613
354.809900	0.066528
354.810000	0.066833
354.810100	0.073700
354.810200	0.072021
354.810300	0.071869
354.810400	0.066833
354.810500	0.066071
354.810600	0.069580
354.810700	0.071716
354.810800	0.074158
354.810900	0.070190
354.811000	0.065308
354.811100	0.068207
354.811200	0.071716
354.811300	0.068359
354.811400	0.067291
354.811500	0.064392
354.811600	0.060883
354.811700	0.066376
354.811800	0.067596
354.811900	0.066071
354.812000	0.062103
354.812100	0.063477
354.812200	0.060577
354.812300	0.057068
354.812400	0.061340
354.812500	0.057831
354.812600	0.059967
354.812700	0.057220
354.812800	0.055695
354.812900	0.054932
354.813000	0.056305
354.813100	0.055237
354.813200	0.059204
354.813300	0.057526
354.813400	0.054016
354.813500	0.057526
354.813600	0.052185
354.813700	0.048065
354.813800	0.053406
354.813900	0.049286
354.814000	0.046692
354.814100	0.049438
354.814200	0.053711
354.814300	0.052948
354.814400	0.049133
354.814500	0.046997
354.814600	0.043640
354.814700	0.050964
354.814800	0.048218
354.814900	0.050354
354.815000	0.048676
354.815100	0.046234
354.815200	0.043793
354.815300	0.043945
354.815400	0.040131
354.815500	0.041351
354.815600	0.044250
354.815700	0.047607
354.815800	0.042267
354.815900	0.039978
354.816000	0.039825
