408.829700	0.114288
408.829800	0.118561
408.829900	0.135193
408.830000	0.171051
408.830100	0.220490
408.830200	0.308533
408.830300	0.435181
408.830400	0.596008
408.830500	0.742493
408.830600	0.825195
408.830700	0.846405
408.830800	0.829163
408.830900	0.788269
408.831000	0.712891
408.831100	0.561829
408.831200	0.326538
408.831300	0.041046
408.831400	-0.244904
408.831500	-0.486908
408.831600	-0.633392
408.831700	-0.713196
408.831800	-0.749359
408.831900	-0.762939
408.832000	-0.750122
408.832100	-0.693054
408.832200	-0.558319
408.832300	-0.374756
408.832400	-0.206146
408.832500	-0.074615
408.832600	0.023041
408.832700	0.075226
408.832800	0.102081
408.832900	0.121460
408.833000	0.122986
408.833100	0.128174
408.833200	0.123596
408.833300	0.135498
408.833400	0.131073
408.833500	0.138550
408.833600	0.145264
408.833700	0.155792
408.833800	0.174255
408.833900	0.177917
408.834000	0.192261
408.834100	0.182190
408.834200	0.167084
408.834300	0.150146
408.834400	0.143890
408.834500	0.139313
408.834600	0.143738
408.834700	0.158081
408.834800	0.183563
408.834900	0.202332
408.835000	0.208893
408.835100	0.185852
408.835200	0.160065
408.835300	0.128937
408.835400	0.103760
408.835500	0.087738
408.835600	0.079193
408.835700	0.074158
408.835800	0.070343
408.835900	0.065613
408.836000	0.068817
408.836100	0.066376
408.836200	0.068054
408.836300	0.064850
408.836400	0.060120
408.836500	0.050812
408.836600	0.040894
408.836700	0.033875
408.836800	0.045319
408.836900	0.045166
408.837000	0.055084
408.837100	0.058441
408.837200	0.073700
408.837300	0.081177
408.837400	0.097198
408.837500	0.126648
408.837600	0.171356
408.837700	0.229340
408.837800	0.300446
408.837900	0.379333
408.838000	0.445709
408.838100	0.477448
408.838200	0.489197
408.838300	0.456543
408.838400	0.411072
408.838500	0.355835
408.838600	0.285950
408.838700	0.210266
408.838800	0.130920
408.838900	0.043945
408.839000	-0.046539
408.839100	-0.126038
408.839200	-0.200195
408.839300	-0.265961
408.839400	-0.319824
408.839500	-0.350952
408.839600	-0.372925
408.839700	-0.372925
408.839800	-0.339661
408.839900	-0.275116
408.840000	-0.191498
408.840100	-0.111389
408.840200	-0.049286
408.840300	0.005646
408.840400	0.053558
408.840500	0.088959
408.840600	0.111237
408.840700	0.130005
408.840800	0.138245
408.840900	0.149078
408.841000	0.148163
408.841100	0.140991
408.841200	0.128632
408.841300	0.109863
408.841400	0.089722
408.841500	0.068665
408.841600	0.048370
408.841700	0.029602
408.841800	0.020905
408.841900	0.011292
408.842000	0.000458
408.842100	-0.001221
408.842200	-0.004272
408.842300	0.002136
408.842400	0.006714
408.842500	0.013428
408.842600	0.024109
408.842700	0.024414
408.842800	0.028076
408.842900	0.043488
408.843000	0.044098
408.843100	0.046539
408.843200	0.052032
408.843300	0.061188
408.843400	0.063324
408.843500	0.076141
408.843600	0.076141
408.843700	0.075226
408.843800	0.079346
408.843900	0.079193
408.844000	0.078583
408.844100	0.071259
408.844200	0.074463
408.844300	0.074310
408.844400	0.077667
408.844500	0.067902
408.844600	0.064392
408.844700	0.066376
408.844800	0.070801
408.844900	0.070038
408.845000	0.070343
408.845100	0.071564
408.845200	0.072479
408.845300	0.069733
408.845400	0.071869
408.845500	0.073242
408.845600	0.072021
408.845700	0.071564
408.845800	0.073395
408.845900	0.071106
408.846000	0.068665
408.846100	0.071564
408.846200	0.058746
408.846300	0.061951
408.846400	0.066681
408.846500	0.067291
408.846600	0.063477
408.846700	0.066376
408.846800	0.062103
408.846900	0.064087
408.847000	0.063019
408.847100	0.060425
408.847200	0.062866
408.847300	0.064240
408.847400	0.063782
408.847500	0.063019
408.847600	0.060120
408.847700	0.056763
408.847800	0.059357
408.847900	0.060577
408.848000	0.057983
408.848100	0.057678
408.848200	0.058594
408.848300	0.062408
408.848400	0.071106
408.848500	0.070801
408.848600	0.070190
408.848700	0.074158
408.848800	0.084381
408.848900	0.081482
408.849000	0.080414
408.849100	0.080566
408.849200	0.085449
408.849300	0.084991
408.849400	0.088806
408.849500	0.086823
408.849600	0.084686
408.849700	0.084991
408.849800	0.080414
408.849900	0.074921
408.850000	0.071106
408.850100	0.063019
408.850200	0.051880
408.850300	0.053101
408.850400	0.051727
408.850500	0.048676
408.850600	0.054321
408.850700	0.061035
408.850800	0.070190
408.850900	0.104065
408.851000	0.187225
408.851100	0.299988
408.851200	0.485382
408.851300	0.731049
408.851400	1.025848
408.851500	1.256409
408.851600	1.372986
408.851700	1.414032
408.851800	1.421051
408.851900	1.382751
408.852000	1.232452
408.852100	0.923004
408.852200	0.489502
408.852300	0.024567
408.852400	-0.462341
408.852500	-0.884094
408.852600	-1.163635
408.852700	-1.391907
408.852800	-1.421661
408.852900	-1.387939
408.853000	-1.337738
408.853100	-1.253204
408.853200	-1.194916
408.853300	-0.809326
408.853400	-0.523987
408.853500	-0.295563
408.853600	-0.132141
408.853700	-0.036774
408.853800	0.006714
408.853900	0.013275
408.854000	0.008850
408.854100	0.002747
408.854200	-0.001984
408.854300	-0.000763
408.854400	0.001221
408.854500	0.004730
408.854600	0.008850
408.854700	0.013275
408.854800	0.019531
408.854900	0.034180
408.855000	0.048981
408.855100	0.059204
408.855200	0.074158
408.855300	0.092926
408.855400	0.104675
408.855500	0.121613
408.855600	0.140228
408.855700	0.152435
408.855800	0.158691
408.855900	0.158386
408.856000	0.154572
408.856100	0.148926
408.856200	0.139923
408.856300	0.125885
408.856400	0.102386
408.856500	0.079803
408.856600	0.058594
408.856700	0.038452
408.856800	0.029449
408.856900	0.021667
408.857000	0.019531
408.857100	0.023651
408.857200	0.030518
408.857300	0.065613
408.857400	0.121002
408.857500	0.210114
408.857600	0.321350
408.857700	0.462189
408.857800	0.596008
408.857900	0.671234
408.858000	0.686493
408.858100	0.669861
408.858200	0.628815
408.858300	0.553436
408.858400	0.435028
408.858500	0.266876
408.858600	0.074615
408.858700	-0.123291
408.858800	-0.292816
408.858900	-0.417786
408.859000	-0.499878
408.859100	-0.547485
408.859200	-0.574188
408.859300	-0.570068
408.859400	-0.512543
408.859500	-0.405884
408.859600	-0.254364
408.859700	-0.122223
408.859800	-0.021362
408.859900	0.048218
408.860000	0.087280
408.860100	0.106354
408.860200	0.115814
408.860300	0.121155
408.860400	0.124054
408.860500	0.128937
408.860600	0.139313
408.860700	0.180969
408.860800	0.254364
408.860900	0.338898
408.861000	0.436096
408.861100	0.505371
408.861200	0.521393
408.861300	0.509491
408.861400	0.507507
408.861500	0.510254
408.861600	0.507050
408.861700	0.466614
408.861800	0.343628
408.861900	0.150452
408.862000	-0.066071
408.862100	-0.287933
408.862200	-0.482941
408.862300	-0.595093
408.862400	-0.624695
408.862500	-0.618134
408.862600	-0.601044
408.862700	-0.577240
408.862800	-0.540619
408.862900	-0.444183
408.863000	-0.307007
408.863100	-0.169373
408.863200	-0.060272
408.863300	0.021362
408.863400	0.068054
408.863500	0.097656
408.863600	0.114136
408.863700	0.135040
408.863800	0.165710
408.863900	0.220337
408.864000	0.289764
408.864100	0.373688
408.864200	0.455322
408.864300	0.498352
408.864400	0.509644
408.864500	0.481567
408.864600	0.440216
408.864700	0.379028
408.864800	0.293274
408.864900	0.206146
408.865000	0.106812
408.865100	0.010223
408.865200	-0.084381
408.865300	-0.173340
408.865400	-0.238495
408.865500	-0.294647
408.865600	-0.317993
408.865700	-0.335083
408.865800	-0.320587
408.865900	-0.257416
408.866000	-0.184479
408.866100	-0.097961
408.866200	-0.028076
408.866300	0.028076
408.866400	0.054169
408.866500	0.074768
408.866600	0.079346
408.866700	0.076599
408.866800	0.080109
408.866900	0.073395
408.867000	0.074463
408.867100	0.069122
408.867200	0.068359
408.867300	0.073242
408.867400	0.080109
408.867500	0.083160
408.867600	0.075684
408.867700	0.081177
408.867800	0.089417
408.867900	0.094452
408.868000	0.105896
408.868100	0.111084
408.868200	0.116272
408.868300	0.119629
408.868400	0.122833
408.868500	0.118256
408.868600	0.110474
408.868700	0.099182
408.868800	0.088654
408.868900	0.077209
408.869000	0.062561
408.869100	0.049438
408.869200	0.041809
408.869300	0.035095
408.869400	0.034790
408.869500	0.042114
408.869600	0.043793
408.869700	0.046082
408.869800	0.053711
408.869900	0.067444
408.870000	0.067749
408.870100	0.068359
408.870200	0.077209
408.870300	0.086670
408.870400	0.089722
408.870500	0.091400
408.870600	0.096283
408.870700	0.101318
408.870800	0.104065
408.870900	0.110931
408.871000	0.120850
408.871100	0.136414
408.871200	0.158997
408.871300	0.171661
408.871400	0.183258
408.871500	0.189667
408.871600	0.190735
408.871700	0.196991
408.871800	0.204163
408.871900	0.210571
408.872000	0.208740
408.872100	0.189667
408.872200	0.159454
408.872300	0.118103
408.872400	0.077057
408.872500	0.038452
408.872600	-0.002289
408.872700	-0.036163
408.872800	-0.074768
408.872900	-0.104523
408.873000	-0.122681
408.873100	-0.130005
408.873200	-0.104980
408.873300	-0.078430
408.873400	-0.042725
408.873500	-0.007782
408.873600	0.021820
408.873700	0.051422
408.873800	0.074310
408.873900	0.088043
408.874000	0.098877
408.874100	0.129242
408.874200	0.162964
408.874300	0.213776
408.874400	0.276184
408.874500	0.380402
408.874600	0.486603
408.874700	0.595245
408.874800	0.651245
408.874900	0.653229
408.875000	0.620728
408.875100	0.557861
408.875200	0.490570
408.875300	0.415802
408.875400	0.335846
408.875500	0.254364
408.875600	0.178986
408.875700	0.099487
408.875800	0.008850
408.875900	-0.084381
408.876000	-0.180206
408.876100	-0.261078
408.876200	-0.331879
408.876300	-0.401306
408.876400	-0.473480
408.876500	-0.530548
408.876600	-0.550995
408.876700	-0.512390
408.876800	-0.443268
408.876900	-0.357056
408.877000	-0.271149
408.877100	-0.200500
408.877200	-0.139008
408.877300	-0.104065
408.877400	-0.074463
408.877500	-0.051880
408.877600	-0.014496
408.877700	0.052338
408.877800	0.142059
408.877900	0.272522
408.878000	0.459900
408.878100	0.698242
408.878200	0.998077
408.878300	1.331177
408.878400	1.650543
408.878500	1.833344
408.878600	1.855469
408.878700	1.806641
408.878800	1.753082
408.878900	1.700897
408.879000	1.612549
408.879100	1.365051
408.879200	0.896149
408.879300	0.258942
408.879400	-0.458221
408.879500	-1.057129
408.879600	-1.534119
408.879700	-1.760254
408.879800	-1.822205
408.879900	-1.802216
408.880000	-1.746368
408.880100	-1.681061
408.880200	-1.564789
408.880300	-1.338806
408.880400	-1.029663
408.880500	-0.556641
408.880600	-0.226746
408.880700	-0.009918
408.880800	0.105286
408.880900	0.132599
408.881000	0.095825
408.881100	0.019073
408.881200	-0.086365
408.881300	-0.174103
408.881400	-0.248108
408.881500	-0.305481
408.881600	-0.339203
408.881700	-0.351868
408.881800	-0.342255
408.881900	-0.299530
408.882000	-0.229034
408.882100	-0.144501
408.882200	-0.054626
408.882300	0.015106
408.882400	0.073395
408.882500	0.107727
408.882600	0.121765
408.882700	0.127563
408.882800	0.120087
408.882900	0.109406
408.883000	0.097046
408.883100	0.091400
408.883200	0.079346
