14.999300	0.016479
14.999400	0.016479
14.999500	0.014343
14.999600	0.012970
14.999700	0.018005
14.999800	0.018158
14.999900	0.016022
15.000000	0.017700
15.000100	0.017853
15.000200	0.019073
15.000300	0.010071
15.000400	0.014038
15.000500	0.016174
15.000600	0.013580
15.000700	0.011749
15.000800	0.012054
15.000900	0.019989
15.001000	0.014496
15.001100	0.018005
15.001200	0.016479
15.001300	0.015564
15.001400	0.016479
15.001500	0.017700
15.001600	0.017548
15.001700	0.013428
15.001800	0.018311
15.001900	0.016479
15.002000	0.014954
15.002100	0.013428
15.002200	0.013275
15.002300	0.014343
15.002400	0.012512
15.002500	0.009460
15.002600	0.008240
15.002700	0.013580
15.002800	0.016174
15.002900	0.020294
15.003000	0.016174
15.003100	0.015717
15.003200	0.020447
15.003300	0.016479
15.003400	0.018921
15.003500	0.014191
15.003600	0.012207
15.003700	0.018311
15.003800	0.016785
15.003900	0.016327
15.004000	0.017548
15.004100	0.016327
15.004200	0.015564
15.004300	0.012817
15.004400	0.011749
15.004500	0.014954
15.004600	0.016479
15.004700	0.016632
15.004800	0.013275
15.004900	0.015106
15.005000	0.013885
15.005100	0.017395
15.005200	0.015106
15.005300	0.012360
15.005400	0.014496
15.005500	0.016785
15.005600	0.015411
15.005700	0.013885
15.005800	0.011902
15.005900	0.015564
15.006000	0.014038
15.006100	0.014648
15.006200	0.015869
15.006300	0.017395
15.006400	0.014496
15.006500	0.018463
15.006600	0.018463
15.006700	0.016937
15.006800	0.015717
15.006900	0.014648
15.007000	0.013275
15.007100	0.014648
15.007200	0.013123
15.007300	0.020142
15.007400	0.020447
15.007500	0.013428
15.007600	0.016327
15.007700	0.020905
15.007800	0.018768
15.007900	0.020599
15.008000	0.015564
15.008100	0.018311
15.008200	0.016937
15.008300	0.011597
15.008400	0.015564
15.008500	0.013733
15.008600	0.013275
15.008700	0.009766
15.008800	0.014648
15.008900	0.015869
15.009000	0.015259
15.009100	0.016327
15.009200	0.010071
15.009300	0.011902
15.009400	0.014038
15.009500	0.013885
15.009600	0.012360
15.009700	0.011902
15.009800	0.013123
15.009900	0.015717
15.010000	0.013428
15.010100	0.013885
15.010200	0.012054
15.010300	0.013123
15.010400	0.014038
15.010500	0.015411
15.010600	0.020447
15.010700	0.018311
15.010800	0.016327
15.010900	0.017548
15.011000	0.015564
15.011100	0.012817
15.011200	0.017090
15.011300	0.017395
15.011400	0.015411
15.011500	0.017395
15.011600	0.014191
15.011700	0.013428
15.011800	0.011444
15.011900	0.014191
15.012000	0.015717
15.012100	0.017853
15.012200	0.016937
15.012300	0.014648
15.012400	0.016785
15.012500	0.016327
15.012600	0.013885
15.012700	0.016479
15.012800	0.015869
15.012900	0.009766
15.013000	0.014801
15.013100	0.013428
15.013200	0.013275
15.013300	0.013275
15.013400	0.014648
15.013500	0.009155
15.013600	0.014954
15.013700	0.014343
15.013800	0.015564
15.013900	0.012207
15.014000	0.011749
15.014100	0.012360
15.014200	0.010681
15.014300	0.014343
15.014400	0.013123
15.014500	0.010834
15.014600	0.010071
15.014700	0.010071
15.014800	0.013733
15.014900	0.014191
15.015000	0.016632
15.015100	0.016785
15.015200	0.015411
15.015300	0.016785
15.015400	0.008698
15.015500	0.015411
15.015600	0.017700
15.015700	0.017090
15.015800	0.015564
15.015900	0.013123
15.016000	0.016632
15.016100	0.013275
15.016200	0.017090
15.016300	0.011597
15.016400	0.013123
15.016500	0.015869
15.016600	0.016479
15.016700	0.013123
15.016800	0.016327
15.016900	0.017090
15.017000	0.012207
15.017100	0.013733
15.017200	0.014343
15.017300	0.012360
15.017400	0.012817
15.017500	0.017853
15.017600	0.021210
15.017700	0.018768
15.017800	0.015259
15.017900	0.011292
15.018000	0.011444
15.018100	0.010376
15.018200	0.019989
15.018300	0.018921
15.018400	0.014191
15.018500	0.014954
15.018600	0.017090
15.018700	0.016937
15.018800	0.013885
15.018900	0.013428
15.019000	0.016785
15.019100	0.016479
15.019200	0.013733
15.019300	0.013123
15.019400	0.013885
15.019500	0.012665
15.019600	0.013428
15.019700	0.013275
15.019800	0.010223
15.019900	0.012665
15.020000	0.014191
15.020100	0.015564
15.020200	0.017853
15.020300	0.015869
15.020400	0.017395
15.020500	0.014191
15.020600	0.016327
15.020700	0.015717
15.020800	0.015106
15.020900	0.016632
15.021000	0.017700
15.021100	0.018616
15.021200	0.015564
15.021300	0.015564
15.021400	0.016022
15.021500	0.012360
15.021600	0.017548
15.021700	0.018768
15.021800	0.016785
15.021900	0.013885
15.022000	0.015869
15.022100	0.017853
15.022200	0.018005
15.022300	0.017090
15.022400	0.014191
15.022500	0.014038
15.022600	0.013733
15.022700	0.016632
15.022800	0.007019
15.022900	0.009918
15.023000	0.013428
15.023100	0.017395
15.023200	0.018463
15.023300	0.017853
15.023400	0.014038
15.023500	0.014648
15.023600	0.013275
15.023700	0.018921
15.023800	0.019226
15.023900	0.018311
15.024000	0.012512
15.024100	0.012817
15.024200	0.017395
15.024300	0.019226
15.024400	0.017700
15.024500	0.017242
15.024600	0.017700
15.024700	0.019379
15.024800	0.015564
15.024900	0.013428
15.025000	0.011139
15.025100	0.012817
15.025200	0.012970
15.025300	0.014343
15.025400	0.012665
15.025500	0.015259
15.025600	0.013733
15.025700	0.011292
15.025800	0.013428
15.025900	0.019073
15.026000	0.019989
15.026100	0.018463
15.026200	0.013428
15.026300	0.016174
15.026400	0.015259
15.026500	0.018158
15.026600	0.014343
15.026700	0.015106
15.026800	0.020905
15.026900	0.017395
15.027000	0.013885
15.027100	0.013885
15.027200	0.015106
15.027300	0.014801
15.027400	0.017700
15.027500	0.011902
15.027600	0.013428
15.027700	0.012817
15.027800	0.016022
15.027900	0.014038
15.028000	0.010986
15.028100	0.010834
15.028200	0.013733
15.028300	0.013275
15.028400	0.011749
15.028500	0.015411
15.028600	0.017395
15.028700	0.019531
15.028800	0.017395
15.028900	0.014801
15.029000	0.017700
15.029100	0.016785
15.029200	0.012207
15.029300	0.011292
15.029400	0.020752
15.029500	0.015869
15.029600	0.015869
15.029700	0.015259
15.029800	0.019989
15.029900	0.021057
15.030000	0.017548
15.030100	0.011444
15.030200	0.010376
15.030300	0.011597
15.030400	0.011902
15.030500	0.019989
15.030600	0.018311
15.030700	0.017090
15.030800	0.017090
15.030900	0.012817
15.031000	0.014648
15.031100	0.018005
15.031200	0.010376
15.031300	0.012207
15.031400	0.015411
15.031500	0.013428
15.031600	0.012817
15.031700	0.014954
15.031800	0.013123
15.031900	0.015106
15.032000	0.010529
15.032100	0.015869
15.032200	0.014343
15.032300	0.012512
15.032400	0.015869
15.032500	0.014343
15.032600	0.014496
15.032700	0.016174
15.032800	0.014954
15.032900	0.015259
15.033000	0.016327
15.033100	0.016632
15.033200	0.012817
15.033300	0.015564
15.033400	0.013885
15.033500	0.018616
15.033600	0.016785
15.033700	0.013580
15.033800	0.014343
15.033900	0.016327
15.034000	0.014191
15.034100	0.015411
15.034200	0.012360
15.034300	0.015106
15.034400	0.012512
15.034500	0.014343
15.034600	0.013733
15.034700	0.015411
15.034800	0.016479
15.034900	0.018463
15.035000	0.016937
15.035100	0.012054
15.035200	0.017242
15.035300	0.015717
15.035400	0.022583
15.035500	0.019989
15.035600	0.017090
15.035700	0.018616
15.035800	0.012665
15.035900	0.012970
15.036000	0.016479
15.036100	0.014343
15.036200	0.018158
15.036300	0.013123
15.036400	0.013885
15.036500	0.014038
15.036600	0.015259
15.036700	0.016022
15.036800	0.015411
15.036900	0.020142
15.037000	0.016174
15.037100	0.014648
15.037200	0.012054
15.037300	0.014496
15.037400	0.009155
15.037500	0.015869
15.037600	0.016632
15.037700	0.012054
15.037800	0.015411
15.037900	0.019684
15.038000	0.013580
15.038100	0.016174
15.038200	0.012817
15.038300	0.010376
15.038400	0.012360
15.038500	0.012360
15.038600	0.018463
15.038700	0.014954
15.038800	0.017700
15.038900	0.019989
15.039000	0.019226
15.039100	0.017090
15.039200	0.019379
15.039300	0.015869
15.039400	0.016937
15.039500	0.016632
15.039600	0.014496
15.039700	0.015869
15.039800	0.014038
15.039900	0.014343
15.040000	0.017700
15.040100	0.013733
15.040200	0.017700
15.040300	0.013275
15.040400	0.013580
15.040500	0.015717
15.040600	0.016174
15.040700	0.015564
15.040800	0.017395
15.040900	0.013123
15.041000	0.016022
15.041100	0.020905
15.041200	0.019531
15.041300	0.018463
15.041400	0.016174
15.041500	0.016785
15.041600	0.013123
15.041700	0.016479
15.041800	0.016937
15.041900	0.016479
15.042000	0.018005
15.042100	0.018616
15.042200	0.016479
15.042300	0.015259
15.042400	0.017700
15.042500	0.012207
15.042600	0.016174
15.042700	0.013123
15.042800	0.013580
15.042900	0.015106
15.043000	0.013275
15.043100	0.013123
15.043200	0.019684
15.043300	0.014191
15.043400	0.013885
15.043500	0.016632
15.043600	0.015564
15.043700	0.018768
15.043800	0.013580
15.043900	0.020294
15.044000	0.023041
15.044100	0.019684
15.044200	0.016937
15.044300	0.017548
15.044400	0.017700
15.044500	0.016632
15.044600	0.016937
15.044700	0.011292
15.044800	0.009613
15.044900	0.007324
15.045000	0.013275
15.045100	0.012054
15.045200	0.016174
15.045300	0.018463
15.045400	0.014038
15.045500	0.010986
15.045600	0.014343
15.045700	0.016174
15.045800	0.014343
15.045900	0.015259
15.046000	0.010071
15.046100	0.015259
15.046200	0.014954
15.046300	0.016785
15.046400	0.013885
15.046500	0.014801
15.046600	0.015564
15.046700	0.010376
15.046800	0.010834
15.046900	0.013123
15.047000	0.013275
15.047100	0.009918
15.047200	0.014038
15.047300	0.016327
15.047400	0.012817
15.047500	0.016022
15.047600	0.016479
15.047700	0.013733
15.047800	0.013885
15.047900	0.012360
15.048000	0.014801
15.048100	0.013428
15.048200	0.011292
15.048300	0.014191
15.048400	0.011597
15.048500	0.016022
15.048600	0.016174
15.048700	0.016785
15.048800	0.014496
15.048900	0.013580
15.049000	0.013428
15.049100	0.012207
15.049200	0.017395
15.049300	0.016174
15.049400	0.015869
15.049500	0.016785
15.049600	0.018616
15.049700	0.020447
15.049800	0.015106
15.049900	0.016022
15.050000	0.012970
15.050100	0.014038
15.050200	0.017242
15.050300	0.021973
15.050400	0.017548
15.050500	0.012512
15.050600	0.012512
15.050700	0.014038
15.050800	0.016937
15.050900	0.014191
15.051000	0.012207
15.051100	0.013275
15.051200	0.017090
15.051300	0.016785
15.051400	0.015717
15.051500	0.014191
15.051600	0.016479
15.051700	0.015869
15.051800	0.013885
15.051900	0.013123
15.052000	0.011749
15.052100	0.012970
15.052200	0.012512
15.052300	0.017700
15.052400	0.017395
15.052500	0.013123
15.052600	0.018311
15.052700	0.015717
15.052800	0.019073
