304.535300	0.045929
304.535400	0.049438
304.535500	0.050354
304.535600	0.048828
304.535700	0.052338
304.535800	0.046234
304.535900	0.046234
304.536000	0.046692
304.536100	0.044250
304.536200	0.048828
304.536300	0.044250
304.536400	0.043793
304.536500	0.049133
304.536600	0.046387
304.536700	0.047760
304.536800	0.046844
304.536900	0.041504
304.537000	0.047302
304.537100	0.051270
304.537200	0.043640
304.537300	0.048065
304.537400	0.049286
304.537500	0.055389
304.537600	0.051575
304.537700	0.045776
304.537800	0.045624
304.537900	0.052643
304.538000	0.048370
304.538100	0.043335
304.538200	0.046387
304.538300	0.044708
304.538400	0.046997
304.538500	0.042877
304.538600	0.048981
304.538700	0.043640
304.538800	0.048828
304.538900	0.046234
304.539000	0.048065
304.539100	0.046692
304.539200	0.046082
304.539300	0.044250
304.539400	0.051117
304.539500	0.051117
304.539600	0.044556
304.539700	0.042877
304.539800	0.045776
304.539900	0.045166
304.540000	0.046539
304.540100	0.044250
304.540200	0.043793
304.540300	0.047302
304.540400	0.042877
304.540500	0.041656
304.540600	0.043030
304.540700	0.041046
304.540800	0.043945
304.540900	0.048218
304.541000	0.046387
304.541100	0.046082
304.541200	0.044098
304.541300	0.046234
304.541400	0.039673
304.541500	0.046997
304.541600	0.049286
304.541700	0.049896
304.541800	0.044708
304.541900	0.043335
304.542000	0.044098
304.542100	0.045166
304.542200	0.049896
304.542300	0.046082
304.542400	0.046997
304.542500	0.047760
304.542600	0.042572
304.542700	0.045166
304.542800	0.047455
304.542900	0.042267
304.543000	0.042267
304.543100	0.046539
304.543200	0.047302
304.543300	0.039978
304.543400	0.043335
304.543500	0.046692
304.543600	0.041809
304.543700	0.044098
304.543800	0.041046
304.543900	0.043640
304.544000	0.050354
304.544100	0.042725
304.544200	0.046387
304.544300	0.046844
304.544400	0.045624
304.544500	0.050812
304.544600	0.050659
304.544700	0.047607
304.544800	0.048676
304.544900	0.045624
304.545000	0.045166
304.545100	0.046082
304.545200	0.039978
304.545300	0.042419
304.545400	0.043030
304.545500	0.044250
304.545600	0.046387
304.545700	0.043335
304.545800	0.043488
304.545900	0.044098
304.546000	0.044708
304.546100	0.039368
304.546200	0.043488
304.546300	0.045013
304.546400	0.043182
304.546500	0.040894
304.546600	0.043335
304.546700	0.048828
304.546800	0.048218
304.546900	0.048370
304.547000	0.049591
304.547100	0.054321
304.547200	0.048218
304.547300	0.048676
304.547400	0.047607
304.547500	0.045929
304.547600	0.045776
304.547700	0.048981
304.547800	0.047760
304.547900	0.043030
304.548000	0.044250
304.548100	0.045013
304.548200	0.045166
304.548300	0.046234
304.548400	0.051270
304.548500	0.048065
304.548600	0.042877
304.548700	0.041046
304.548800	0.039978
304.548900	0.041199
304.549000	0.046387
304.549100	0.043945
304.549200	0.047760
304.549300	0.047302
304.549400	0.051422
304.549500	0.050659
304.549600	0.045624
304.549700	0.044250
304.549800	0.046844
304.549900	0.044556
304.550000	0.040436
304.550100	0.050201
304.550200	0.045471
304.550300	0.047302
304.550400	0.047455
304.550500	0.045929
304.550600	0.046387
304.550700	0.043640
304.550800	0.046387
304.550900	0.048828
304.551000	0.047302
304.551100	0.045319
304.551200	0.045319
304.551300	0.047455
304.551400	0.042267
304.551500	0.044708
304.551600	0.048828
304.551700	0.049286
304.551800	0.048523
304.551900	0.044708
304.552000	0.048370
304.552100	0.048218
304.552200	0.042877
304.552300	0.041046
304.552400	0.048981
304.552500	0.049286
304.552600	0.045471
304.552700	0.043640
304.552800	0.040894
304.552900	0.038910
304.553000	0.037231
304.553100	0.040131
304.553200	0.045013
304.553300	0.043945
304.553400	0.040283
304.553500	0.039368
304.553600	0.044708
304.553700	0.037842
304.553800	0.042725
304.553900	0.044556
304.554000	0.044861
304.554100	0.042114
304.554200	0.039978
304.554300	0.042267
304.554400	0.040436
304.554500	0.038452
304.554600	0.041199
304.554700	0.041199
304.554800	0.044556
304.554900	0.041504
304.555000	0.043335
304.555100	0.046539
304.555200	0.042114
304.555300	0.044708
304.555400	0.043182
304.555500	0.043488
304.555600	0.045624
304.555700	0.043640
304.555800	0.044403
304.555900	0.042419
304.556000	0.044708
304.556100	0.044708
304.556200	0.043182
304.556300	0.045166
304.556400	0.047455
304.556500	0.045776
304.556600	0.048981
304.556700	0.039368
304.556800	0.048676
304.556900	0.041199
304.557000	0.044098
304.557100	0.050201
304.557200	0.047455
304.557300	0.048523
304.557400	0.041504
304.557500	0.042267
304.557600	0.043030
304.557700	0.044250
304.557800	0.041504
304.557900	0.048828
304.558000	0.048676
304.558100	0.048218
304.558200	0.047760
304.558300	0.047302
304.558400	0.045471
304.558500	0.050507
304.558600	0.049438
304.558700	0.047302
304.558800	0.048676
304.558900	0.047302
304.559000	0.047150
304.559100	0.046539
304.559200	0.040283
304.559300	0.042114
304.559400	0.044250
304.559500	0.040131
304.559600	0.043945
304.559700	0.045471
304.559800	0.042114
304.559900	0.044556
304.560000	0.041046
304.560100	0.044861
304.560200	0.042572
304.560300	0.038452
304.560400	0.041199
304.560500	0.041962
304.560600	0.044250
304.560700	0.041656
304.560800	0.041046
304.560900	0.041962
304.561000	0.041199
304.561100	0.039825
304.561200	0.043182
304.561300	0.042877
304.561400	0.042877
304.561500	0.043030
304.561600	0.046692
304.561700	0.043945
304.561800	0.044556
304.561900	0.042114
304.562000	0.046082
304.562100	0.045166
304.562200	0.040436
304.562300	0.041199
304.562400	0.042877
304.562500	0.044861
304.562600	0.041504
304.562700	0.044098
304.562800	0.043488
304.562900	0.043793
304.563000	0.043945
304.563100	0.045929
304.563200	0.049133
304.563300	0.043945
304.563400	0.053101
304.563500	0.042419
304.563600	0.042419
304.563700	0.039368
304.563800	0.044556
304.563900	0.042572
304.564000	0.044708
304.564100	0.043335
304.564200	0.041046
304.564300	0.043488
304.564400	0.049133
304.564500	0.043793
304.564600	0.046387
304.564700	0.048065
304.564800	0.049286
304.564900	0.045166
304.565000	0.049286
304.565100	0.048828
304.565200	0.045471
304.565300	0.046692
304.565400	0.048981
304.565500	0.044708
304.565600	0.044556
304.565700	0.040588
304.565800	0.045166
304.565900	0.043640
304.566000	0.046387
304.566100	0.042267
304.566200	0.045319
304.566300	0.044861
304.566400	0.046539
304.566500	0.045319
304.566600	0.048523
304.566700	0.046997
304.566800	0.041656
304.566900	0.046692
304.567000	0.043335
304.567100	0.049286
304.567200	0.052032
304.567300	0.051727
304.567400	0.048370
304.567500	0.048218
304.567600	0.049286
304.567700	0.052643
304.567800	0.050049
304.567900	0.051880
304.568000	0.046997
304.568100	0.047455
304.568200	0.048981
304.568300	0.048065
304.568400	0.055695
304.568500	0.048981
304.568600	0.050049
304.568700	0.050812
304.568800	0.049591
304.568900	0.047455
304.569000	0.048370
304.569100	0.049744
304.569200	0.050964
304.569300	0.051727
304.569400	0.054779
304.569500	0.048828
304.569600	0.054932
304.569700	0.051117
304.569800	0.052643
304.569900	0.044861
304.570000	0.053711
304.570100	0.056610
304.570200	0.055695
304.570300	0.056000
304.570400	0.056000
304.570500	0.056152
304.570600	0.056763
304.570700	0.051575
304.570800	0.049591
304.570900	0.052185
304.571000	0.052948
304.571100	0.043182
304.571200	0.053711
304.571300	0.052032
304.571400	0.049591
304.571500	0.050812
304.571600	0.053711
304.571700	0.047913
304.571800	0.049744
304.571900	0.051422
304.572000	0.046997
304.572100	0.048370
304.572200	0.048218
304.572300	0.046539
304.572400	0.044708
304.572500	0.047913
304.572600	0.050049
304.572700	0.046082
304.572800	0.044861
304.572900	0.042877
304.573000	0.042114
304.573100	0.045929
304.573200	0.046692
304.573300	0.041504
304.573400	0.046692
304.573500	0.045929
304.573600	0.044556
304.573700	0.045929
304.573800	0.048981
304.573900	0.048828
304.574000	0.044708
304.574100	0.044861
304.574200	0.049896
304.574300	0.049896
304.574400	0.047607
304.574500	0.046082
304.574600	0.046234
304.574700	0.045929
304.574800	0.044098
304.574900	0.046844
304.575000	0.045166
304.575100	0.045624
304.575200	0.046387
304.575300	0.046692
304.575400	0.047455
304.575500	0.052032
304.575600	0.045013
304.575700	0.040741
304.575800	0.042267
304.575900	0.044556
304.576000	0.045929
304.576100	0.044250
304.576200	0.038757
304.576300	0.043793
304.576400	0.038300
304.576500	0.042725
304.576600	0.039520
304.576700	0.039978
304.576800	0.046844
304.576900	0.046844
304.577000	0.046997
304.577100	0.041046
304.577200	0.047455
304.577300	0.045166
304.577400	0.046387
304.577500	0.043335
304.577600	0.042419
304.577700	0.038757
304.577800	0.042725
304.577900	0.042114
304.578000	0.038910
304.578100	0.047913
304.578200	0.043335
304.578300	0.043488
304.578400	0.037384
304.578500	0.042877
304.578600	0.039978
304.578700	0.039978
304.578800	0.042725
304.578900	0.043030
304.579000	0.043945
304.579100	0.038757
304.579200	0.045013
304.579300	0.044861
304.579400	0.046387
304.579500	0.047913
304.579600	0.048981
304.579700	0.043945
304.579800	0.042419
304.579900	0.040283
304.580000	0.035095
304.580100	0.041809
304.580200	0.042877
304.580300	0.038147
304.580400	0.039978
304.580500	0.042114
304.580600	0.041962
304.580700	0.038910
304.580800	0.040894
304.580900	0.043030
304.581000	0.038910
304.581100	0.041656
304.581200	0.043488
304.581300	0.041656
304.581400	0.040588
304.581500	0.041809
304.581600	0.042267
304.581700	0.039978
304.581800	0.043335
304.581900	0.043182
304.582000	0.044708
304.582100	0.040894
304.582200	0.043945
304.582300	0.045471
304.582400	0.045624
304.582500	0.050964
304.582600	0.050049
304.582700	0.046539
304.582800	0.049896
304.582900	0.043945
304.583000	0.046997
304.583100	0.045929
304.583200	0.040588
304.583300	0.043945
304.583400	0.038300
304.583500	0.045319
304.583600	0.044403
304.583700	0.049591
304.583800	0.045776
304.583900	0.045624
304.584000	0.045166
304.584100	0.047607
304.584200	0.041962
304.584300	0.041504
304.584400	0.042419
304.584500	0.040131
304.584600	0.043182
304.584700	0.045929
304.584800	0.043488
304.584900	0.044556
304.585000	0.050507
304.585100	0.040894
304.585200	0.044403
304.585300	0.042267
304.585400	0.049744
304.585500	0.050354
304.585600	0.044556
304.585700	0.048370
304.585800	0.048981
304.585900	0.043945
304.586000	0.046844
304.586100	0.042877
304.586200	0.044708
304.586300	0.051727
304.586400	0.045929
304.586500	0.044098
304.586600	0.045624
304.586700	0.045319
304.586800	0.049133
304.586900	0.046997
304.587000	0.043182
304.587100	0.038300
304.587200	0.043030
304.587300	0.042572
304.587400	0.042419
304.587500	0.039978
304.587600	0.041199
304.587700	0.046082
304.587800	0.046539
304.587900	0.045166
304.588000	0.044708
304.588100	0.040436
304.588200	0.048065
304.588300	0.044708
304.588400	0.044098
304.588500	0.043182
304.588600	0.040436
304.588700	0.044403
304.588800	0.045319
