146.173700	0.236511
146.173800	0.239563
146.173900	0.245514
146.174000	0.245667
146.174100	0.245972
146.174200	0.241241
146.174300	0.239258
146.174400	0.240784
146.174500	0.265808
146.174600	0.304108
146.174700	0.366211
146.174800	0.432739
146.174900	0.479431
146.175000	0.492249
146.175100	0.486755
146.175200	0.456696
146.175300	0.415039
146.175400	0.351868
146.175500	0.267944
146.175600	0.157471
146.175700	0.046387
146.175800	-0.075684
146.175900	-0.195312
146.176000	-0.293579
146.176100	-0.371399
146.176200	-0.431976
146.176300	-0.457458
146.176400	-0.456848
146.176500	-0.434113
146.176600	-0.396576
146.176700	-0.324097
146.176800	-0.230103
146.176900	-0.135040
146.177000	-0.058136
146.177100	0.006104
146.177200	0.051880
146.177300	0.072021
146.177400	0.087280
146.177500	0.085297
146.177600	0.086060
146.177700	0.084686
146.177800	0.107422
146.177900	0.160980
146.178000	0.236511
146.178100	0.358887
146.178200	0.516968
146.178300	0.702057
146.178400	0.881653
146.178500	1.001892
146.178600	1.071167
146.178700	1.108704
146.178800	1.133575
146.178900	1.161804
146.179000	1.161804
146.179100	1.111450
146.179200	0.984192
146.179300	0.805664
146.179400	0.601807
146.179500	0.388641
146.179600	0.151672
146.179700	-0.098114
146.179800	-0.387573
146.179900	-0.670166
146.180000	-0.937958
146.180100	-1.155243
146.180200	-1.344604
146.180300	-1.349182
146.180400	-1.258392
146.180500	-1.187134
146.180600	-0.991058
146.180700	-0.865784
146.180800	-0.738373
146.180900	-0.623016
146.181000	-0.496368
146.181100	-0.381622
146.181200	-0.273132
146.181300	-0.203552
146.181400	-0.160217
146.181500	-0.127411
146.181600	-0.105438
146.181700	-0.083618
146.181800	-0.054626
146.181900	-0.024109
146.182000	0.005951
146.182100	0.030365
146.182200	0.050354
146.182300	0.085754
146.182400	0.084229
146.182500	0.089111
146.182600	0.089264
146.182700	0.086365
146.182800	0.086670
146.182900	0.078430
146.183000	0.079956
146.183100	0.075989
146.183200	0.080566
146.183300	0.083618
146.183400	0.085754
146.183500	0.079956
146.183600	0.083923
146.183700	0.082550
146.183800	0.082092
146.183900	0.077820
146.184000	0.078430
146.184100	0.083466
146.184200	0.083618
146.184300	0.086823
146.184400	0.081024
146.184500	0.083160
146.184600	0.079346
146.184700	0.079346
146.184800	0.083008
146.184900	0.084076
146.185000	0.082397
146.185100	0.080566
146.185200	0.074310
146.185300	0.079041
146.185400	0.081635
146.185500	0.074768
146.185600	0.078278
146.185700	0.080414
146.185800	0.079651
146.185900	0.077820
146.186000	0.078888
146.186100	0.084534
146.186200	0.075989
146.186300	0.074310
146.186400	0.075531
146.186500	0.070648
146.186600	0.072632
146.186700	0.071564
146.186800	0.071259
146.186900	0.065613
146.187000	0.064545
146.187100	0.063477
146.187200	0.060425
146.187300	0.050812
146.187400	0.054321
146.187500	0.052490
146.187600	0.052948
146.187700	0.052490
146.187800	0.055695
146.187900	0.057373
146.188000	0.057983
146.188100	0.063171
146.188200	0.069427
146.188300	0.076752
146.188400	0.083771
146.188500	0.087585
146.188600	0.082397
146.188700	0.082245
146.188800	0.080872
146.188900	0.066223
146.189000	0.066528
146.189100	0.063019
146.189200	0.062103
146.189300	0.053101
146.189400	0.056305
146.189500	0.056763
146.189600	0.065155
146.189700	0.074615
146.189800	0.098572
146.189900	0.117798
146.190000	0.143738
146.190100	0.189209
146.190200	0.280304
146.190300	0.437164
146.190400	0.670929
146.190500	0.989532
146.190600	1.420593
146.190700	1.990204
146.190800	2.681274
146.190900	3.328400
146.191000	3.705292
146.191100	3.791046
146.191200	3.743134
146.191300	3.659515
146.191400	3.545227
146.191500	3.296356
146.191600	2.767181
146.191700	1.908417
146.191800	0.886230
146.191900	-0.178680
146.192000	-1.051025
146.192100	-2.167206
146.192200	-3.126984
146.192300	-3.898163
146.192400	-4.327087
146.192500	-4.419708
146.192600	-4.321899
146.192700	-4.156799
146.192800	-3.967285
146.192900	-3.697815
146.193000	-3.251648
146.193100	-2.597961
146.193200	-1.889954
146.193300	-1.261749
146.193400	-0.651703
146.193500	-0.156403
146.193600	0.216827
146.193700	0.482330
146.193800	0.623169
146.193900	0.652618
146.194000	0.632935
146.194100	0.591125
146.194200	0.535889
146.194300	0.478210
146.194400	0.418243
146.194500	0.375366
146.194600	0.356598
146.194700	0.368652
146.194800	0.431519
146.194900	0.541687
146.195000	0.686493
146.195100	0.856628
146.195200	1.048431
146.195300	1.206512
146.195400	1.263733
146.195500	1.202545
146.195600	1.085968
146.195700	0.960236
146.195800	0.850830
146.195900	0.741882
146.196000	0.551300
146.196100	0.219879
146.196200	-0.198669
146.196300	-0.618896
146.196400	-0.993958
146.196500	-1.397552
146.196600	-1.724091
146.196700	-1.876678
146.196800	-1.896667
146.196900	-1.821136
146.197000	-1.705017
146.197100	-1.559753
146.197200	-1.395721
146.197300	-1.232910
146.197400	-0.878601
146.197500	-0.566559
146.197600	-0.302582
146.197700	-0.107880
146.197800	0.020447
146.197900	0.117798
146.198000	0.169067
146.198100	0.192261
146.198200	0.194550
146.198300	0.202789
146.198400	0.203705
146.198500	0.202026
146.198600	0.204468
146.198700	0.201416
146.198800	0.199280
146.198900	0.198822
146.199000	0.203094
146.199100	0.198364
146.199200	0.187378
146.199300	0.188599
146.199400	0.187836
146.199500	0.187988
146.199600	0.190277
146.199700	0.192871
146.199800	0.191193
146.199900	0.195923
146.200000	0.201721
146.200100	0.206299
146.200200	0.210419
146.200300	0.215302
146.200400	0.219269
146.200500	0.210571
146.200600	0.200958
146.200700	0.200043
146.200800	0.196381
146.200900	0.189209
146.201000	0.189819
146.201100	0.172577
146.201200	0.159302
146.201300	0.137787
146.201400	0.132904
146.201500	0.116730
146.201600	0.108032
146.201700	0.101166
146.201800	0.097809
146.201900	0.096893
146.202000	0.091705
146.202100	0.092468
146.202200	0.096741
146.202300	0.081635
146.202400	0.083313
146.202500	0.092926
146.202600	0.101013
146.202700	0.112305
146.202800	0.118713
146.202900	0.127716
146.203000	0.125885
146.203100	0.135193
146.203200	0.139160
146.203300	0.128784
146.203400	0.123138
146.203500	0.132446
146.203600	0.127106
146.203700	0.124512
146.203800	0.126495
146.203900	0.121155
146.204000	0.121613
146.204100	0.115967
146.204200	0.119629
146.204300	0.118713
146.204400	0.117645
146.204500	0.114899
146.204600	0.110626
146.204700	0.107269
146.204800	0.104218
146.204900	0.102539
146.205000	0.101471
146.205100	0.098877
146.205200	0.096436
146.205300	0.104218
146.205400	0.102997
146.205500	0.098877
146.205600	0.097198
146.205700	0.092163
146.205800	0.096893
146.205900	0.097351
146.206000	0.097046
146.206100	0.096130
146.206200	0.103149
146.206300	0.095367
146.206400	0.083923
146.206500	0.086060
146.206600	0.087738
146.206700	0.082397
146.206800	0.076599
146.206900	0.078888
146.207000	0.076447
146.207100	0.073547
146.207200	0.081635
146.207300	0.077820
146.207400	0.073090
146.207500	0.073853
146.207600	0.067596
146.207700	0.075226
146.207800	0.070801
146.207900	0.071564
146.208000	0.077667
146.208100	0.081940
146.208200	0.087585
146.208300	0.086365
146.208400	0.081940
146.208500	0.085754
146.208600	0.085449
146.208700	0.104370
146.208800	0.150146
146.208900	0.237427
146.209000	0.352173
146.209100	0.518646
146.209200	0.751190
146.209300	1.010132
146.209400	1.227570
146.209500	1.325073
146.209600	1.348419
146.209700	1.336975
146.209800	1.327972
146.209900	1.286469
146.210000	1.130066
146.210100	0.831299
146.210200	0.434723
146.210300	0.019531
146.210400	-0.399323
146.210500	-0.760193
146.210600	-1.098480
146.210700	-1.339874
146.210800	-1.420135
146.210900	-1.407776
146.211000	-1.369629
146.211100	-1.326599
146.211200	-1.264038
146.211300	-1.194763
146.211400	-0.887909
146.211500	-0.629120
146.211600	-0.397034
146.211700	-0.221710
146.211800	-0.084839
146.211900	0.003967
146.212000	0.057831
146.212100	0.076447
146.212200	0.079498
146.212300	0.078278
146.212400	0.084229
146.212500	0.082092
146.212600	0.079651
146.212700	0.084686
146.212800	0.099640
146.212900	0.115814
146.213000	0.125885
146.213100	0.142365
146.213200	0.144958
146.213300	0.154266
146.213400	0.157166
146.213500	0.159760
146.213600	0.153961
146.213700	0.143280
146.213800	0.113831
146.213900	0.095215
146.214000	0.079346
146.214100	0.084534
146.214200	0.103912
146.214300	0.135651
146.214400	0.198364
146.214500	0.276337
146.214600	0.367737
146.214700	0.468903
146.214800	0.548553
146.214900	0.588074
146.215000	0.591583
146.215100	0.570374
146.215200	0.526733
146.215300	0.475311
146.215400	0.418091
146.215500	0.345917
146.215600	0.273285
146.215700	0.204773
146.215800	0.130920
146.215900	0.046844
146.216000	-0.035095
146.216100	-0.110474
146.216200	-0.185394
146.216300	-0.253448
146.216400	-0.312500
146.216500	-0.373535
146.216600	-0.418701
146.216700	-0.461273
146.216800	-0.496521
146.216900	-0.522003
146.217000	-0.538177
146.217100	-0.534210
146.217200	-0.485229
146.217300	-0.399780
146.217400	-0.304108
146.217500	-0.213470
146.217600	-0.119476
146.217700	-0.049591
146.217800	0.007629
146.217900	0.048981
146.218000	0.080719
146.218100	0.095520
146.218200	0.109406
146.218300	0.119629
146.218400	0.115814
146.218500	0.111237
146.218600	0.107117
146.218700	0.103455
146.218800	0.097504
146.218900	0.096130
146.219000	0.104980
146.219100	0.102539
146.219200	0.108948
146.219300	0.127563
146.219400	0.164642
146.219500	0.203400
146.219600	0.242004
146.219700	0.277863
146.219800	0.320892
146.219900	0.348511
146.220000	0.366974
146.220100	0.363922
146.220200	0.357208
146.220300	0.337982
146.220400	0.319519
146.220500	0.288239
146.220600	0.232391
146.220700	0.153503
146.220800	0.070038
146.220900	-0.021210
146.221000	-0.090332
146.221100	-0.144348
146.221200	-0.168915
146.221300	-0.177765
146.221400	-0.170441
146.221500	-0.165710
146.221600	-0.144958
146.221700	-0.107727
146.221800	-0.059814
146.221900	-0.014038
146.222000	0.024719
146.222100	0.059814
146.222200	0.072174
146.222300	0.065918
146.222400	0.043640
146.222500	0.011597
146.222600	-0.012817
146.222700	-0.046997
146.222800	-0.062408
146.222900	-0.065613
146.223000	-0.053558
146.223100	-0.031586
146.223200	-0.015564
146.223300	0.000610
146.223400	0.019836
146.223500	0.031128
146.223600	0.043030
146.223700	0.061035
146.223800	0.065613
146.223900	0.068512
146.224000	0.078125
146.224100	0.082397
146.224200	0.071259
146.224300	0.070801
146.224400	0.065613
146.224500	0.065918
146.224600	0.063324
146.224700	0.057983
146.224800	0.056305
146.224900	0.057220
146.225000	0.057526
146.225100	0.057526
146.225200	0.054626
146.225300	0.051270
146.225400	0.053711
146.225500	0.048065
146.225600	0.055695
146.225700	0.061646
146.225800	0.054016
146.225900	0.056000
146.226000	0.053558
146.226100	0.050049
146.226200	0.051727
146.226300	0.052948
146.226400	0.059357
146.226500	0.051880
146.226600	0.052643
146.226700	0.053711
146.226800	0.054321
146.226900	0.059204
146.227000	0.055542
146.227100	0.057373
146.227200	0.057831
