142.026500	0.167999
142.026600	0.213623
142.026700	0.272369
142.026800	0.350647
142.026900	0.416718
142.027000	0.484161
142.027100	0.497742
142.027200	0.489960
142.027300	0.471802
142.027400	0.449982
142.027500	0.415039
142.027600	0.390778
142.027700	0.356445
142.027800	0.315552
142.027900	0.264435
142.028000	0.209351
142.028100	0.148621
142.028200	0.079498
142.028300	0.012665
142.028400	-0.061035
142.028500	-0.134735
142.028600	-0.197754
142.028700	-0.259247
142.028800	-0.319824
142.028900	-0.372620
142.029000	-0.411072
142.029100	-0.450287
142.029200	-0.471191
142.029300	-0.474548
142.029400	-0.433350
142.029500	-0.370636
142.029600	-0.285187
142.029700	-0.198517
142.029800	-0.116272
142.029900	-0.063019
142.030000	-0.011139
142.030100	0.032501
142.030200	0.052643
142.030300	0.071869
142.030400	0.095520
142.030500	0.119019
142.030600	0.139313
142.030700	0.154572
142.030800	0.166168
142.030900	0.169373
142.031000	0.165100
142.031100	0.160065
142.031200	0.150452
142.031300	0.140381
142.031400	0.128174
142.031500	0.111847
142.031600	0.096436
142.031700	0.083160
142.031800	0.071564
142.031900	0.052948
142.032000	0.039520
142.032100	0.024719
142.032200	0.004730
142.032300	0.001373
142.032400	-0.002747
142.032500	-0.001221
142.032600	-0.001678
142.032700	0.011292
142.032800	0.013123
142.032900	0.024414
142.033000	0.029144
142.033100	0.040131
142.033200	0.051880
142.033300	0.064392
142.033400	0.068359
142.033500	0.083008
142.033600	0.087585
142.033700	0.096893
142.033800	0.102234
142.033900	0.114288
142.034000	0.120697
142.034100	0.128632
142.034200	0.132599
142.034300	0.135040
142.034400	0.135193
142.034500	0.120850
142.034600	0.117187
142.034700	0.104980
142.034800	0.097046
142.034900	0.083771
142.035000	0.070038
142.035100	0.055847
142.035200	0.045624
142.035300	0.028839
142.035400	0.022430
142.035500	0.023193
142.035600	0.015411
142.035700	0.022583
142.035800	0.022278
142.035900	0.022736
142.036000	0.036926
142.036100	0.040588
142.036200	0.045776
142.036300	0.052185
142.036400	0.064087
142.036500	0.066376
142.036600	0.076599
142.036700	0.074768
142.036800	0.075989
142.036900	0.072479
142.037000	0.073853
142.037100	0.076752
142.037200	0.078888
142.037300	0.082397
142.037400	0.079193
142.037500	0.080566
142.037600	0.088348
142.037700	0.088501
142.037800	0.118256
142.037900	0.168762
142.038000	0.251770
142.038100	0.386963
142.038200	0.563507
142.038300	0.791626
142.038400	1.029968
142.038500	1.235504
142.038600	1.382904
142.038700	1.448975
142.038800	1.425323
142.038900	1.345215
142.039000	1.202545
142.039100	1.014099
142.039200	0.775146
142.039300	0.493317
142.039400	0.182495
142.039500	-0.138092
142.039600	-0.463104
142.039700	-0.726166
142.039800	-0.961151
142.039900	-1.151886
142.040000	-1.303558
142.040100	-1.396790
142.040200	-1.438904
142.040300	-1.422119
142.040400	-1.346588
142.040500	-1.214294
142.040600	-0.997009
142.040700	-0.758362
142.040800	-0.531921
142.040900	-0.323486
142.041000	-0.161896
142.041100	-0.052338
142.041200	0.023041
142.041300	0.072479
142.041400	0.093536
142.041500	0.117950
142.041600	0.136566
142.041700	0.149231
142.041800	0.163727
142.041900	0.177460
142.042000	0.182190
142.042100	0.184784
142.042200	0.185852
142.042300	0.186310
142.042400	0.170898
142.042500	0.156403
142.042600	0.149841
142.042700	0.143433
142.042800	0.149994
142.042900	0.165405
142.043000	0.205536
142.043100	0.260620
142.043200	0.326691
142.043300	0.372314
142.043400	0.378418
142.043500	0.299072
142.043600	0.177612
142.043700	0.057068
142.043800	-0.044250
142.043900	-0.097198
142.044000	-0.131378
142.044100	-0.144653
142.044200	-0.134430
142.044300	-0.115967
142.044400	-0.094910
142.044500	-0.059814
142.044600	-0.032501
142.044700	0.001831
142.044800	0.031281
142.044900	0.051117
142.045000	0.065002
142.045100	0.070343
142.045200	0.064087
142.045300	0.066223
142.045400	0.059204
142.045500	0.060730
142.045600	0.059357
142.045700	0.057068
142.045800	0.059357
142.045900	0.056305
142.046000	0.058136
142.046100	0.060883
142.046200	0.053711
142.046300	0.051270
142.046400	0.050354
142.046500	0.048523
142.046600	0.053253
142.046700	0.059814
142.046800	0.060272
142.046900	0.063324
142.047000	0.065002
142.047100	0.068512
142.047200	0.071716
142.047300	0.074310
142.047400	0.074615
142.047500	0.073242
142.047600	0.070801
142.047700	0.070953
142.047800	0.068817
142.047900	0.070343
142.048000	0.066833
142.048100	0.070496
142.048200	0.076447
142.048300	0.077972
142.048400	0.066986
142.048500	0.071564
142.048600	0.073700
142.048700	0.076294
142.048800	0.072632
142.048900	0.076141
142.049000	0.084991
142.049100	0.101166
142.049200	0.107422
142.049300	0.118103
142.049400	0.130463
142.049500	0.143738
142.049600	0.146637
142.049700	0.151215
142.049800	0.149384
142.049900	0.143433
142.050000	0.135651
142.050100	0.121918
142.050200	0.109558
142.050300	0.092468
142.050400	0.079651
142.050500	0.084839
142.050600	0.099792
142.050700	0.137787
142.050800	0.196991
142.050900	0.255432
142.051000	0.309601
142.051100	0.335236
142.051200	0.349884
142.051300	0.346680
142.051400	0.324402
142.051500	0.275574
142.051600	0.198364
142.051700	0.107269
142.051800	0.006104
142.051900	-0.101929
142.052000	-0.211945
142.052100	-0.306091
142.052200	-0.332489
142.052300	-0.279694
142.052400	-0.139923
142.052500	0.100250
142.052600	0.409241
142.052700	0.823975
142.052800	1.263428
142.052900	1.644745
142.053000	1.899872
142.053100	2.055206
142.053200	2.127838
142.053300	2.118073
142.053400	1.981964
142.053500	1.649170
142.053600	1.112518
142.053700	0.423889
142.053800	-0.358734
142.053900	-1.051331
142.054000	-1.714020
142.054100	-2.163544
142.054200	-2.405701
142.054300	-2.466125
142.054400	-2.426453
142.054500	-2.340546
142.054600	-2.192383
142.054700	-1.954346
142.054800	-1.610565
142.054900	-1.246796
142.055000	-0.854492
142.055100	-0.522308
142.055200	-0.269012
142.055300	-0.086670
142.055400	0.019684
142.055500	0.085602
142.055600	0.119476
142.055700	0.133362
142.055800	0.142975
142.055900	0.148926
142.056000	0.152893
142.056100	0.157928
142.056200	0.153046
142.056300	0.158234
142.056400	0.158081
142.056500	0.173950
142.056600	0.195923
142.056700	0.232391
142.056800	0.293884
142.056900	0.376434
142.057000	0.477905
142.057100	0.585327
142.057200	0.668182
142.057300	0.696259
142.057400	0.675049
142.057500	0.632324
142.057600	0.576172
142.057700	0.509186
142.057800	0.418396
142.057900	0.321350
142.058000	0.207825
142.058100	0.080566
142.058200	-0.039978
142.058300	-0.153656
142.058400	-0.251312
142.058500	-0.336456
142.058600	-0.398254
142.058700	-0.444794
142.058800	-0.482330
142.058900	-0.504150
142.059000	-0.490723
142.059100	-0.428925
142.059200	-0.312653
142.059300	-0.186005
142.059400	-0.079041
142.059500	0.019836
142.059600	0.081329
142.059700	0.127411
142.059800	0.150757
142.059900	0.161438
142.060000	0.158691
142.060100	0.153809
142.060200	0.146332
142.060300	0.138245
142.060400	0.127869
142.060500	0.118256
142.060600	0.103760
142.060700	0.101776
142.060800	0.088654
142.060900	0.085602
142.061000	0.078888
142.061100	0.080872
142.061200	0.085449
142.061300	0.090332
142.061400	0.081329
142.061500	0.087891
142.061600	0.090790
142.061700	0.097351
142.061800	0.103302
142.061900	0.104828
142.062000	0.101471
142.062100	0.105133
142.062200	0.100861
142.062300	0.108337
142.062400	0.109253
142.062500	0.106354
142.062600	0.108185
142.062700	0.111389
142.062800	0.111694
142.062900	0.110626
142.063000	0.108490
142.063100	0.110626
142.063200	0.104065
142.063300	0.109863
142.063400	0.107269
142.063500	0.103302
142.063600	0.103302
142.063700	0.101929
142.063800	0.098724
142.063900	0.095673
142.064000	0.090332
142.064100	0.087891
142.064200	0.088196
142.064300	0.083466
142.064400	0.084839
142.064500	0.075684
142.064600	0.083160
142.064700	0.079651
142.064800	0.085297
142.064900	0.079346
142.065000	0.092163
142.065100	0.110016
142.065200	0.138245
142.065300	0.177917
142.065400	0.240173
142.065500	0.322266
142.065600	0.403137
142.065700	0.498352
142.065800	0.561371
142.065900	0.595093
142.066000	0.602112
142.066100	0.579529
142.066200	0.528107
142.066300	0.453186
142.066400	0.349731
142.066500	0.216217
142.066600	0.085907
142.066700	-0.060272
142.066800	-0.203857
142.066900	-0.318756
142.067000	-0.412445
142.067100	-0.478516
142.067200	-0.522919
142.067300	-0.538940
142.067400	-0.535889
142.067500	-0.510406
142.067600	-0.453339
142.067700	-0.365601
142.067800	-0.267334
142.067900	-0.176392
142.068000	-0.088196
142.068100	-0.018311
142.068200	0.028839
142.068300	0.059967
142.068400	0.081482
142.068500	0.097198
142.068600	0.106354
142.068700	0.118866
142.068800	0.150146
142.068900	0.187073
142.069000	0.232697
142.069100	0.292358
142.069200	0.359039
142.069300	0.422516
142.069400	0.469666
142.069500	0.485687
142.069600	0.488129
142.069700	0.458984
142.069800	0.424042
142.069900	0.381470
142.070000	0.339661
142.070100	0.292206
142.070200	0.238800
142.070300	0.198822
142.070400	0.158844
142.070500	0.112000
142.070600	0.077362
142.070700	0.035248
142.070800	-0.010834
142.070900	-0.055695
142.071000	-0.107117
142.071100	-0.140839
142.071200	-0.167084
142.071300	-0.181122
142.071400	-0.207214
142.071500	-0.220795
142.071600	-0.213013
142.071700	-0.191345
142.071800	-0.162964
142.071900	-0.144348
142.072000	-0.128174
142.072100	-0.138702
142.072200	-0.136719
142.072300	-0.137787
142.072400	-0.137329
142.072500	-0.113983
142.072600	-0.100098
142.072700	-0.093689
142.072800	-0.086975
142.072900	-0.068665
142.073000	-0.058441
142.073100	-0.036621
142.073200	0.000916
142.073300	0.030365
142.073400	0.059967
142.073500	0.075836
142.073600	0.087738
142.073700	0.104065
142.073800	0.110016
142.073900	0.115662
142.074000	0.111084
142.074100	0.114746
142.074200	0.108948
142.074300	0.103607
142.074400	0.101776
142.074500	0.102692
142.074600	0.098877
142.074700	0.095673
142.074800	0.083160
142.074900	0.083771
142.075000	0.077057
142.075100	0.075836
142.075200	0.080719
142.075300	0.083618
142.075400	0.079651
142.075500	0.076599
142.075600	0.074158
142.075700	0.081940
142.075800	0.084229
142.075900	0.084839
142.076000	0.083923
142.076100	0.101166
142.076200	0.132141
142.076300	0.172424
142.076400	0.237579
142.076500	0.330963
142.076600	0.462189
142.076700	0.628052
142.076800	0.792999
142.076900	0.951233
142.077000	1.079712
142.077100	1.174011
142.077200	1.223602
142.077300	1.222076
142.077400	1.164703
142.077500	1.064301
142.077600	0.892487
142.077700	0.679321
142.077800	0.422821
142.077900	0.146027
142.078000	-0.138550
142.078100	-0.421143
142.078200	-0.667572
142.078300	-0.882263
142.078400	-1.054535
142.078500	-1.166077
142.078600	-1.200104
142.078700	-1.241302
142.078800	-1.210022
142.078900	-1.193237
142.079000	-1.017303
142.079100	-0.873260
142.079200	-0.700226
142.079300	-0.515442
142.079400	-0.348816
142.079500	-0.200653
142.079600	-0.092468
142.079700	-0.016785
142.079800	0.032806
142.079900	0.063782
142.080000	0.077209
