172.285700	0.040894
172.285800	0.036011
172.285900	0.030060
172.286000	0.016632
172.286100	0.016479
172.286200	0.009003
172.286300	0.001221
172.286400	0.003967
172.286500	0.002289
172.286600	0.008392
172.286700	0.011292
172.286800	0.015564
172.286900	0.019073
172.287000	0.023499
172.287100	0.024719
172.287200	0.032196
172.287300	0.032501
172.287400	0.035553
172.287500	0.025787
172.287600	0.025940
172.287700	0.024872
172.287800	0.024109
172.287900	0.024567
172.288000	0.019989
172.288100	0.014954
172.288200	0.021362
172.288300	0.026245
172.288400	0.029449
172.288500	0.031738
172.288600	0.032196
172.288700	0.042419
172.288800	0.053253
172.288900	0.062103
172.289000	0.057220
172.289100	0.068665
172.289200	0.068207
172.289300	0.061035
172.289400	0.050964
172.289500	0.041962
172.289600	0.026245
172.289700	0.006866
172.289800	-0.001068
172.289900	-0.009155
172.290000	-0.016174
172.290100	-0.026245
172.290200	-0.022430
172.290300	-0.027618
172.290400	-0.020142
172.290500	-0.027771
172.290600	-0.020599
172.290700	-0.007782
172.290800	0.006256
172.290900	0.008545
172.291000	0.007019
172.291100	0.009613
172.291200	0.011902
172.291300	0.012360
172.291400	0.018311
172.291500	0.016785
172.291600	0.020599
172.291700	0.023804
172.291800	0.021973
172.291900	0.023346
172.292000	0.013428
172.292100	0.013733
172.292200	0.014648
172.292300	0.011749
172.292400	0.017548
172.292500	0.020752
172.292600	0.017242
172.292700	0.014038
172.292800	0.019684
172.292900	0.009460
172.293000	0.008850
172.293100	0.009613
172.293200	0.002441
172.293300	0.006104
172.293400	0.002289
172.293500	0.009308
172.293600	0.007019
172.293700	0.006561
172.293800	0.006256
172.293900	0.006714
172.294000	0.003510
172.294100	0.003662
172.294200	-0.001068
172.294300	-0.001373
172.294400	-0.000610
172.294500	-0.004883
172.294600	-0.007019
172.294700	-0.001373
172.294800	-0.000763
172.294900	0.002441
172.295000	0.007935
172.295100	0.024261
172.295200	0.074005
172.295300	0.177002
172.295400	0.348969
172.295500	0.608368
172.295600	0.896912
172.295700	1.118011
172.295800	1.232452
172.295900	1.271820
172.296000	1.236420
172.296100	1.065979
172.296200	0.716705
172.296300	0.256958
172.296400	-0.239410
172.296500	-0.726471
172.296600	-1.124420
172.296700	-1.374512
172.296800	-1.442413
172.296900	-1.403961
172.297000	-1.305237
172.297100	-1.195679
172.297200	-0.859222
172.297300	-0.554810
172.297400	-0.316162
172.297500	-0.164795
172.297600	-0.069885
172.297700	-0.011597
172.297800	0.007782
172.297900	0.025635
172.298000	0.034485
172.298100	0.034943
172.298200	0.054016
172.298300	0.064392
172.298400	0.077667
172.298500	0.070496
172.298600	0.070801
172.298700	0.062256
172.298800	0.059662
172.298900	0.052185
172.299000	0.064545
172.299100	0.089264
172.299200	0.134583
172.299300	0.188599
172.299400	0.258179
172.299500	0.358582
172.299600	0.444489
172.299700	0.465393
172.299800	0.432434
172.299900	0.378723
172.300000	0.317230
172.300100	0.237122
172.300200	0.148468
172.300300	0.062561
172.300400	-0.034485
172.300500	-0.118256
172.300600	-0.193939
172.300700	-0.250092
172.300800	-0.296021
172.300900	-0.336151
172.301000	-0.384674
172.301100	-0.419006
172.301200	-0.401154
172.301300	-0.317993
172.301400	-0.225525
172.301500	-0.149994
172.301600	-0.100555
172.301700	-0.079803
172.301800	-0.068817
172.301900	-0.070190
172.302000	-0.080872
172.302100	-0.091858
172.302200	-0.094299
172.302300	-0.089874
172.302400	-0.085907
172.302500	-0.067749
172.302600	-0.056152
172.302700	-0.042114
172.302800	-0.018616
172.302900	-0.000610
172.303000	0.010071
172.303100	0.017242
172.303200	0.022888
172.303300	0.024414
172.303400	0.022430
172.303500	0.027771
172.303600	0.022736
172.303700	0.019226
172.303800	0.018768
172.303900	0.019226
172.304000	0.020905
172.304100	0.028687
172.304200	0.066986
172.304300	0.192871
172.304400	0.508728
172.304500	1.113586
172.304600	2.063904
172.304700	3.476868
172.304800	4.999847
172.304900	4.999847
172.305000	4.999847
172.305100	4.999847
172.305200	4.999847
172.305300	4.999847
172.305400	4.999847
172.305500	4.999847
172.305600	4.999847
172.305700	4.609070
172.305800	0.735931
172.305900	-3.104553
172.306000	-5.000000
172.306100	-5.000000
172.306200	-5.000000
172.306300	-5.000000
172.306400	-5.000000
172.306500	-5.000000
172.306600	-5.000000
172.306700	-5.000000
172.306800	-5.000000
172.306900	-4.028625
172.307000	-1.974792
172.307100	-0.400543
172.307200	0.612335
172.307300	1.065979
172.307400	1.019287
172.307500	0.708466
172.307600	0.300903
172.307700	-0.120850
172.307800	-0.457916
172.307900	-0.590973
172.308000	-0.617065
172.308100	-0.677185
172.308200	-0.808411
172.308300	-0.986328
172.308400	-1.116333
172.308500	-1.172485
172.308600	-1.211853
172.308700	-1.185608
172.308800	-1.053162
172.308900	-0.828857
172.309000	-0.589447
172.309100	-0.287933
172.309200	0.094604
172.309300	0.577393
172.309400	1.133728
172.309500	1.652679
172.309600	1.940613
172.309700	1.974792
172.309800	1.915741
172.309900	1.874390
172.310000	1.777496
172.310100	1.406860
172.310200	0.714569
172.310300	-0.083313
172.310400	-0.830688
172.310500	-1.633911
172.310600	-2.304687
172.310700	-2.670898
172.310800	-2.745972
172.310900	-2.695618
172.311000	-2.619019
172.311100	-2.475128
172.311200	-2.104645
172.311300	-1.471863
172.311400	-0.885010
172.311500	-0.415039
172.311600	-0.096130
172.311700	0.065460
172.311800	0.139465
172.311900	0.164185
172.312000	0.173340
172.312100	0.167542
172.312200	0.168304
172.312300	0.166779
172.312400	0.166016
172.312500	0.160522
172.312600	0.158234
172.312700	0.151062
172.312800	0.150146
172.312900	0.149231
172.313000	0.147400
172.313100	0.148010
172.313200	0.149384
172.313300	0.146179
172.313400	0.140686
172.313500	0.139160
172.313600	0.134125
172.313700	0.132141
172.313800	0.135803
172.313900	0.136414
172.314000	0.135193
172.314100	0.140228
172.314200	0.134583
172.314300	0.132141
172.314400	0.134430
172.314500	0.134888
172.314600	0.131226
172.314700	0.123444
172.314800	0.117645
172.314900	0.121613
172.315000	0.113831
172.315100	0.112152
172.315200	0.112305
172.315300	0.107117
172.315400	0.107727
172.315500	0.111694
172.315600	0.111237
172.315700	0.113525
172.315800	0.112610
172.315900	0.118713
172.316000	0.126953
172.316100	0.147247
172.316200	0.168152
172.316300	0.186462
172.316400	0.200806
172.316500	0.197906
172.316600	0.188446
172.316700	0.178528
172.316800	0.161743
172.316900	0.141144
172.317000	0.119629
172.317100	0.097504
172.317200	0.069427
172.317300	0.034790
172.317400	-0.000763
172.317500	-0.034180
172.317600	-0.070648
172.317700	-0.091095
172.317800	-0.094604
172.317900	-0.078735
172.318000	-0.048370
172.318100	-0.031433
172.318200	-0.001831
172.318300	0.018921
172.318400	0.041809
172.318500	0.057831
172.318600	0.076752
172.318700	0.085449
172.318800	0.083008
172.318900	0.080109
172.319000	0.067291
172.319100	0.063324
172.319200	0.056610
172.319300	0.056458
172.319400	0.057831
172.319500	0.047913
172.319600	0.054779
172.319700	0.053101
172.319800	0.058746
172.319900	0.063934
172.320000	0.061188
172.320100	0.070190
172.320200	0.074158
172.320300	0.083771
172.320400	0.093384
172.320500	0.105286
172.320600	0.105591
172.320700	0.108337
172.320800	0.102692
172.320900	0.096588
172.321000	0.093231
172.321100	0.080109
172.321200	0.058289
172.321300	0.040436
172.321400	0.024719
172.321500	0.018311
172.321600	0.010529
172.321700	0.000610
172.321800	-0.002136
172.321900	-0.004730
172.322000	-0.003204
172.322100	-0.005493
172.322200	0.003815
172.322300	0.016327
172.322400	0.022583
172.322500	0.034485
172.322600	0.031738
172.322700	0.035095
172.322800	0.039673
172.322900	0.043335
172.323000	0.036621
172.323100	0.033417
172.323200	0.039978
172.323300	0.039673
172.323400	0.037689
172.323500	0.039673
172.323600	0.047150
172.323700	0.049744
172.323800	0.046387
172.323900	0.047913
172.324000	0.064545
172.324100	0.101776
172.324200	0.166626
172.324300	0.265045
172.324400	0.401764
172.324500	0.583649
172.324600	0.694580
172.324700	0.710602
172.324800	0.682526
172.324900	0.649109
172.325000	0.615387
172.325100	0.548096
172.325200	0.431213
172.325300	0.263367
172.325400	0.099030
172.325500	-0.036926
172.325600	-0.135956
172.325700	-0.174713
172.325800	-0.172272
172.325900	-0.128784
172.326000	-0.072632
172.326100	0.039215
172.326200	0.267792
172.326300	0.572205
172.326400	0.800018
172.326500	0.925140
172.326600	0.989227
172.326700	0.989838
172.326800	0.841370
172.326900	0.515442
172.327000	0.125885
172.327100	-0.249023
172.327200	-0.600586
172.327300	-0.923920
172.327400	-1.161194
172.327500	-1.333771
172.327600	-1.385193
172.327700	-1.368866
172.327800	-1.280823
172.327900	-1.191406
172.328000	-0.836792
172.328100	-0.582886
172.328200	-0.405121
172.328300	-0.315247
172.328400	-0.292053
172.328500	-0.309143
172.328600	-0.330048
172.328700	-0.351868
172.328800	-0.350189
172.328900	-0.328674
172.329000	-0.279694
172.329100	-0.200958
172.329200	-0.127869
172.329300	-0.057526
172.329400	-0.006256
172.329500	0.033569
172.329600	0.054169
172.329700	0.066071
172.329800	0.067749
172.329900	0.063782
172.330000	0.071716
172.330100	0.071564
172.330200	0.072784
172.330300	0.076752
172.330400	0.075836
172.330500	0.071259
172.330600	0.074921
172.330700	0.069275
172.330800	0.076599
172.330900	0.073853
172.331000	0.071869
172.331100	0.068970
172.331200	0.066681
172.331300	0.071716
172.331400	0.073242
172.331500	0.063477
172.331600	0.061340
172.331700	0.070953
172.331800	0.062256
172.331900	0.059357
172.332000	0.055847
172.332100	0.055847
172.332200	0.055237
172.332300	0.051270
172.332400	0.054474
172.332500	0.059967
172.332600	0.065613
172.332700	0.075226
172.332800	0.073547
172.332900	0.075836
172.333000	0.075836
172.333100	0.077515
172.333200	0.072174
172.333300	0.060577
172.333400	0.053711
172.333500	0.034790
172.333600	0.017395
172.333700	0.017700
172.333800	0.006409
172.333900	-0.004425
172.334000	-0.004425
172.334100	-0.009308
172.334200	-0.005493
172.334300	-0.009918
172.334400	0.001221
172.334500	0.006409
172.334600	0.014648
172.334700	0.011749
172.334800	0.019073
172.334900	0.015259
172.335000	0.018768
172.335100	0.019531
172.335200	0.017090
172.335300	0.012054
172.335400	0.021820
172.335500	0.022125
172.335600	0.024719
172.335700	0.022430
172.335800	0.023651
172.335900	0.029907
172.336000	0.030060
172.336100	0.029297
172.336200	0.036011
172.336300	0.028992
172.336400	0.030060
172.336500	0.020447
172.336600	0.016327
172.336700	0.007324
172.336800	-0.000458
172.336900	0.000916
172.337000	-0.001373
172.337100	-0.001526
172.337200	0.000610
172.337300	0.000610
172.337400	0.008087
172.337500	0.007324
172.337600	0.015869
172.337700	0.007935
172.337800	0.011902
172.337900	0.014954
172.338000	0.015869
172.338100	0.015411
172.338200	0.017700
172.338300	0.022278
172.338400	0.019073
172.338500	0.018616
172.338600	0.018616
172.338700	0.019684
172.338800	0.019684
172.338900	0.018768
172.339000	0.011902
172.339100	0.014343
172.339200	0.019531
