61.540100	0.044861
61.540200	0.044250
61.540300	0.043335
61.540400	0.046387
61.540500	0.042267
61.540600	0.044250
61.540700	0.043030
61.540800	0.041809
61.540900	0.042419
61.541000	0.044250
61.541100	0.043030
61.541200	0.044556
61.541300	0.039978
61.541400	0.043945
61.541500	0.044861
61.541600	0.042725
61.541700	0.043793
61.541800	0.045166
61.541900	0.046387
61.542000	0.049133
61.542100	0.045471
61.542200	0.041809
61.542300	0.044250
61.542400	0.044861
61.542500	0.040283
61.542600	0.041351
61.542700	0.037842
61.542800	0.044403
61.542900	0.043793
61.543000	0.039673
61.543100	0.040741
61.543200	0.042114
61.543300	0.046234
61.543400	0.045624
61.543500	0.042114
61.543600	0.043488
61.543700	0.041962
61.543800	0.041046
61.543900	0.043488
61.544000	0.045776
61.544100	0.042114
61.544200	0.041046
61.544300	0.036926
61.544400	0.037842
61.544500	0.042572
61.544600	0.039062
61.544700	0.037994
61.544800	0.039215
61.544900	0.043030
61.545000	0.039673
61.545100	0.041351
61.545200	0.040588
61.545300	0.037689
61.545400	0.041504
61.545500	0.040894
61.545600	0.037079
61.545700	0.033264
61.545800	0.040436
61.545900	0.035553
61.546000	0.034485
61.546100	0.039825
61.546200	0.035400
61.546300	0.041199
61.546400	0.037079
61.546500	0.038910
61.546600	0.038147
61.546700	0.040131
61.546800	0.041199
61.546900	0.038757
61.547000	0.040436
61.547100	0.042572
61.547200	0.047913
61.547300	0.038757
61.547400	0.034027
61.547500	0.035706
61.547600	0.037842
61.547700	0.041046
61.547800	0.038910
61.547900	0.036926
61.548000	0.039368
61.548100	0.039062
61.548200	0.033264
61.548300	0.036316
61.548400	0.037842
61.548500	0.041504
61.548600	0.039215
61.548700	0.032349
61.548800	0.037537
61.548900	0.041504
61.549000	0.035400
61.549100	0.032043
61.549200	0.036926
61.549300	0.039215
61.549400	0.041199
61.549500	0.042419
61.549600	0.044098
61.549700	0.042114
61.549800	0.050201
61.549900	0.042419
61.550000	0.042419
61.550100	0.045776
61.550200	0.050201
61.550300	0.051727
61.550400	0.045929
61.550500	0.048981
61.550600	0.051880
61.550700	0.051270
61.550800	0.048370
61.550900	0.051880
61.551000	0.050354
61.551100	0.050354
61.551200	0.050354
61.551300	0.056152
61.551400	0.048828
61.551500	0.052948
61.551600	0.048676
61.551700	0.050659
61.551800	0.046387
61.551900	0.051270
61.552000	0.051270
61.552100	0.046692
61.552200	0.050507
61.552300	0.052490
61.552400	0.051270
61.552500	0.055542
61.552600	0.054321
61.552700	0.058441
61.552800	0.056610
61.552900	0.063934
61.553000	0.060577
61.553100	0.060272
61.553200	0.059509
61.553300	0.065155
61.553400	0.065308
61.553500	0.067444
61.553600	0.069122
61.553700	0.062561
61.553800	0.063629
61.553900	0.064850
61.554000	0.063934
61.554100	0.063934
61.554200	0.061493
61.554300	0.062408
61.554400	0.065613
61.554500	0.062408
61.554600	0.059814
61.554700	0.064545
61.554800	0.062561
61.554900	0.060883
61.555000	0.058441
61.555100	0.061646
61.555200	0.061035
61.555300	0.061035
61.555400	0.060577
61.555500	0.060730
61.555600	0.061188
61.555700	0.058594
61.555800	0.058136
61.555900	0.057678
61.556000	0.057678
61.556100	0.057068
61.556200	0.055389
61.556300	0.058136
61.556400	0.049591
61.556500	0.050812
61.556600	0.052185
61.556700	0.053864
61.556800	0.054169
61.556900	0.054779
61.557000	0.055389
61.557100	0.048523
61.557200	0.048218
61.557300	0.048828
61.557400	0.050659
61.557500	0.046234
61.557600	0.049133
61.557700	0.048676
61.557800	0.051270
61.557900	0.047760
61.558000	0.047760
61.558100	0.050049
61.558200	0.051880
61.558300	0.049896
61.558400	0.046539
61.558500	0.045624
61.558600	0.044708
61.558700	0.047760
61.558800	0.048370
61.558900	0.046997
61.559000	0.047302
61.559100	0.047302
61.559200	0.045013
61.559300	0.041809
61.559400	0.048828
61.559500	0.046997
61.559600	0.045471
61.559700	0.043335
61.559800	0.041962
61.559900	0.042877
61.560000	0.039673
61.560100	0.044098
61.560200	0.042725
61.560300	0.039825
61.560400	0.041809
61.560500	0.047913
61.560600	0.045929
61.560700	0.037842
61.560800	0.046387
61.560900	0.040894
61.561000	0.042114
61.561100	0.037384
61.561200	0.040741
61.561300	0.040894
61.561400	0.038300
61.561500	0.048065
61.561600	0.043182
61.561700	0.042877
61.561800	0.039520
61.561900	0.038452
61.562000	0.039368
61.562100	0.039368
61.562200	0.042877
61.562300	0.045013
61.562400	0.037384
61.562500	0.038300
61.562600	0.043640
61.562700	0.039215
61.562800	0.035400
61.562900	0.041962
61.563000	0.039215
61.563100	0.039368
61.563200	0.044250
61.563300	0.039978
61.563400	0.042725
61.563500	0.042725
61.563600	0.041962
61.563700	0.038300
61.563800	0.037537
61.563900	0.037384
61.564000	0.040741
61.564100	0.042877
61.564200	0.045319
61.564300	0.044556
61.564400	0.043640
61.564500	0.037537
61.564600	0.041656
61.564700	0.043640
61.564800	0.036774
61.564900	0.040894
61.565000	0.042267
61.565100	0.041046
61.565200	0.039062
61.565300	0.041504
61.565400	0.043335
61.565500	0.045776
61.565600	0.038605
61.565700	0.039520
61.565800	0.039520
61.565900	0.043793
61.566000	0.041351
61.566100	0.042267
61.566200	0.041351
61.566300	0.040283
61.566400	0.036469
61.566500	0.033722
61.566600	0.036316
61.566700	0.038757
61.566800	0.042725
61.566900	0.038910
61.567000	0.038757
61.567100	0.034485
61.567200	0.036163
61.567300	0.036163
61.567400	0.034180
61.567500	0.036011
61.567600	0.031433
61.567700	0.031281
61.567800	0.028381
61.567900	0.025330
61.568000	0.021973
61.568100	0.023193
61.568200	0.019836
61.568300	0.015106
61.568400	0.010834
61.568500	0.016174
61.568600	0.011902
61.568700	0.016785
61.568800	0.011902
61.568900	0.012817
61.569000	0.010376
61.569100	0.016022
61.569200	0.013275
61.569300	0.011292
61.569400	0.009918
61.569500	0.003815
61.569600	0.007324
61.569700	0.009003
61.569800	0.006256
61.569900	0.011139
61.570000	0.014191
61.570100	0.008392
61.570200	0.011902
61.570300	0.009766
61.570400	0.009613
61.570500	0.012360
61.570600	0.005035
61.570700	0.011292
61.570800	0.015106
61.570900	0.016479
61.571000	0.015259
61.571100	0.010071
61.571200	0.007172
61.571300	0.013123
61.571400	0.012970
61.571500	0.017090
61.571600	0.011292
61.571700	0.016937
61.571800	0.010834
61.571900	0.012207
61.572000	0.014191
61.572100	0.013580
61.572200	0.015259
61.572300	0.017853
61.572400	0.020447
61.572500	0.017242
61.572600	0.019836
61.572700	0.016479
61.572800	0.017548
61.572900	0.016327
61.573000	0.016632
61.573100	0.018158
61.573200	0.023041
61.573300	0.021973
61.573400	0.018158
61.573500	0.018311
61.573600	0.018158
61.573700	0.020599
61.573800	0.021667
61.573900	0.025635
61.574000	0.023041
61.574100	0.025940
61.574200	0.021362
61.574300	0.021820
61.574400	0.020142
61.574500	0.023499
61.574600	0.021362
61.574700	0.020294
61.574800	0.024414
61.574900	0.017090
61.575000	0.021820
61.575100	0.024414
61.575200	0.024261
61.575300	0.018921
61.575400	0.026093
61.575500	0.027771
61.575600	0.025330
61.575700	0.022430
61.575800	0.023651
61.575900	0.023499
61.576000	0.022583
61.576100	0.023499
61.576200	0.024414
61.576300	0.019531
61.576400	0.029449
61.576500	0.026855
61.576600	0.025787
61.576700	0.028076
61.576800	0.027008
61.576900	0.026855
61.577000	0.028381
61.577100	0.026855
61.577200	0.032959
61.577300	0.027771
61.577400	0.028076
61.577500	0.026398
61.577600	0.023193
61.577700	0.029755
61.577800	0.024109
61.577900	0.028687
61.578000	0.026398
61.578100	0.028381
61.578200	0.027313
61.578300	0.033569
61.578400	0.027313
61.578500	0.024414
61.578600	0.028076
61.578700	0.025330
61.578800	0.028076
61.578900	0.026245
61.579000	0.026245
61.579100	0.025635
61.579200	0.027008
61.579300	0.025940
61.579400	0.028687
61.579500	0.027618
61.579600	0.029144
61.579700	0.027466
61.579800	0.028381
61.579900	0.034485
61.580000	0.026245
61.580100	0.029755
61.580200	0.032501
61.580300	0.028687
61.580400	0.028229
61.580500	0.026703
61.580600	0.029449
61.580700	0.023804
61.580800	0.023956
61.580900	0.026093
61.581000	0.022278
61.581100	0.023346
61.581200	0.025940
61.581300	0.025940
61.581400	0.028229
61.581500	0.025330
61.581600	0.027771
61.581700	0.028992
61.581800	0.028992
61.581900	0.035706
61.582000	0.037842
61.582100	0.038300
61.582200	0.034027
61.582300	0.034027
61.582400	0.034332
61.582500	0.036316
61.582600	0.036926
61.582700	0.041199
61.582800	0.042572
61.582900	0.037689
61.583000	0.039215
61.583100	0.040894
61.583200	0.044556
61.583300	0.041962
61.583400	0.041504
61.583500	0.045166
61.583600	0.042877
61.583700	0.043640
61.583800	0.044861
61.583900	0.044098
61.584000	0.040894
61.584100	0.036926
61.584200	0.042114
61.584300	0.043488
61.584400	0.045929
61.584500	0.044708
61.584600	0.045624
61.584700	0.048218
61.584800	0.037994
61.584900	0.042419
61.585000	0.046387
61.585100	0.041351
61.585200	0.038757
61.585300	0.040894
61.585400	0.039062
61.585500	0.045929
61.585600	0.040588
61.585700	0.043945
61.585800	0.043335
61.585900	0.045166
61.586000	0.046692
61.586100	0.049591
61.586200	0.043945
61.586300	0.043945
61.586400	0.043945
61.586500	0.039673
61.586600	0.041046
61.586700	0.043488
61.586800	0.044861
61.586900	0.050354
61.587000	0.050354
61.587100	0.053711
61.587200	0.053101
61.587300	0.050507
61.587400	0.053558
61.587500	0.054626
61.587600	0.056458
61.587700	0.056458
61.587800	0.053406
61.587900	0.054932
61.588000	0.050812
61.588100	0.056763
61.588200	0.049133
61.588300	0.054474
61.588400	0.051270
61.588500	0.048828
61.588600	0.051422
61.588700	0.049133
61.588800	0.045929
61.588900	0.046692
61.589000	0.053253
61.589100	0.050354
61.589200	0.047913
61.589300	0.050964
61.589400	0.048828
61.589500	0.044250
61.589600	0.048676
61.589700	0.048828
61.589800	0.048676
61.589900	0.044708
61.590000	0.044861
61.590100	0.048218
61.590200	0.046844
61.590300	0.047607
61.590400	0.045471
61.590500	0.047913
61.590600	0.049591
61.590700	0.046539
61.590800	0.043182
61.590900	0.040894
61.591000	0.041199
61.591100	0.045013
61.591200	0.040131
61.591300	0.037079
61.591400	0.040894
61.591500	0.037231
61.591600	0.033569
61.591700	0.030518
61.591800	0.022583
61.591900	0.024719
61.592000	0.024261
61.592100	0.016632
61.592200	0.015564
61.592300	0.019073
61.592400	0.016785
61.592500	0.013885
61.592600	0.011749
61.592700	0.010834
61.592800	0.009460
61.592900	0.005188
61.593000	0.006866
61.593100	0.005493
61.593200	0.006714
61.593300	0.003967
61.593400	0.004883
61.593500	0.007019
61.593600	0.005951
