74.749700	0.048065
74.749800	0.053558
74.749900	0.048676
74.750000	0.052643
74.750100	0.056610
74.750200	0.055695
74.750300	0.053558
74.750400	0.048523
74.750500	0.049744
74.750600	0.050507
74.750700	0.051880
74.750800	0.050964
74.750900	0.050964
74.751000	0.047913
74.751100	0.050354
74.751200	0.051270
74.751300	0.050354
74.751400	0.050964
74.751500	0.052185
74.751600	0.051270
74.751700	0.053558
74.751800	0.052643
74.751900	0.054016
74.752000	0.050964
74.752100	0.056152
74.752200	0.055847
74.752300	0.053406
74.752400	0.054016
74.752500	0.053101
74.752600	0.053101
74.752700	0.053864
74.752800	0.057983
74.752900	0.057526
74.753000	0.053406
74.753100	0.048370
74.753200	0.050964
74.753300	0.051422
74.753400	0.051727
74.753500	0.053101
74.753600	0.055237
74.753700	0.050354
74.753800	0.052643
74.753900	0.051422
74.754000	0.051727
74.754100	0.054321
74.754200	0.054626
74.754300	0.051575
74.754400	0.052490
74.754500	0.052185
74.754600	0.055847
74.754700	0.058136
74.754800	0.050049
74.754900	0.056610
74.755000	0.053253
74.755100	0.054321
74.755200	0.049744
74.755300	0.050812
74.755400	0.052185
74.755500	0.051422
74.755600	0.056458
74.755700	0.054626
74.755800	0.052948
74.755900	0.048065
74.756000	0.053101
74.756100	0.053253
74.756200	0.054016
74.756300	0.053406
74.756400	0.052490
74.756500	0.056915
74.756600	0.058441
74.756700	0.053406
74.756800	0.054626
74.756900	0.051575
74.757000	0.051117
74.757100	0.055389
74.757200	0.055847
74.757300	0.048981
74.757400	0.047607
74.757500	0.048218
74.757600	0.051575
74.757700	0.053711
74.757800	0.053864
74.757900	0.055847
74.758000	0.052490
74.758100	0.054626
74.758200	0.053253
74.758300	0.054016
74.758400	0.052795
74.758500	0.056458
74.758600	0.053253
74.758700	0.054169
74.758800	0.050201
74.758900	0.051270
74.759000	0.051880
74.759100	0.051422
74.759200	0.055389
74.759300	0.053558
74.759400	0.050201
74.759500	0.049744
74.759600	0.050201
74.759700	0.051575
74.759800	0.054779
74.759900	0.055542
74.760000	0.054626
74.760100	0.050964
74.760200	0.051270
74.760300	0.044861
74.760400	0.049896
74.760500	0.048981
74.760600	0.050659
74.760700	0.055695
74.760800	0.054626
74.760900	0.054474
74.761000	0.052795
74.761100	0.050049
74.761200	0.056152
74.761300	0.050201
74.761400	0.050049
74.761500	0.048523
74.761600	0.048523
74.761700	0.048828
74.761800	0.051270
74.761900	0.055389
74.762000	0.051422
74.762100	0.048523
74.762200	0.051270
74.762300	0.048676
74.762400	0.047607
74.762500	0.051422
74.762600	0.049286
74.762700	0.050354
74.762800	0.053253
74.762900	0.049133
74.763000	0.050507
74.763100	0.052643
74.763200	0.049591
74.763300	0.046387
74.763400	0.051727
74.763500	0.047913
74.763600	0.049591
74.763700	0.052185
74.763800	0.049286
74.763900	0.050049
74.764000	0.048218
74.764100	0.054169
74.764200	0.051727
74.764300	0.045929
74.764400	0.053253
74.764500	0.051422
74.764600	0.051880
74.764700	0.050049
74.764800	0.048676
74.764900	0.047455
74.765000	0.052032
74.765100	0.050507
74.765200	0.054779
74.765300	0.050049
74.765400	0.047760
74.765500	0.048676
74.765600	0.052948
74.765700	0.049896
74.765800	0.053101
74.765900	0.051727
74.766000	0.050507
74.766100	0.046692
74.766200	0.051727
74.766300	0.050964
74.766400	0.048218
74.766500	0.052032
74.766600	0.049133
74.766700	0.046082
74.766800	0.051422
74.766900	0.053101
74.767000	0.053711
74.767100	0.050964
74.767200	0.056152
74.767300	0.047455
74.767400	0.050354
74.767500	0.049133
74.767600	0.052032
74.767700	0.049591
74.767800	0.050049
74.767900	0.047455
74.768000	0.047150
74.768100	0.050812
74.768200	0.050659
74.768300	0.053253
74.768400	0.062714
74.768500	0.049896
74.768600	0.053864
74.768700	0.057068
74.768800	0.055542
74.768900	0.051880
74.769000	0.057068
74.769100	0.051422
74.769200	0.056458
74.769300	0.053253
74.769400	0.051575
74.769500	0.057678
74.769600	0.060120
74.769700	0.050659
74.769800	0.051270
74.769900	0.051880
74.770000	0.053711
74.770100	0.054169
74.770200	0.050507
74.770300	0.055542
74.770400	0.054626
74.770500	0.051880
74.770600	0.056458
74.770700	0.055542
74.770800	0.050507
74.770900	0.047913
74.771000	0.052185
74.771100	0.050659
74.771200	0.049896
74.771300	0.052948
74.771400	0.045776
74.771500	0.043945
74.771600	0.045776
74.771700	0.052185
74.771800	0.051575
74.771900	0.055237
74.772000	0.061188
74.772100	0.054626
74.772200	0.052032
74.772300	0.047760
74.772400	0.054474
74.772500	0.052795
74.772600	0.050659
74.772700	0.054169
74.772800	0.047913
74.772900	0.046692
74.773000	0.046997
74.773100	0.049896
74.773200	0.048218
74.773300	0.052490
74.773400	0.045776
74.773500	0.053864
74.773600	0.050964
74.773700	0.048370
74.773800	0.046997
74.773900	0.051575
74.774000	0.047302
74.774100	0.046539
74.774200	0.049133
74.774300	0.050201
74.774400	0.045013
74.774500	0.052032
74.774600	0.040741
74.774700	0.050964
74.774800	0.046692
74.774900	0.049591
74.775000	0.049438
74.775100	0.048218
74.775200	0.048981
74.775300	0.046692
74.775400	0.046082
74.775500	0.048218
74.775600	0.047760
74.775700	0.052032
74.775800	0.053253
74.775900	0.052032
74.776000	0.054474
74.776100	0.054932
74.776200	0.055542
74.776300	0.052643
74.776400	0.055389
74.776500	0.050049
74.776600	0.052032
74.776700	0.051422
74.776800	0.049744
74.776900	0.054169
74.777000	0.057220
74.777100	0.056152
74.777200	0.054474
74.777300	0.053558
74.777400	0.051880
74.777500	0.052185
74.777600	0.053711
74.777700	0.053253
74.777800	0.051880
74.777900	0.056763
74.778000	0.053101
74.778100	0.056763
74.778200	0.054932
74.778300	0.051880
74.778400	0.055847
74.778500	0.055237
74.778600	0.053101
74.778700	0.054626
74.778800	0.053558
74.778900	0.049438
74.779000	0.047760
74.779100	0.046234
74.779200	0.047302
74.779300	0.051270
74.779400	0.051880
74.779500	0.052032
74.779600	0.052185
74.779700	0.052185
74.779800	0.053101
74.779900	0.057678
74.780000	0.049744
74.780100	0.048981
74.780200	0.045013
74.780300	0.046844
74.780400	0.052185
74.780500	0.052643
74.780600	0.046844
74.780700	0.054626
74.780800	0.052490
74.780900	0.052948
74.781000	0.055084
74.781100	0.055237
74.781200	0.050964
74.781300	0.049438
74.781400	0.051727
74.781500	0.050201
74.781600	0.050964
74.781700	0.055237
74.781800	0.053101
74.781900	0.051422
74.782000	0.052643
74.782100	0.050507
74.782200	0.054932
74.782300	0.054169
74.782400	0.054779
74.782500	0.054779
74.782600	0.048218
74.782700	0.052948
74.782800	0.052643
74.782900	0.053558
74.783000	0.049133
74.783100	0.050964
74.783200	0.048676
74.783300	0.052795
74.783400	0.050201
74.783500	0.044098
74.783600	0.048370
74.783700	0.047607
74.783800	0.048981
74.783900	0.049591
74.784000	0.048828
74.784100	0.049438
74.784200	0.053101
74.784300	0.054779
74.784400	0.052643
74.784500	0.051880
74.784600	0.052643
74.784700	0.051575
74.784800	0.049286
74.784900	0.048370
74.785000	0.052185
74.785100	0.050201
74.785200	0.053406
74.785300	0.052185
74.785400	0.052643
74.785500	0.048218
74.785600	0.052490
74.785700	0.056915
74.785800	0.052032
74.785900	0.054169
74.786000	0.048828
74.786100	0.050812
74.786200	0.046844
74.786300	0.051880
74.786400	0.047455
74.786500	0.047913
74.786600	0.047302
74.786700	0.054321
74.786800	0.050049
74.786900	0.050812
74.787000	0.049591
74.787100	0.047913
74.787200	0.051117
74.787300	0.052948
74.787400	0.048676
74.787500	0.048065
74.787600	0.047302
74.787700	0.047150
74.787800	0.045929
74.787900	0.049744
74.788000	0.048828
74.788100	0.052338
74.788200	0.057373
74.788300	0.049133
74.788400	0.051880
74.788500	0.048523
74.788600	0.050201
74.788700	0.050812
74.788800	0.047302
74.788900	0.043488
74.789000	0.051117
74.789100	0.047302
74.789200	0.049591
74.789300	0.048523
74.789400	0.050659
74.789500	0.052948
74.789600	0.047607
74.789700	0.049286
74.789800	0.050507
74.789900	0.050659
74.790000	0.054626
74.790100	0.051270
74.790200	0.044403
74.790300	0.046692
74.790400	0.043030
74.790500	0.045471
74.790600	0.043793
74.790700	0.047913
74.790800	0.050354
74.790900	0.045166
74.791000	0.048981
74.791100	0.046844
74.791200	0.047760
74.791300	0.049896
74.791400	0.045929
74.791500	0.049438
74.791600	0.047150
74.791700	0.045776
74.791800	0.041199
74.791900	0.043488
74.792000	0.036163
74.792100	0.035553
74.792200	0.034027
74.792300	0.032349
74.792400	0.032196
74.792500	0.026093
74.792600	0.023956
74.792700	0.022430
74.792800	0.023651
74.792900	0.020905
74.793000	0.018616
74.793100	0.019226
74.793200	0.014954
74.793300	0.015259
74.793400	0.014648
74.793500	0.019684
74.793600	0.015259
74.793700	0.018921
74.793800	0.018921
74.793900	0.015869
74.794000	0.016785
74.794100	0.020447
74.794200	0.017853
74.794300	0.019226
74.794400	0.018768
74.794500	0.017090
74.794600	0.022125
74.794700	0.020905
74.794800	0.017700
74.794900	0.025330
74.795000	0.020447
74.795100	0.017853
74.795200	0.023956
74.795300	0.018616
74.795400	0.024719
74.795500	0.023193
74.795600	0.022430
74.795700	0.021515
74.795800	0.025635
74.795900	0.020142
74.796000	0.020294
74.796100	0.021362
74.796200	0.021820
74.796300	0.026703
74.796400	0.024261
74.796500	0.025330
74.796600	0.025024
74.796700	0.023346
74.796800	0.023499
74.796900	0.021667
74.797000	0.023651
74.797100	0.022278
74.797200	0.027008
74.797300	0.025177
74.797400	0.023804
74.797500	0.024414
74.797600	0.029907
74.797700	0.027466
74.797800	0.027771
74.797900	0.034180
74.798000	0.031586
74.798100	0.028839
74.798200	0.028687
74.798300	0.030670
74.798400	0.032349
74.798500	0.030365
74.798600	0.026855
74.798700	0.027008
74.798800	0.024719
74.798900	0.030060
74.799000	0.031891
74.799100	0.029755
74.799200	0.029602
74.799300	0.030975
74.799400	0.030823
74.799500	0.027924
74.799600	0.028839
74.799700	0.032654
74.799800	0.027771
74.799900	0.027618
74.800000	0.031738
74.800100	0.031891
74.800200	0.032959
74.800300	0.031891
74.800400	0.031891
74.800500	0.031433
74.800600	0.033875
74.800700	0.032959
74.800800	0.032654
74.800900	0.031433
74.801000	0.028839
74.801100	0.032654
74.801200	0.030670
74.801300	0.032806
74.801400	0.032196
74.801500	0.032959
74.801600	0.031891
74.801700	0.030365
74.801800	0.034637
74.801900	0.033722
74.802000	0.038452
74.802100	0.033264
74.802200	0.031738
74.802300	0.032654
74.802400	0.031281
74.802500	0.033264
74.802600	0.032043
74.802700	0.032501
74.802800	0.033569
74.802900	0.030212
74.803000	0.028229
74.803100	0.036926
74.803200	0.028687
