530.327300	0.005188
530.327400	0.001831
530.327500	-0.005951
530.327600	-0.010223
530.327700	-0.005493
530.327800	0.001068
530.327900	0.007019
530.328000	0.010986
530.328100	0.021667
530.328200	0.032959
530.328300	0.036316
530.328400	0.026855
530.328500	0.014648
530.328600	-0.013733
530.328700	-0.031891
530.328800	-0.042572
530.328900	-0.031281
530.329000	-0.018005
530.329100	-0.001984
530.329200	0.026093
530.329300	0.062103
530.329400	0.075378
530.329500	0.059967
530.329600	0.024567
530.329700	-0.015717
530.329800	-0.049286
530.329900	-0.070953
530.330000	-0.081482
530.330100	-0.008087
530.330200	0.232697
530.330300	0.717010
530.330400	1.111298
530.330500	1.186523
530.330600	0.917664
530.330700	0.272064
530.330800	-0.443726
530.330900	-0.976410
530.331000	-1.063995
530.331100	-0.676880
530.331200	-0.056915
530.331300	0.437164
530.331400	0.474548
530.331500	0.108185
530.331600	-0.379333
530.331700	-0.701599
530.331800	-0.790253
530.331900	-0.652313
530.332000	-0.372162
530.332100	-0.150299
530.332200	-0.045166
530.332300	-0.019073
530.332400	-0.007172
530.332500	-0.005188
530.332600	-0.007324
530.332700	-0.011597
530.332800	-0.003052
530.332900	-0.006409
530.333000	-0.009613
530.333100	-0.015564
530.333200	-0.019531
530.333300	-0.018463
530.333400	-0.020294
530.333500	-0.020905
530.333600	-0.026398
530.333700	-0.022430
530.333800	0.031433
530.333900	0.318756
530.334000	1.042633
530.334100	1.719055
530.334200	2.032318
530.334300	1.599121
530.334400	0.307007
530.334500	-0.964355
530.334600	-1.820068
530.334700	-2.005615
530.334800	-1.545105
530.334900	-0.906372
530.335000	-0.385132
530.335100	-0.146332
530.335200	-0.055847
530.335300	-0.015717
530.335400	-0.012054
530.335500	-0.006256
530.335600	-0.009308
530.335700	-0.016022
530.335800	-0.016632
530.335900	-0.020294
530.336000	-0.010986
530.336100	-0.003967
530.336200	-0.004730
530.336300	-0.003204
530.336400	-0.005341
530.336500	-0.013428
530.336600	-0.010376
530.336700	-0.008698
530.336800	-0.007629
530.336900	-0.010834
530.337000	-0.020294
530.337100	-0.010071
530.337200	0.016937
530.337300	0.168152
530.337400	0.529938
530.337500	0.857086
530.337600	0.978241
530.337700	0.837708
530.337800	0.515442
530.337900	0.146027
530.338000	-0.219879
530.338100	-0.683594
530.338200	-1.043701
530.338300	-1.139069
530.338400	-1.025391
530.338500	-0.639648
530.338600	-0.195312
530.338700	0.249481
530.338800	0.779266
530.338900	1.165619
530.339000	1.192780
530.339100	0.672455
530.339200	-0.187225
530.339300	-0.870361
530.339400	-1.177826
530.339500	-1.076508
530.339600	-0.595398
530.339700	-0.013275
530.339800	0.476837
530.339900	0.703583
530.340000	0.646362
530.340100	0.289307
530.340200	-0.184174
530.340300	-0.546265
530.340400	-0.695801
530.340500	-0.653992
530.340600	-0.423737
530.340700	-0.180511
530.340800	-0.044556
530.340900	0.010986
530.341000	0.026703
530.341100	0.012665
530.341200	0.006714
530.341300	-0.001068
530.341400	-0.001984
530.341500	-0.003052
530.341600	0.004425
530.341700	0.006714
530.341800	0.004730
530.341900	0.002441
530.342000	-0.007629
530.342100	-0.018311
530.342200	-0.023956
530.342300	-0.021362
530.342400	-0.023499
530.342500	-0.021362
530.342600	-0.017548
530.342700	-0.010071
530.342800	-0.011444
530.342900	0.010376
530.343000	0.104218
530.343100	0.349731
530.343200	0.662079
530.343300	0.729980
530.343400	0.674896
530.343500	0.552368
530.343600	0.296783
530.343700	-0.061493
530.343800	-0.437317
530.343900	-0.721893
530.344000	-0.759888
530.344100	-0.663147
530.344200	-0.546265
530.344300	-0.366211
530.344400	-0.178070
530.344500	-0.061035
530.344600	-0.011749
530.344700	0.002594
530.344800	-0.000153
530.344900	-0.003510
530.345000	-0.007935
530.345100	-0.010986
530.345200	-0.002747
530.345300	0.059357
530.345400	0.178528
530.345500	0.394897
530.345600	0.568390
530.345700	0.525513
530.345800	0.412903
530.345900	0.269928
530.346000	0.099487
530.346100	-0.076752
530.346200	-0.228729
530.346300	-0.355225
530.346400	-0.465088
530.346500	-0.577240
530.346600	-0.550690
530.346700	-0.373230
530.346800	-0.197601
530.346900	-0.064850
530.347000	-0.007935
530.347100	0.005035
530.347200	-0.002136
530.347300	-0.008392
530.347400	-0.020294
530.347500	-0.028534
530.347600	-0.030823
530.347700	-0.034180
530.347800	-0.021973
530.347900	-0.015411
530.348000	-0.014648
530.348100	-0.013428
530.348200	-0.011749
530.348300	-0.012512
530.348400	-0.014038
530.348500	-0.018616
530.348600	-0.015411
530.348700	-0.017395
530.348800	-0.015106
530.348900	-0.014343
530.349000	-0.007172
530.349100	0.000458
530.349200	0.009766
530.349300	0.011292
530.349400	0.002747
530.349500	-0.015106
530.349600	-0.028687
530.349700	-0.036011
530.349800	-0.043335
530.349900	-0.040436
530.350000	-0.033569
530.350100	-0.025330
530.350200	-0.019379
530.350300	-0.019989
530.350400	-0.015564
530.350500	0.028076
530.350600	0.247498
530.350700	0.783844
530.350800	1.526642
530.350900	1.655731
530.351000	1.665955
530.351100	1.013031
530.351200	-0.149078
530.351300	-1.151123
530.351400	-1.781921
530.351500	-1.832275
530.351600	-1.611176
530.351700	-0.942993
530.351800	-0.365143
530.351900	-0.112152
530.352000	-0.036621
530.352100	-0.020142
530.352200	-0.017548
530.352300	-0.012817
530.352400	-0.011292
530.352500	-0.005951
530.352600	-0.004272
530.352700	0.024719
530.352800	0.203247
530.352900	0.681763
530.353000	1.220703
530.353100	1.398468
530.353200	1.378326
530.353300	0.624237
530.353400	-0.372009
530.353500	-0.979919
530.353600	-1.129456
530.353700	-1.188354
530.353800	-0.801239
530.353900	-0.486908
530.354000	-0.375824
530.354100	-0.356445
530.354200	-0.296021
530.354300	-0.174866
530.354400	-0.076294
530.354500	-0.029144
530.354600	-0.007629
530.354700	0.001526
530.354800	0.005646
530.354900	0.003052
530.355000	0.008850
530.355100	-0.003662
530.355200	-0.005951
530.355300	-0.003052
530.355400	0.004730
530.355500	0.005646
530.355600	0.006256
530.355700	0.001678
530.355800	-0.008698
530.355900	-0.011749
530.356000	-0.021515
530.356100	-0.020447
530.356200	-0.013428
530.356300	0.004730
530.356400	0.028534
530.356500	0.042114
530.356600	0.032043
530.356700	0.001678
530.356800	-0.039520
530.356900	-0.045471
530.357000	-0.021820
530.357100	0.021057
530.357200	0.099487
530.357300	0.081635
530.357400	0.013885
530.357500	-0.022583
530.357600	-0.030975
530.357700	-0.074768
530.357800	-0.081940
530.357900	-0.048981
530.358000	-0.038147
530.358100	-0.050964
530.358200	-0.060577
530.358300	-0.062103
530.358400	-0.055237
530.358500	-0.036926
530.358600	-0.019836
530.358700	-0.015106
530.358800	-0.006714
530.358900	-0.000305
530.359000	0.006104
530.359100	0.004730
530.359200	0.007782
530.359300	0.011902
530.359400	0.010529
530.359500	0.001831
530.359600	-0.011597
530.359700	-0.027618
530.359800	-0.033569
530.359900	-0.037994
530.360000	-0.043945
530.360100	-0.043945
530.360200	-0.042877
530.360300	-0.033417
530.360400	-0.031128
530.360500	-0.020142
530.360600	-0.017700
530.360700	-0.020905
530.360800	-0.017395
530.360900	-0.021973
530.361000	-0.024109
530.361100	-0.018311
530.361200	-0.015717
530.361300	-0.014038
530.361400	-0.019379
530.361500	-0.021973
530.361600	-0.027161
530.361700	-0.024261
530.361800	-0.010223
530.361900	0.092773
530.362000	0.429993
530.362100	1.143799
530.362200	1.737671
530.362300	1.956635
530.362400	1.864471
530.362500	0.932617
530.362600	-0.348206
530.362700	-1.539154
530.362800	-2.037964
530.362900	-2.205658
530.363000	-1.856384
530.363100	-1.208496
530.363200	-0.532074
530.363300	-0.212555
530.363400	-0.071259
530.363500	-0.023041
530.363600	-0.008240
530.363700	-0.007782
530.363800	-0.001221
530.363900	0.001984
530.364000	0.009155
530.364100	0.007324
530.364200	0.010071
530.364300	0.049133
530.364400	0.222168
530.364500	0.579071
530.364600	0.753632
530.364700	0.649109
530.364800	0.417938
530.364900	0.045471
530.365000	-0.325775
530.365100	-0.570068
530.365200	-0.728912
530.365300	-0.753937
530.365400	-0.470581
530.365500	-0.196228
530.365600	-0.036926
530.365700	0.008698
530.365800	0.007477
530.365900	0.000153
530.366000	-0.019989
530.366100	-0.023956
530.366200	-0.025635
530.366300	-0.009003
530.366400	-0.001984
530.366500	0.000000
530.366600	-0.011597
530.366700	-0.017090
530.366800	-0.019836
530.366900	-0.018616
530.367000	-0.011444
530.367100	-0.014038
530.367200	-0.015564
530.367300	-0.021515
530.367400	-0.022430
530.367500	-0.022430
530.367600	-0.027008
530.367700	-0.026855
530.367800	-0.021515
530.367900	0.019379
530.368000	0.191956
530.368100	0.578613
530.368200	1.001892
530.368300	1.148682
530.368400	0.888672
530.368500	0.262604
530.368600	-0.410156
530.368700	-0.891418
530.368800	-1.069641
530.368900	-0.904694
530.369000	-0.546265
530.369100	-0.263824
530.369200	-0.129395
530.369300	-0.076447
530.369400	-0.043030
530.369500	-0.013580
530.369600	0.009460
530.369700	0.006561
530.369800	-0.011902
530.369900	-0.022736
530.370000	-0.053864
530.370100	-0.073395
530.370200	-0.078888
530.370300	-0.064392
530.370400	-0.054474
530.370500	-0.045471
530.370600	-0.037231
530.370700	-0.027618
530.370800	-0.018463
530.370900	-0.009613
530.371000	0.051270
530.371100	0.251312
530.371200	0.618591
530.371300	1.037140
530.371400	1.347351
530.371500	1.284332
530.371600	0.814514
530.371700	0.013885
530.371800	-0.706940
530.371900	-1.014709
530.372000	-0.469666
530.372100	0.479889
530.372200	1.225128
530.372300	1.406708
530.372400	0.823212
530.372500	-0.197296
530.372600	-1.030426
530.372700	-1.660461
530.372800	-1.799774
530.372900	-1.470184
530.373000	-1.197815
530.373100	-0.754700
530.373200	-0.462036
530.373300	-0.185089
530.373400	0.085144
530.373500	0.479584
530.373600	0.817871
530.373700	0.926971
530.373800	0.957184
530.373900	0.540619
530.374000	-0.072327
530.374100	-0.476074
530.374200	-0.819702
530.374300	-0.969238
530.374400	-0.773773
530.374500	-0.574036
530.374600	-0.371094
530.374700	-0.164642
530.374800	-0.037537
530.374900	0.007782
530.375000	0.011292
530.375100	0.001221
530.375200	-0.016785
530.375300	-0.014191
530.375400	-0.019989
530.375500	-0.011902
530.375600	-0.004425
530.375700	0.004272
530.375800	0.012665
530.375900	0.015869
530.376000	0.019531
530.376100	0.017395
530.376200	0.015411
530.376300	0.003662
530.376400	-0.005035
530.376500	-0.013580
530.376600	-0.018005
530.376700	-0.003815
530.376800	0.045776
530.376900	0.183105
530.377000	0.367584
530.377100	0.437164
530.377200	0.347595
530.377300	0.115814
530.377400	-0.159149
530.377500	-0.356903
530.377600	-0.436096
530.377700	-0.377197
530.377800	-0.209656
530.377900	-0.056000
530.378000	0.138702
530.378100	0.526276
530.378200	1.180878
530.378300	1.427612
530.378400	1.448517
530.378500	1.082458
530.378600	0.211945
530.378700	-0.681152
530.378800	-1.237183
530.378900	-1.468506
530.379000	-1.361542
530.379100	-0.948486
530.379200	-0.425720
530.379300	-0.142670
530.379400	-0.019073
530.379500	0.191956
530.379600	0.654297
530.379700	1.463623
530.379800	1.727448
530.379900	1.809845
530.380000	1.770477
530.380100	1.403961
530.380200	0.856171
530.380300	0.156555
530.380400	-0.358276
530.380500	-1.146088
530.380600	-2.132568
530.380700	-2.304077
530.380800	-2.132111
