370.429700	0.133667
370.429800	0.127869
370.429900	0.123749
370.430000	0.126801
370.430100	0.125275
370.430200	0.126648
370.430300	0.124359
370.430400	0.117798
370.430500	0.112915
370.430600	0.109253
370.430700	0.110016
370.430800	0.109253
370.430900	0.100250
370.431000	0.099182
370.431100	0.092926
370.431200	0.095978
370.431300	0.092621
370.431400	0.090027
370.431500	0.089722
370.431600	0.085144
370.431700	0.087128
370.431800	0.078430
370.431900	0.075836
370.432000	0.080566
370.432100	0.078430
370.432200	0.076294
370.432300	0.070190
370.432400	0.075684
370.432500	0.074921
370.432600	0.072327
370.432700	0.072632
370.432800	0.071716
370.432900	0.070038
370.433000	0.072937
370.433100	0.066833
370.433200	0.065460
370.433300	0.065002
370.433400	0.061798
370.433500	0.062256
370.433600	0.054169
370.433700	0.053864
370.433800	0.054321
370.433900	0.050812
370.434000	0.055389
370.434100	0.046692
370.434200	0.052948
370.434300	0.045776
370.434400	0.044403
370.434500	0.043335
370.434600	0.041046
370.434700	0.041809
370.434800	0.037994
370.434900	0.040131
370.435000	0.034027
370.435100	0.034790
370.435200	0.039978
370.435300	0.043335
370.435400	0.041046
370.435500	0.034943
370.435600	0.037384
370.435700	0.038300
370.435800	0.031281
370.435900	0.041199
370.436000	0.036011
370.436100	0.032196
370.436200	0.036011
370.436300	0.031433
370.436400	0.031128
370.436500	0.033112
370.436600	0.028534
370.436700	0.032349
370.436800	0.026703
370.436900	0.024719
370.437000	0.026550
370.437100	0.024567
370.437200	0.027618
370.437300	0.021210
370.437400	0.024109
370.437500	0.023956
370.437600	0.026855
370.437700	0.028381
370.437800	0.024261
370.437900	0.021362
370.438000	0.021667
370.438100	0.027008
370.438200	0.025635
370.438300	0.029144
370.438400	0.025635
370.438500	0.023346
370.438600	0.021973
370.438700	0.023804
370.438800	0.018463
370.438900	0.018463
370.439000	0.017090
370.439100	0.015106
370.439200	0.017395
370.439300	0.017853
370.439400	0.018005
370.439500	0.015106
370.439600	0.019379
370.439700	0.017090
370.439800	0.014801
370.439900	0.018005
370.440000	0.012360
370.440100	0.013733
370.440200	0.015106
370.440300	0.010071
370.440400	0.007629
370.440500	0.007172
370.440600	0.009918
370.440700	0.007019
370.440800	0.004883
370.440900	0.007629
370.441000	0.005798
370.441100	0.004883
370.441200	0.000153
370.441300	0.008087
370.441400	0.003662
370.441500	0.002899
370.441600	0.004883
370.441700	0.006409
370.441800	0.005341
370.441900	0.006866
370.442000	0.002136
370.442100	0.007324
370.442200	0.002747
370.442300	0.003815
370.442400	0.005188
370.442500	0.006714
370.442600	0.007629
370.442700	0.007629
370.442800	0.000458
370.442900	0.001678
370.443000	-0.001068
370.443100	0.003052
370.443200	0.003204
370.443300	0.001221
370.443400	0.000763
370.443500	0.007019
370.443600	0.005951
370.443700	0.007477
370.443800	0.009460
370.443900	0.001678
370.444000	0.010681
370.444100	0.008087
370.444200	0.009003
370.444300	0.006866
370.444400	0.008087
370.444500	0.007477
370.444600	0.002594
370.444700	0.005951
370.444800	-0.003357
370.444900	-0.007324
370.445000	-0.005341
370.445100	-0.004272
370.445200	-0.006409
370.445300	-0.009308
370.445400	-0.008240
370.445500	-0.004578
370.445600	-0.007172
370.445700	-0.007935
370.445800	-0.012360
370.445900	-0.009918
370.446000	-0.015411
370.446100	-0.014343
370.446200	-0.012817
370.446300	-0.011749
370.446400	-0.014191
370.446500	-0.015717
370.446600	-0.013123
370.446700	-0.012665
370.446800	-0.011444
370.446900	-0.012512
370.447000	-0.013733
370.447100	-0.014038
370.447200	-0.012207
370.447300	-0.017395
370.447400	-0.017395
370.447500	-0.012817
370.447600	-0.012665
370.447700	-0.020905
370.447800	-0.020142
370.447900	-0.016785
370.448000	-0.019226
370.448100	-0.024414
370.448200	-0.018768
370.448300	-0.022583
370.448400	-0.016479
370.448500	-0.021667
370.448600	-0.023804
370.448700	-0.019073
370.448800	-0.020905
370.448900	-0.023804
370.449000	-0.019684
370.449100	-0.025024
370.449200	-0.023651
370.449300	-0.024872
370.449400	-0.026245
370.449500	-0.021667
370.449600	-0.021210
370.449700	-0.026550
370.449800	-0.028076
370.449900	-0.030823
370.450000	-0.023651
370.450100	-0.023041
370.450200	-0.019531
370.450300	-0.025635
370.450400	-0.026398
370.450500	-0.017395
370.450600	-0.027466
370.450700	-0.025024
370.450800	-0.025482
370.450900	-0.027161
370.451000	-0.024414
370.451100	-0.016022
370.451200	-0.015717
370.451300	-0.010223
370.451400	-0.005493
370.451500	0.000610
370.451600	0.006561
370.451700	0.021362
370.451800	0.033569
370.451900	0.046082
370.452000	0.061340
370.452100	0.081787
370.452200	0.102692
370.452300	0.123138
370.452400	0.146484
370.452500	0.178375
370.452600	0.197754
370.452700	0.229645
370.452800	0.264740
370.452900	0.302277
370.453000	0.332794
370.453100	0.369568
370.453200	0.400696
370.453300	0.435333
370.453400	0.463409
370.453500	0.487671
370.453600	0.516052
370.453700	0.531616
370.453800	0.545349
370.453900	0.553436
370.454000	0.570068
370.454100	0.578918
370.454200	0.581512
370.454300	0.581360
370.454400	0.580139
370.454500	0.578766
370.454600	0.575104
370.454700	0.572662
370.454800	0.558929
370.454900	0.547943
370.455000	0.537720
370.455100	0.517120
370.455200	0.498047
370.455300	0.471802
370.455400	0.435486
370.455500	0.398865
370.455600	0.354614
370.455700	0.312042
370.455800	0.261841
370.455900	0.216827
370.456000	0.154114
370.456100	0.092926
370.456200	0.026550
370.456300	-0.032043
370.456400	-0.092316
370.456500	-0.159760
370.456600	-0.224457
370.456700	-0.289612
370.456800	-0.341797
370.456900	-0.402222
370.457000	-0.457306
370.457100	-0.518951
370.457200	-0.571899
370.457300	-0.618134
370.457400	-0.668945
370.457500	-0.712128
370.457600	-0.746918
370.457700	-0.772552
370.457800	-0.798340
370.457900	-0.817871
370.458000	-0.830383
370.458100	-0.842133
370.458200	-0.836639
370.458300	-0.834045
370.458400	-0.831299
370.458500	-0.820618
370.458600	-0.810089
370.458700	-0.799713
370.458800	-0.785065
370.458900	-0.770569
370.459000	-0.744781
370.459100	-0.732422
370.459200	-0.710449
370.459300	-0.687866
370.459400	-0.663147
370.459500	-0.632782
370.459600	-0.609894
370.459700	-0.565491
370.459800	-0.534668
370.459900	-0.491943
370.460000	-0.455780
370.460100	-0.400391
370.460200	-0.353546
370.460300	-0.296783
370.460400	-0.238800
370.460500	-0.175476
370.460600	-0.104065
370.460700	-0.036621
370.460800	0.035706
370.460900	0.110779
370.461000	0.197754
370.461100	0.285645
370.461200	0.383606
370.461300	0.479889
370.461400	0.586548
370.461500	0.693665
370.461600	0.810089
370.461700	0.927734
370.461800	1.046295
370.461900	1.172485
370.462000	1.299744
370.462100	1.432495
370.462200	1.564178
370.462300	1.694031
370.462400	1.831360
370.462500	1.950073
370.462600	2.069397
370.462700	2.181091
370.462800	2.275848
370.462900	2.354584
370.463000	2.415619
370.463100	2.465668
370.463200	2.500153
370.463300	2.521667
370.463400	2.535706
370.463500	2.541199
370.463600	2.541656
370.463700	2.538147
370.463800	2.525635
370.463900	2.510986
370.464000	2.492828
370.464100	2.463837
370.464200	2.435608
370.464300	2.391663
370.464400	2.347107
370.464500	2.282715
370.464600	2.208557
370.464700	2.107239
370.464800	2.004089
370.464900	1.871338
370.465000	1.714630
370.465100	1.535034
370.465200	1.334229
370.465300	1.111450
370.465400	0.875244
370.465500	0.623627
370.465600	0.354004
370.465700	0.091858
370.465800	-0.162964
370.465900	-0.432281
370.466000	-0.705872
370.466100	-0.977783
370.466200	-1.278992
370.466300	-1.559753
370.466400	-1.820679
370.466500	-2.070618
370.466600	-2.293549
370.466700	-2.511902
370.466800	-2.709351
370.466900	-2.886963
370.467000	-3.040771
370.467100	-3.178253
370.467200	-3.291016
370.467300	-3.384399
370.467400	-3.450775
370.467500	-3.494873
370.467600	-3.518372
370.467700	-3.527985
370.467800	-3.510590
370.467900	-3.487244
370.468000	-3.451080
370.468100	-3.409424
370.468200	-3.363190
370.468300	-3.310547
370.468400	-3.253479
370.468500	-3.193207
370.468600	-3.129730
370.468700	-3.063354
370.468800	-2.990417
370.468900	-2.913513
370.469000	-2.830200
370.469100	-2.735901
370.469200	-2.640076
370.469300	-2.534637
370.469400	-2.417297
370.469500	-2.286072
370.469600	-2.148132
370.469700	-1.996918
370.469800	-1.820374
370.469900	-1.636658
370.470000	-1.446533
370.470100	-1.368256
370.470200	-1.109009
370.470300	-0.933685
370.470400	-0.769806
370.470500	-0.625305
370.470600	-0.503235
370.470700	-0.378265
370.470800	-0.263519
370.470900	-0.164795
370.471000	-0.068665
370.471100	0.015869
370.471200	0.086670
370.471300	0.153351
370.471400	0.210419
370.471500	0.262909
370.471600	0.300140
370.471700	0.332184
370.471800	0.361328
370.471900	0.377045
370.472000	0.397949
370.472100	0.408478
370.472200	0.420685
370.472300	0.420074
370.472400	0.425873
370.472500	0.421448
370.472600	0.422058
370.472700	0.419922
370.472800	0.416718
370.472900	0.408936
370.473000	0.405273
370.473100	0.407562
370.473200	0.406036
370.473300	0.398560
370.473400	0.396271
370.473500	0.388794
370.473600	0.385895
370.473700	0.380249
370.473800	0.376434
370.473900	0.373077
370.474000	0.365753
370.474100	0.362701
370.474200	0.359955
370.474300	0.355072
370.474400	0.351257
370.474500	0.349274
370.474600	0.348053
370.474700	0.348511
370.474800	0.340729
370.474900	0.338593
370.475000	0.335236
370.475100	0.333862
370.475200	0.334015
370.475300	0.329437
370.475400	0.318909
370.475500	0.316925
370.475600	0.316162
370.475700	0.313568
370.475800	0.317535
370.475900	0.315552
370.476000	0.315247
370.476100	0.310059
370.476200	0.304108
370.476300	0.307312
370.476400	0.305939
370.476500	0.306396
370.476600	0.305786
370.476700	0.303802
370.476800	0.300903
370.476900	0.301056
370.477000	0.294800
370.477100	0.299072
370.477200	0.297852
370.477300	0.295868
370.477400	0.289917
370.477500	0.289307
370.477600	0.279083
370.477700	0.276794
370.477800	0.272369
370.477900	0.268860
370.478000	0.258179
370.478100	0.259399
370.478200	0.257111
370.478300	0.244293
370.478400	0.242157
370.478500	0.233765
370.478600	0.229340
370.478700	0.225677
370.478800	0.220795
370.478900	0.212860
370.479000	0.210419
370.479100	0.207825
370.479200	0.200348
370.479300	0.187378
370.479400	0.186768
370.479500	0.180664
370.479600	0.176086
370.479700	0.171509
370.479800	0.167694
370.479900	0.166626
370.480000	0.161285
370.480100	0.153503
370.480200	0.158081
370.480300	0.142975
370.480400	0.138092
370.480500	0.130920
370.480600	0.119019
370.480700	0.115051
370.480800	0.108032
370.480900	0.101624
370.481000	0.091248
370.481100	0.087280
370.481200	0.077820
370.481300	0.066528
370.481400	0.060577
370.481500	0.050659
370.481600	0.046082
370.481700	0.043182
370.481800	0.037384
370.481900	0.031891
370.482000	0.026398
370.482100	0.016022
370.482200	0.016632
370.482300	0.009766
370.482400	0.010376
370.482500	0.005951
370.482600	-0.003052
370.482700	-0.001068
370.482800	-0.000610
370.482900	0.002136
370.483000	-0.003662
370.483100	-0.002441
370.483200	-0.009613
