308.068100	-0.054016
308.068200	-0.049438
308.068300	-0.052185
308.068400	-0.052490
308.068500	-0.052185
308.068600	-0.054016
308.068700	-0.051727
308.068800	-0.050354
308.068900	-0.053406
308.069000	-0.054169
308.069100	-0.053253
308.069200	-0.054016
308.069300	-0.052185
308.069400	-0.057220
308.069500	-0.056000
308.069600	-0.051422
308.069700	-0.054779
308.069800	-0.054626
308.069900	-0.053406
308.070000	-0.053864
308.070100	-0.053406
308.070200	-0.051727
308.070300	-0.048523
308.070400	-0.051117
308.070500	-0.050659
308.070600	-0.051880
308.070700	-0.050659
308.070800	-0.050201
308.070900	-0.055084
308.071000	-0.050354
308.071100	-0.047302
308.071200	-0.048828
308.071300	-0.046234
308.071400	-0.045471
308.071500	-0.050659
308.071600	-0.050659
308.071700	-0.052643
308.071800	-0.052948
308.071900	-0.054016
308.072000	-0.060425
308.072100	-0.056305
308.072200	-0.056458
308.072300	-0.048218
308.072400	-0.048828
308.072500	-0.057678
308.072600	-0.056152
308.072700	-0.053253
308.072800	-0.053406
308.072900	-0.050964
308.073000	-0.047455
308.073100	-0.046692
308.073200	-0.049286
308.073300	-0.050659
308.073400	-0.048065
308.073500	-0.048828
308.073600	-0.050812
308.073700	-0.047760
308.073800	-0.053558
308.073900	-0.052032
308.074000	-0.052338
308.074100	-0.053406
308.074200	-0.052185
308.074300	-0.046997
308.074400	-0.046387
308.074500	-0.045776
308.074600	-0.047302
308.074700	-0.050049
308.074800	-0.050354
308.074900	-0.056305
308.075000	-0.054779
308.075100	-0.053101
308.075200	-0.052795
308.075300	-0.054626
308.075400	-0.050201
308.075500	-0.048676
308.075600	-0.046539
308.075700	-0.052795
308.075800	-0.049286
308.075900	-0.045929
308.076000	-0.047760
308.076100	-0.042572
308.076200	-0.043945
308.076300	-0.047302
308.076400	-0.047913
308.076500	-0.046539
308.076600	-0.041199
308.076700	-0.043793
308.076800	-0.047302
308.076900	-0.047150
308.077000	-0.045776
308.077100	-0.049438
308.077200	-0.045624
308.077300	-0.045776
308.077400	-0.047760
308.077500	-0.044403
308.077600	-0.048218
308.077700	-0.053711
308.077800	-0.043793
308.077900	-0.053864
308.078000	-0.049438
308.078100	-0.050049
308.078200	-0.053406
308.078300	-0.050201
308.078400	-0.053864
308.078500	-0.049133
308.078600	-0.048065
308.078700	-0.050659
308.078800	-0.046539
308.078900	-0.045624
308.079000	-0.048828
308.079100	-0.048828
308.079200	-0.047607
308.079300	-0.046539
308.079400	-0.043793
308.079500	-0.048676
308.079600	-0.051270
308.079700	-0.049133
308.079800	-0.046082
308.079900	-0.047302
308.080000	-0.048981
308.080100	-0.054169
308.080200	-0.046692
308.080300	-0.048676
308.080400	-0.051117
308.080500	-0.051575
308.080600	-0.052795
308.080700	-0.054169
308.080800	-0.052185
308.080900	-0.054626
308.081000	-0.056152
308.081100	-0.056000
308.081200	-0.055695
308.081300	-0.051422
308.081400	-0.050354
308.081500	-0.057068
308.081600	-0.053864
308.081700	-0.054321
308.081800	-0.054626
308.081900	-0.053864
308.082000	-0.054779
308.082100	-0.057526
308.082200	-0.057068
308.082300	-0.059052
308.082400	-0.054626
308.082500	-0.057526
308.082600	-0.052338
308.082700	-0.059814
308.082800	-0.054016
308.082900	-0.055695
308.083000	-0.054932
308.083100	-0.052032
308.083200	-0.057678
308.083300	-0.059967
308.083400	-0.055695
308.083500	-0.062103
308.083600	-0.054474
308.083700	-0.061493
308.083800	-0.063477
308.083900	-0.067139
308.084000	-0.065613
308.084100	-0.059814
308.084200	-0.062256
308.084300	-0.061340
308.084400	-0.062866
308.084500	-0.064392
308.084600	-0.061798
308.084700	-0.062408
308.084800	-0.068054
308.084900	-0.061340
308.085000	-0.061951
308.085100	-0.056915
308.085200	-0.057983
308.085300	-0.059967
308.085400	-0.061798
308.085500	-0.060272
308.085600	-0.060120
308.085700	-0.060425
308.085800	-0.060425
308.085900	-0.064545
308.086000	-0.059509
308.086100	-0.061493
308.086200	-0.062866
308.086300	-0.065613
308.086400	-0.064545
308.086500	-0.064850
308.086600	-0.064240
308.086700	-0.061951
308.086800	-0.068054
308.086900	-0.063782
308.087000	-0.062866
308.087100	-0.057526
308.087200	-0.061493
308.087300	-0.059814
308.087400	-0.058899
308.087500	-0.059052
308.087600	-0.065155
308.087700	-0.062561
308.087800	-0.058594
308.087900	-0.064545
308.088000	-0.058594
308.088100	-0.058289
308.088200	-0.060272
308.088300	-0.065918
308.088400	-0.057678
308.088500	-0.063324
308.088600	-0.061798
308.088700	-0.061188
308.088800	-0.063324
308.088900	-0.062256
308.089000	-0.063934
308.089100	-0.065002
308.089200	-0.060730
308.089300	-0.061035
308.089400	-0.062256
308.089500	-0.064392
308.089600	-0.061340
308.089700	-0.057220
308.089800	-0.061646
308.089900	-0.060577
308.090000	-0.065308
308.090100	-0.057068
308.090200	-0.061035
308.090300	-0.060120
308.090400	-0.064240
308.090500	-0.065765
308.090600	-0.064240
308.090700	-0.064087
308.090800	-0.063934
308.090900	-0.063171
308.091000	-0.059204
308.091100	-0.065002
308.091200	-0.065765
308.091300	-0.067749
308.091400	-0.069427
308.091500	-0.067444
308.091600	-0.066833
308.091700	-0.065918
308.091800	-0.067139
308.091900	-0.065460
308.092000	-0.065002
308.092100	-0.066681
308.092200	-0.062714
308.092300	-0.065765
308.092400	-0.070038
308.092500	-0.061951
308.092600	-0.064087
308.092700	-0.063934
308.092800	-0.055695
308.092900	-0.064850
308.093000	-0.073090
308.093100	-0.070190
308.093200	-0.070038
308.093300	-0.069427
308.093400	-0.070953
308.093500	-0.066071
308.093600	-0.068359
308.093700	-0.059967
308.093800	-0.067139
308.093900	-0.062103
308.094000	-0.059052
308.094100	-0.056915
308.094200	-0.058899
308.094300	-0.058746
308.094400	-0.060425
308.094500	-0.062256
308.094600	-0.067291
308.094700	-0.059509
308.094800	-0.061035
308.094900	-0.056305
308.095000	-0.060883
308.095100	-0.063782
308.095200	-0.064392
308.095300	-0.066833
308.095400	-0.065918
308.095500	-0.060577
308.095600	-0.066528
308.095700	-0.065308
308.095800	-0.057220
308.095900	-0.060272
308.096000	-0.062103
308.096100	-0.062714
308.096200	-0.067291
308.096300	-0.063324
308.096400	-0.060425
308.096500	-0.067596
308.096600	-0.064240
308.096700	-0.064087
308.096800	-0.064850
308.096900	-0.066681
308.097000	-0.062408
308.097100	-0.062714
308.097200	-0.061951
308.097300	-0.063019
308.097400	-0.063324
308.097500	-0.064850
308.097600	-0.063477
308.097700	-0.063324
308.097800	-0.061951
308.097900	-0.060425
308.098000	-0.064697
308.098100	-0.064850
308.098200	-0.065918
308.098300	-0.064545
308.098400	-0.065613
308.098500	-0.070648
308.098600	-0.068512
308.098700	-0.067596
308.098800	-0.065155
308.098900	-0.064240
308.099000	-0.059814
308.099100	-0.064697
308.099200	-0.063477
308.099300	-0.064240
308.099400	-0.065765
308.099500	-0.066681
308.099600	-0.066528
308.099700	-0.065918
308.099800	-0.065765
308.099900	-0.061188
308.100000	-0.058594
308.100100	-0.060730
308.100200	-0.054169
308.100300	-0.060425
308.100400	-0.063171
308.100500	-0.058746
308.100600	-0.059509
308.100700	-0.059357
308.100800	-0.065155
308.100900	-0.064850
308.101000	-0.058746
308.101100	-0.056152
308.101200	-0.066528
308.101300	-0.061798
308.101400	-0.058899
308.101500	-0.062408
308.101600	-0.062256
308.101700	-0.056763
308.101800	-0.062408
308.101900	-0.063934
308.102000	-0.069580
308.102100	-0.067902
308.102200	-0.069885
308.102300	-0.063477
308.102400	-0.066376
308.102500	-0.062408
308.102600	-0.063477
308.102700	-0.062103
308.102800	-0.063477
308.102900	-0.064087
308.103000	-0.064697
308.103100	-0.067139
308.103200	-0.066528
308.103300	-0.064850
308.103400	-0.065460
308.103500	-0.064240
308.103600	-0.061188
308.103700	-0.063019
308.103800	-0.062561
308.103900	-0.066071
308.104000	-0.065765
308.104100	-0.067444
308.104200	-0.066376
308.104300	-0.065613
308.104400	-0.069885
308.104500	-0.068359
308.104600	-0.066986
308.104700	-0.066986
308.104800	-0.066223
308.104900	-0.063019
308.105000	-0.067902
308.105100	-0.067902
308.105200	-0.071411
308.105300	-0.068054
308.105400	-0.065002
308.105500	-0.061798
308.105600	-0.062714
308.105700	-0.058594
308.105800	-0.066376
308.105900	-0.054932
308.106000	-0.062561
308.106100	-0.061493
308.106200	-0.061188
308.106300	-0.061035
308.106400	-0.062866
308.106500	-0.060272
308.106600	-0.062103
308.106700	-0.059509
308.106800	-0.063324
308.106900	-0.062408
308.107000	-0.060730
308.107100	-0.058441
308.107200	-0.060120
308.107300	-0.059814
308.107400	-0.057831
308.107500	-0.062714
308.107600	-0.066071
308.107700	-0.065613
308.107800	-0.063629
308.107900	-0.062866
308.108000	-0.057831
308.108100	-0.058746
308.108200	-0.057526
308.108300	-0.060883
308.108400	-0.060883
308.108500	-0.065308
308.108600	-0.062103
308.108700	-0.058289
308.108800	-0.059357
308.108900	-0.061798
308.109000	-0.067596
308.109100	-0.058594
308.109200	-0.061646
308.109300	-0.059509
308.109400	-0.058136
308.109500	-0.059204
308.109600	-0.058899
308.109700	-0.059662
308.109800	-0.062256
308.109900	-0.061493
308.110000	-0.061188
308.110100	-0.062408
308.110200	-0.064087
308.110300	-0.057068
308.110400	-0.057983
308.110500	-0.063782
308.110600	-0.060577
308.110700	-0.056915
308.110800	-0.062103
308.110900	-0.067139
308.111000	-0.064087
308.111100	-0.064392
308.111200	-0.058441
308.111300	-0.063324
308.111400	-0.064240
308.111500	-0.069275
308.111600	-0.068512
308.111700	-0.064392
308.111800	-0.063782
308.111900	-0.063629
308.112000	-0.066986
308.112100	-0.065613
308.112200	-0.063934
308.112300	-0.065918
308.112400	-0.062103
308.112500	-0.062103
308.112600	-0.065460
308.112700	-0.062561
308.112800	-0.067139
308.112900	-0.061035
308.113000	-0.063019
308.113100	-0.064392
308.113200	-0.064087
308.113300	-0.066376
308.113400	-0.066833
308.113500	-0.069580
308.113600	-0.066986
308.113700	-0.066528
308.113800	-0.065002
308.113900	-0.066833
308.114000	-0.066528
308.114100	-0.068970
308.114200	-0.070038
308.114300	-0.065613
308.114400	-0.060730
308.114500	-0.062714
308.114600	-0.061188
308.114700	-0.065155
308.114800	-0.064240
308.114900	-0.065918
308.115000	-0.066528
308.115100	-0.065308
308.115200	-0.061035
308.115300	-0.065155
308.115400	-0.063934
308.115500	-0.062561
308.115600	-0.062561
308.115700	-0.064697
308.115800	-0.063477
308.115900	-0.058594
308.116000	-0.059357
308.116100	-0.061798
308.116200	-0.059204
308.116300	-0.066986
308.116400	-0.060272
308.116500	-0.061646
308.116600	-0.068359
308.116700	-0.070038
308.116800	-0.065155
308.116900	-0.063934
308.117000	-0.065765
308.117100	-0.064087
308.117200	-0.061798
308.117300	-0.066528
308.117400	-0.065613
308.117500	-0.067291
308.117600	-0.065460
308.117700	-0.059357
308.117800	-0.064850
308.117900	-0.062866
308.118000	-0.061646
308.118100	-0.062561
308.118200	-0.055542
308.118300	-0.066528
308.118400	-0.062408
308.118500	-0.058594
308.118600	-0.060577
308.118700	-0.057678
308.118800	-0.059204
308.118900	-0.065308
308.119000	-0.063324
308.119100	-0.064240
308.119200	-0.061035
308.119300	-0.060425
308.119400	-0.059509
308.119500	-0.059662
308.119600	-0.059814
308.119700	-0.061646
308.119800	-0.062561
308.119900	-0.063324
308.120000	-0.057526
308.120100	-0.064087
308.120200	-0.065460
308.120300	-0.064850
308.120400	-0.061188
308.120500	-0.059509
308.120600	-0.059357
308.120700	-0.060425
308.120800	-0.062561
308.120900	-0.059052
308.121000	-0.059052
308.121100	-0.061035
308.121200	-0.057373
308.121300	-0.066681
308.121400	-0.064240
308.121500	-0.066376
308.121600	-0.066681
