387.172100	-1.592712
387.172200	-1.552124
387.172300	-1.503448
387.172400	-1.444244
387.172500	-1.349335
387.172600	-1.224670
387.172700	-1.008453
387.172800	-0.793762
387.172900	-0.560913
387.173000	-0.378571
387.173100	-0.226135
387.173200	-0.112000
387.173300	-0.020752
387.173400	0.056915
387.173500	0.105438
387.173600	0.134277
387.173700	0.150604
387.173800	0.163727
387.173900	0.163422
387.174000	0.164795
387.174100	0.169220
387.174200	0.172119
387.174300	0.172882
387.174400	0.168610
387.174500	0.171509
387.174600	0.174255
387.174700	0.170593
387.174800	0.165100
387.174900	0.168457
387.175000	0.164795
387.175100	0.158997
387.175200	0.157623
387.175300	0.149384
387.175400	0.149689
387.175500	0.144043
387.175600	0.144043
387.175700	0.145721
387.175800	0.133057
387.175900	0.133820
387.176000	0.127716
387.176100	0.121613
387.176200	0.125885
387.176300	0.120087
387.176400	0.118561
387.176500	0.121460
387.176600	0.111542
387.176700	0.116272
387.176800	0.120697
387.176900	0.124054
387.177000	0.130768
387.177100	0.134888
387.177200	0.140381
387.177300	0.148621
387.177400	0.163574
387.177500	0.172729
387.177600	0.177307
387.177700	0.190125
387.177800	0.193939
387.177900	0.190887
387.178000	0.190125
387.178100	0.184174
387.178200	0.190277
387.178300	0.188751
387.178400	0.175018
387.178500	0.162811
387.178600	0.149231
387.178700	0.140228
387.178800	0.123291
387.178900	0.099640
387.179000	0.078125
387.179100	0.064697
387.179200	0.050049
387.179300	0.038452
387.179400	0.022125
387.179500	0.017853
387.179600	0.004272
387.179700	0.002136
387.179800	0.008392
387.179900	0.011749
387.180000	0.011444
387.180100	0.016479
387.180200	0.018921
387.180300	0.028839
387.180400	0.040894
387.180500	0.057983
387.180600	0.059814
387.180700	0.067444
387.180800	0.081024
387.180900	0.088501
387.181000	0.089417
387.181100	0.099640
387.181200	0.095673
387.181300	0.097198
387.181400	0.100098
387.181500	0.097351
387.181600	0.097961
387.181700	0.090485
387.181800	0.095673
387.181900	0.103149
387.182000	0.102692
387.182100	0.111237
387.182200	0.114899
387.182300	0.120239
387.182400	0.120850
387.182500	0.125275
387.182600	0.130005
387.182700	0.139923
387.182800	0.142670
387.182900	0.142517
387.183000	0.140381
387.183100	0.130463
387.183200	0.127106
387.183300	0.119934
387.183400	0.112915
387.183500	0.105743
387.183600	0.099792
387.183700	0.091705
387.183800	0.088348
387.183900	0.083466
387.184000	0.076752
387.184100	0.074005
387.184200	0.065918
387.184300	0.061188
387.184400	0.057678
387.184500	0.053864
387.184600	0.050049
387.184700	0.049438
387.184800	0.042419
387.184900	0.039520
387.185000	0.040894
387.185100	0.039673
387.185200	0.042419
387.185300	0.050201
387.185400	0.065765
387.185500	0.090637
387.185600	0.134888
387.185700	0.172729
387.185800	0.226593
387.185900	0.290070
387.186000	0.375366
387.186100	0.445251
387.186200	0.522461
387.186300	0.584259
387.186400	0.640259
387.186500	0.677795
387.186600	0.702515
387.186700	0.718079
387.186800	0.716705
387.186900	0.708008
387.187000	0.688171
387.187100	0.643158
387.187200	0.576935
387.187300	0.499573
387.187400	0.393982
387.187500	0.284424
387.187600	0.158691
387.187700	0.023499
387.187800	-0.111694
387.187900	-0.245514
387.188000	-0.370789
387.188100	-0.488586
387.188200	-0.581970
387.188300	-0.663757
387.188400	-0.718842
387.188500	-0.746918
387.188600	-0.760803
387.188700	-0.755157
387.188800	-0.744171
387.188900	-0.712738
387.189000	-0.670471
387.189100	-0.612030
387.189200	-0.543976
387.189300	-0.473633
387.189400	-0.385132
387.189500	-0.302124
387.189600	-0.220337
387.189700	-0.140686
387.189800	-0.078278
387.189900	-0.029449
387.190000	0.019226
387.190100	0.050964
387.190200	0.075836
387.190300	0.099182
387.190400	0.112762
387.190500	0.121765
387.190600	0.130310
387.190700	0.141602
387.190800	0.149689
387.190900	0.167542
387.191000	0.180817
387.191100	0.204010
387.191200	0.227966
387.191300	0.243835
387.191400	0.272980
387.191500	0.279388
387.191600	0.286713
387.191700	0.294800
387.191800	0.298462
387.191900	0.297089
387.192000	0.289459
387.192100	0.281067
387.192200	0.270386
387.192300	0.245819
387.192400	0.219421
387.192500	0.179291
387.192600	0.136108
387.192700	0.097809
387.192800	0.052338
387.192900	0.000763
387.193000	-0.040741
387.193100	-0.084534
387.193200	-0.116425
387.193300	-0.143433
387.193400	-0.157013
387.193500	-0.164948
387.193600	-0.167236
387.193700	-0.163727
387.193800	-0.166016
387.193900	-0.162354
387.194000	-0.147552
387.194100	-0.128784
387.194200	-0.112610
387.194300	-0.094299
387.194400	-0.063324
387.194500	-0.031738
387.194600	-0.006714
387.194700	0.019531
387.194800	0.034790
387.194900	0.048676
387.195000	0.058594
387.195100	0.071564
387.195200	0.078278
387.195300	0.086060
387.195400	0.086212
387.195500	0.089569
387.195600	0.085602
387.195700	0.093842
387.195800	0.091400
387.195900	0.090790
387.196000	0.093689
387.196100	0.091095
387.196200	0.088959
387.196300	0.087891
387.196400	0.093231
387.196500	0.084229
387.196600	0.087891
387.196700	0.086823
387.196800	0.087891
387.196900	0.085449
387.197000	0.086365
387.197100	0.085144
387.197200	0.086823
387.197300	0.089569
387.197400	0.091095
387.197500	0.088959
387.197600	0.096130
387.197700	0.092316
387.197800	0.093079
387.197900	0.089264
387.198000	0.088959
387.198100	0.082397
387.198200	0.080414
387.198300	0.083466
387.198400	0.080261
387.198500	0.080261
387.198600	0.076447
387.198700	0.074768
387.198800	0.075073
387.198900	0.080261
387.199000	0.079346
387.199100	0.073395
387.199200	0.079956
387.199300	0.079193
387.199400	0.070953
387.199500	0.077820
387.199600	0.077209
387.199700	0.083618
387.199800	0.088654
387.199900	0.086823
387.200000	0.088501
387.200100	0.093231
387.200200	0.095367
387.200300	0.096741
387.200400	0.094452
387.200500	0.097656
387.200600	0.095673
387.200700	0.094147
387.200800	0.091095
387.200900	0.090637
387.201000	0.090485
387.201100	0.084076
387.201200	0.084686
387.201300	0.078583
387.201400	0.075684
387.201500	0.071411
387.201600	0.063477
387.201700	0.060120
387.201800	0.061951
387.201900	0.059204
387.202000	0.054932
387.202100	0.050507
387.202200	0.048828
387.202300	0.050201
387.202400	0.045319
387.202500	0.044708
387.202600	0.044098
387.202700	0.039978
387.202800	0.044098
387.202900	0.040131
387.203000	0.043945
387.203100	0.043945
387.203200	0.043945
387.203300	0.049744
387.203400	0.050201
387.203500	0.051727
387.203600	0.057373
387.203700	0.059357
387.203800	0.061798
387.203900	0.060272
387.204000	0.064392
387.204100	0.065308
387.204200	0.068359
387.204300	0.066986
387.204400	0.068665
387.204500	0.071716
387.204600	0.065613
387.204700	0.075989
387.204800	0.070343
387.204900	0.082092
387.205000	0.080566
387.205100	0.080566
387.205200	0.088043
387.205300	0.090485
387.205400	0.091553
387.205500	0.102692
387.205600	0.102997
387.205700	0.106506
387.205800	0.112457
387.205900	0.115662
387.206000	0.108185
387.206100	0.103760
387.206200	0.102844
387.206300	0.101471
387.206400	0.098419
387.206500	0.100708
387.206600	0.098267
387.206700	0.092010
387.206800	0.086823
387.206900	0.084534
387.207000	0.079803
387.207100	0.074158
387.207200	0.063629
387.207300	0.057831
387.207400	0.055084
387.207500	0.055237
387.207600	0.046234
387.207700	0.039978
387.207800	0.038147
387.207900	0.028229
387.208000	0.025635
387.208100	0.021362
387.208200	0.021820
387.208300	0.021057
387.208400	0.028381
387.208500	0.027924
387.208600	0.033875
387.208700	0.031433
387.208800	0.041199
387.208900	0.042267
387.209000	0.048523
387.209100	0.045776
387.209200	0.048218
387.209300	0.050659
387.209400	0.052948
387.209500	0.052032
387.209600	0.056610
387.209700	0.057831
387.209800	0.053864
387.209900	0.052795
387.210000	0.056152
387.210100	0.055084
387.210200	0.052338
387.210300	0.053253
387.210400	0.049591
387.210500	0.048828
387.210600	0.049286
387.210700	0.049896
387.210800	0.047913
387.210900	0.056152
387.211000	0.056915
387.211100	0.059509
387.211200	0.063019
387.211300	0.060577
387.211400	0.062714
387.211500	0.062256
387.211600	0.067444
387.211700	0.070190
387.211800	0.066223
387.211900	0.075989
387.212000	0.075378
387.212100	0.074921
387.212200	0.072784
387.212300	0.076599
387.212400	0.080872
387.212500	0.086212
387.212600	0.083008
387.212700	0.085297
387.212800	0.083923
387.212900	0.092010
387.213000	0.088501
387.213100	0.087280
387.213200	0.080414
387.213300	0.075226
387.213400	0.070801
387.213500	0.072479
387.213600	0.069427
387.213700	0.070343
387.213800	0.066833
387.213900	0.070038
387.214000	0.073395
387.214100	0.068970
387.214200	0.069122
387.214300	0.070038
387.214400	0.074768
387.214500	0.075684
387.214600	0.084991
387.214700	0.092010
387.214800	0.082703
387.214900	0.088501
387.215000	0.097351
387.215100	0.102539
387.215200	0.101929
387.215300	0.110321
387.215400	0.115509
387.215500	0.107727
387.215600	0.110016
387.215700	0.111694
387.215800	0.103302
387.215900	0.102234
387.216000	0.095673
387.216100	0.091248
387.216200	0.089874
387.216300	0.084229
387.216400	0.072174
387.216500	0.075531
387.216600	0.066071
387.216700	0.060425
387.216800	0.050964
387.216900	0.042877
387.217000	0.031738
387.217100	0.030518
387.217200	0.022430
387.217300	0.019836
387.217400	0.019531
387.217500	0.016327
387.217600	0.016327
387.217700	0.021362
387.217800	0.021515
387.217900	0.036011
387.218000	0.056915
387.218100	0.086212
387.218200	0.119476
387.218300	0.160828
387.218400	0.203705
387.218500	0.256958
387.218600	0.305786
387.218700	0.348663
387.218800	0.375061
387.218900	0.384064
387.219000	0.385284
387.219100	0.380249
387.219200	0.367432
387.219300	0.352936
387.219400	0.321808
387.219500	0.290985
387.219600	0.251770
387.219700	0.207062
387.219800	0.156860
387.219900	0.106964
387.220000	0.051422
387.220100	-0.007629
387.220200	-0.063782
387.220300	-0.115051
387.220400	-0.167847
387.220500	-0.222015
387.220600	-0.268250
387.220700	-0.304413
387.220800	-0.341492
387.220900	-0.371094
387.221000	-0.391541
387.221100	-0.404205
387.221200	-0.397949
387.221300	-0.397491
387.221400	-0.382843
387.221500	-0.346985
387.221600	-0.300446
387.221700	-0.244598
387.221800	-0.184479
387.221900	-0.114441
387.222000	-0.061035
387.222100	-0.010223
387.222200	0.038147
387.222300	0.075226
387.222400	0.099335
387.222500	0.122528
387.222600	0.129700
387.222700	0.131531
387.222800	0.133667
387.222900	0.132141
387.223000	0.122833
387.223100	0.117798
387.223200	0.116577
387.223300	0.102844
387.223400	0.100250
387.223500	0.087738
387.223600	0.070190
387.223700	0.063782
387.223800	0.047913
387.223900	0.047455
387.224000	0.047760
387.224100	0.053406
387.224200	0.066071
387.224300	0.096893
387.224400	0.144806
387.224500	0.196228
387.224600	0.267944
387.224700	0.357056
387.224800	0.460358
387.224900	0.580292
387.225000	0.700378
387.225100	0.805817
387.225200	0.902710
387.225300	0.975647
387.225400	1.022644
387.225500	1.051025
387.225600	1.063843
