185.802500	0.088806
185.802600	0.092010
185.802700	0.094604
185.802800	0.091400
185.802900	0.088196
185.803000	0.095367
185.803100	0.102997
185.803200	0.125732
185.803300	0.177460
185.803400	0.266266
185.803500	0.414581
185.803600	0.598297
185.803700	0.810852
185.803800	0.995941
185.803900	1.116638
185.804000	1.139526
185.804100	1.067810
185.804200	0.934906
185.804300	0.740967
185.804400	0.505371
185.804500	0.243683
185.804600	-0.050201
185.804700	-0.345001
185.804800	-0.629425
185.804900	-0.860443
185.805000	-1.035614
185.805100	-1.144867
185.805200	-1.189270
185.805300	-1.190796
185.805400	-1.020050
185.805500	-0.789795
185.805600	-0.511780
185.805700	-0.272675
185.805800	-0.100403
185.805900	0.007324
185.806000	0.064392
185.806100	0.095978
185.806200	0.110016
185.806300	0.119781
185.806400	0.120392
185.806500	0.120239
185.806600	0.121765
185.806700	0.123291
185.806800	0.125427
185.806900	0.131226
185.807000	0.125885
185.807100	0.122833
185.807200	0.123444
185.807300	0.113373
185.807400	0.110168
185.807500	0.110321
185.807600	0.112305
185.807700	0.113831
185.807800	0.107422
185.807900	0.108337
185.808000	0.110626
185.808100	0.101318
185.808200	0.101013
185.808300	0.101013
185.808400	0.099487
185.808500	0.097351
185.808600	0.096436
185.808700	0.104218
185.808800	0.092468
185.808900	0.091248
185.809000	0.086975
185.809100	0.087433
185.809200	0.088654
185.809300	0.082245
185.809400	0.086365
185.809500	0.088806
185.809600	0.095367
185.809700	0.088959
185.809800	0.085754
185.809900	0.089264
185.810000	0.089111
185.810100	0.095215
185.810200	0.096893
185.810300	0.100708
185.810400	0.100708
185.810500	0.097809
185.810600	0.102539
185.810700	0.099792
185.810800	0.094910
185.810900	0.100555
185.811000	0.122681
185.811100	0.177917
185.811200	0.289917
185.811300	0.470123
185.811400	0.694122
185.811500	0.864868
185.811600	0.933533
185.811700	0.932617
185.811800	0.915680
185.811900	0.839233
185.812000	0.602570
185.812100	0.205383
185.812200	-0.240479
185.812300	-0.612793
185.812400	-0.817566
185.812500	-0.895386
185.812600	-0.913696
185.812700	-0.910187
185.812800	-0.846710
185.812900	-0.646057
185.813000	-0.388184
185.813100	-0.177612
185.813200	-0.031281
185.813300	0.055847
185.813400	0.095367
185.813500	0.114441
185.813600	0.119019
185.813700	0.122070
185.813800	0.128021
185.813900	0.127411
185.814000	0.119934
185.814100	0.115356
185.814200	0.112915
185.814300	0.111542
185.814400	0.111847
185.814500	0.101166
185.814600	0.103760
185.814700	0.106049
185.814800	0.105896
185.814900	0.106201
185.815000	0.112305
185.815100	0.114288
185.815200	0.109100
185.815300	0.104675
185.815400	0.102386
185.815500	0.105286
185.815600	0.095825
185.815700	0.092468
185.815800	0.087280
185.815900	0.090485
185.816000	0.087280
185.816100	0.084381
185.816200	0.086060
185.816300	0.090942
185.816400	0.092468
185.816500	0.096130
185.816600	0.090485
185.816700	0.087738
185.816800	0.089111
185.816900	0.087585
185.817000	0.086823
185.817100	0.086365
185.817200	0.078125
185.817300	0.083008
185.817400	0.079651
185.817500	0.079498
185.817600	0.077515
185.817700	0.075684
185.817800	0.080414
185.817900	0.080719
185.818000	0.085297
185.818100	0.093079
185.818200	0.094147
185.818300	0.100708
185.818400	0.104523
185.818500	0.114594
185.818600	0.117645
185.818700	0.111847
185.818800	0.106506
185.818900	0.096588
185.819000	0.092163
185.819100	0.086670
185.819200	0.071869
185.819300	0.064240
185.819400	0.064240
185.819500	0.061340
185.819600	0.062714
185.819700	0.062103
185.819800	0.067139
185.819900	0.074768
185.820000	0.075684
185.820100	0.074463
185.820200	0.079346
185.820300	0.076599
185.820400	0.080109
185.820500	0.080414
185.820600	0.089569
185.820700	0.079346
185.820800	0.079193
185.820900	0.083923
185.821000	0.081787
185.821100	0.078278
185.821200	0.083618
185.821300	0.096436
185.821400	0.121307
185.821500	0.173035
185.821600	0.245819
185.821700	0.351257
185.821800	0.465698
185.821900	0.596008
185.822000	0.678711
185.822100	0.721588
185.822200	0.710907
185.822300	0.649872
185.822400	0.534058
185.822500	0.380554
185.822600	0.202484
185.822700	0.017090
185.822800	-0.178986
185.822900	-0.360413
185.823000	-0.508728
185.823100	-0.613251
185.823200	-0.677032
185.823300	-0.674591
185.823400	-0.624847
185.823500	-0.520020
185.823600	-0.388336
185.823700	-0.247955
185.823800	-0.132141
185.823900	-0.047607
185.824000	0.005646
185.824100	0.045624
185.824200	0.066833
185.824300	0.081635
185.824400	0.085144
185.824500	0.099640
185.824600	0.102692
185.824700	0.105896
185.824800	0.103302
185.824900	0.106201
185.825000	0.109558
185.825100	0.109253
185.825200	0.103760
185.825300	0.100555
185.825400	0.099030
185.825500	0.101013
185.825600	0.104218
185.825700	0.106354
185.825800	0.104370
185.825900	0.105743
185.826000	0.100708
185.826100	0.097961
185.826200	0.085144
185.826300	0.080566
185.826400	0.078888
185.826500	0.078735
185.826600	0.073853
185.826700	0.073395
185.826800	0.069275
185.826900	0.068512
185.827000	0.070496
185.827100	0.072327
185.827200	0.070038
185.827300	0.073242
185.827400	0.070343
185.827500	0.069885
185.827600	0.064850
185.827700	0.065918
185.827800	0.068817
185.827900	0.067139
185.828000	0.072174
185.828100	0.074615
185.828200	0.073700
185.828300	0.081024
185.828400	0.081635
185.828500	0.081940
185.828600	0.082092
185.828700	0.079651
185.828800	0.086365
185.828900	0.082855
185.829000	0.083466
185.829100	0.083008
185.829200	0.091095
185.829300	0.088501
185.829400	0.088959
185.829500	0.090485
185.829600	0.099335
185.829700	0.108948
185.829800	0.115509
185.829900	0.117798
185.830000	0.119934
185.830100	0.120239
185.830200	0.116119
185.830300	0.108337
185.830400	0.102539
185.830500	0.079346
185.830600	0.066681
185.830700	0.064087
185.830800	0.071411
185.830900	0.079803
185.831000	0.106659
185.831100	0.121460
185.831200	0.133362
185.831300	0.163269
185.831400	0.204620
185.831500	0.222473
185.831600	0.207367
185.831700	0.171051
185.831800	0.118103
185.831900	0.064697
185.832000	0.012512
185.832100	-0.030365
185.832200	-0.068817
185.832300	-0.104828
185.832400	-0.126648
185.832500	-0.120850
185.832600	-0.090942
185.832700	-0.055847
185.832800	-0.020752
185.832900	0.015106
185.833000	0.039673
185.833100	0.060577
185.833200	0.071259
185.833300	0.075226
185.833400	0.071106
185.833500	0.072937
185.833600	0.077972
185.833700	0.077209
185.833800	0.082245
185.833900	0.078735
185.834000	0.079956
185.834100	0.080719
185.834200	0.072174
185.834300	0.081024
185.834400	0.074615
185.834500	0.071411
185.834600	0.068512
185.834700	0.071411
185.834800	0.073395
185.834900	0.087738
185.835000	0.109863
185.835100	0.126038
185.835200	0.147095
185.835300	0.149536
185.835400	0.157623
185.835500	0.155945
185.835600	0.142670
185.835700	0.114441
185.835800	0.073547
185.835900	0.028687
185.836000	-0.001526
185.836100	-0.023956
185.836200	-0.030823
185.836300	-0.032043
185.836400	-0.031891
185.836500	-0.018921
185.836600	0.002594
185.836700	0.022125
185.836800	0.035400
185.836900	0.053253
185.837000	0.054626
185.837100	0.061340
185.837200	0.060577
185.837300	0.070038
185.837400	0.073242
185.837500	0.071716
185.837600	0.080414
185.837700	0.077362
185.837800	0.076294
185.837900	0.069275
185.838000	0.068665
185.838100	0.067749
185.838200	0.068817
185.838300	0.066376
185.838400	0.069885
185.838500	0.067291
185.838600	0.068207
185.838700	0.065613
185.838800	0.063477
185.838900	0.066223
185.839000	0.075226
185.839100	0.068665
185.839200	0.070648
185.839300	0.074463
185.839400	0.072632
185.839500	0.074463
185.839600	0.083313
185.839700	0.078278
185.839800	0.090179
185.839900	0.091248
185.840000	0.090942
185.840100	0.086365
185.840200	0.093536
185.840300	0.101166
185.840400	0.126495
185.840500	0.195618
185.840600	0.323944
185.840700	0.525513
185.840800	0.820312
185.840900	1.161499
185.841000	1.375885
185.841100	1.412354
185.841200	1.396484
185.841300	1.351776
185.841400	1.218567
185.841500	0.890045
185.841600	0.439606
185.841700	-0.022736
185.841800	-0.485992
185.841900	-0.929108
185.842000	-1.168518
185.842100	-1.379395
185.842200	-1.349335
185.842300	-1.233521
185.842400	-1.173553
185.842500	-0.721436
185.842600	-0.177002
185.842700	0.349884
185.842800	0.686951
185.842900	0.851135
185.843000	0.924530
185.843100	0.949554
185.843200	0.915375
185.843300	0.750885
185.843400	0.431061
185.843500	0.053864
185.843600	-0.260315
185.843700	-0.458374
185.843800	-0.558624
185.843900	-0.664673
185.844000	-0.816956
185.844100	-0.977936
185.844200	-1.065369
185.844300	-0.978699
185.844400	-0.771790
185.844500	-0.534058
185.844600	-0.351562
185.844700	-0.233307
185.844800	-0.180054
185.844900	-0.159607
185.845000	-0.122681
185.845100	-0.062714
185.845200	-0.009613
185.845300	0.035400
185.845400	0.067596
185.845500	0.091858
185.845600	0.099182
185.845700	0.103149
185.845800	0.106049
185.845900	0.107269
185.846000	0.109558
185.846100	0.118713
185.846200	0.144043
185.846300	0.175476
185.846400	0.236816
185.846500	0.324707
185.846600	0.430908
185.846700	0.529175
185.846800	0.603333
185.846900	0.619507
185.847000	0.582275
185.847100	0.498657
185.847200	0.378723
185.847300	0.240936
185.847400	0.104675
185.847500	-0.029602
185.847600	-0.142365
185.847700	-0.231323
185.847800	-0.300293
185.847900	-0.330048
185.848000	-0.343628
185.848100	-0.317230
185.848200	-0.270386
185.848300	-0.207520
185.848400	-0.130310
185.848500	-0.059357
185.848600	-0.003662
185.848700	0.031128
185.848800	0.047760
185.848900	0.057983
185.849000	0.070953
185.849100	0.078735
185.849200	0.083466
185.849300	0.087585
185.849400	0.084686
185.849500	0.091400
185.849600	0.098724
185.849700	0.095215
185.849800	0.086365
185.849900	0.088348
185.850000	0.089569
185.850100	0.090942
185.850200	0.085602
185.850300	0.092163
185.850400	0.097504
185.850500	0.091705
185.850600	0.096283
185.850700	0.095367
185.850800	0.094910
185.850900	0.092773
185.851000	0.085449
185.851100	0.080719
185.851200	0.075378
185.851300	0.076752
185.851400	0.076294
185.851500	0.074158
185.851600	0.072784
185.851700	0.078430
185.851800	0.083923
185.851900	0.076447
185.852000	0.079803
185.852100	0.077515
185.852200	0.087891
185.852300	0.081635
185.852400	0.085144
185.852500	0.083008
185.852600	0.085754
185.852700	0.087891
185.852800	0.086975
185.852900	0.092163
185.853000	0.097809
185.853100	0.102386
185.853200	0.104980
185.853300	0.096588
185.853400	0.109406
185.853500	0.108948
185.853600	0.106812
185.853700	0.109100
185.853800	0.103607
185.853900	0.101318
185.854000	0.098419
185.854100	0.099945
185.854200	0.101166
185.854300	0.102692
185.854400	0.105591
185.854500	0.112610
185.854600	0.122528
185.854700	0.121460
185.854800	0.115814
185.854900	0.109711
185.855000	0.103302
185.855100	0.089569
185.855200	0.070038
185.855300	0.040436
185.855400	0.012970
185.855500	-0.007935
185.855600	-0.025177
185.855700	-0.030212
185.855800	-0.024719
185.855900	-0.015259
185.856000	-0.009460
