144.023300	-0.012970
144.023400	0.003662
144.023500	0.012817
144.023600	0.016327
144.023700	0.014801
144.023800	0.016632
144.023900	0.016937
144.024000	0.021362
144.024100	0.018463
144.024200	0.015259
144.024300	0.011444
144.024400	0.016479
144.024500	0.012512
144.024600	0.015564
144.024700	0.018158
144.024800	0.015106
144.024900	0.026245
144.025000	0.014496
144.025100	0.013580
144.025200	0.009308
144.025300	0.006409
144.025400	-0.000153
144.025500	0.005188
144.025600	0.012970
144.025700	0.011902
144.025800	0.011444
144.025900	0.009918
144.026000	0.006714
144.026100	0.006866
144.026200	0.006409
144.026300	0.007477
144.026400	0.010681
144.026500	0.012054
144.026600	0.008240
144.026700	0.011292
144.026800	0.012054
144.026900	0.009460
144.027000	0.010529
144.027100	0.010223
144.027200	0.014038
144.027300	0.012207
144.027400	0.016327
144.027500	0.012817
144.027600	0.019684
144.027700	0.021057
144.027800	0.022430
144.027900	0.019226
144.028000	0.016174
144.028100	0.014801
144.028200	0.013123
144.028300	0.010376
144.028400	0.009918
144.028500	0.003052
144.028600	0.003662
144.028700	0.003662
144.028800	0.002747
144.028900	-0.000153
144.029000	0.000153
144.029100	-0.008240
144.029200	-0.004730
144.029300	-0.008850
144.029400	-0.003357
144.029500	-0.005188
144.029600	-0.008545
144.029700	-0.003204
144.029800	-0.009918
144.029900	-0.007629
144.030000	-0.007172
144.030100	-0.002136
144.030200	0.004883
144.030300	0.000916
144.030400	-0.001068
144.030500	0.005341
144.030600	0.002594
144.030700	-0.005646
144.030800	-0.008392
144.030900	-0.005035
144.031000	-0.008545
144.031100	-0.006714
144.031200	-0.002136
144.031300	-0.000153
144.031400	0.009308
144.031500	0.012207
144.031600	0.021820
144.031700	0.019531
144.031800	0.020905
144.031900	0.020905
144.032000	0.014801
144.032100	0.012360
144.032200	0.003815
144.032300	-0.005798
144.032400	-0.017090
144.032500	-0.023804
144.032600	-0.032806
144.032700	-0.041351
144.032800	-0.050964
144.032900	-0.058746
144.033000	-0.063782
144.033100	-0.068512
144.033200	-0.066071
144.033300	-0.061035
144.033400	-0.056610
144.033500	-0.045166
144.033600	-0.029297
144.033700	-0.015411
144.033800	0.004120
144.033900	0.023956
144.034000	0.058899
144.034100	0.098114
144.034200	0.160675
144.034300	0.229187
144.034400	0.292664
144.034500	0.354919
144.034600	0.386963
144.034700	0.399017
144.034800	0.395508
144.034900	0.361481
144.035000	0.319366
144.035100	0.255737
144.035200	0.179749
144.035300	0.103455
144.035400	0.010834
144.035500	-0.081787
144.035600	-0.160065
144.035700	-0.243530
144.035800	-0.311584
144.035900	-0.361176
144.036000	-0.399933
144.036100	-0.425873
144.036200	-0.429382
144.036300	-0.422821
144.036400	-0.387878
144.036500	-0.340576
144.036600	-0.278778
144.036700	-0.208435
144.036800	-0.141449
144.036900	-0.080414
144.037000	-0.044250
144.037100	-0.015564
144.037200	-0.000916
144.037300	0.011292
144.037400	0.019836
144.037500	0.019531
144.037600	0.021515
144.037700	0.022430
144.037800	0.022736
144.037900	0.022583
144.038000	0.023956
144.038100	0.020752
144.038200	0.018311
144.038300	0.018463
144.038400	0.012512
144.038500	0.010834
144.038600	0.005493
144.038700	0.005798
144.038800	0.002136
144.038900	0.000305
144.039000	-0.007172
144.039100	-0.006714
144.039200	-0.011139
144.039300	-0.008545
144.039400	-0.015106
144.039500	-0.016479
144.039600	-0.014648
144.039700	-0.013275
144.039800	-0.014954
144.039900	-0.016479
144.040000	-0.007324
144.040100	-0.013275
144.040200	-0.017395
144.040300	-0.014343
144.040400	-0.018158
144.040500	-0.017395
144.040600	-0.013123
144.040700	-0.012207
144.040800	-0.012665
144.040900	-0.011139
144.041000	-0.005035
144.041100	-0.006714
144.041200	-0.006104
144.041300	-0.009003
144.041400	-0.001831
144.041500	-0.003815
144.041600	-0.007324
144.041700	-0.004883
144.041800	-0.001221
144.041900	-0.005951
144.042000	-0.007172
144.042100	-0.002441
144.042200	-0.004120
144.042300	-0.001221
144.042400	-0.007629
144.042500	-0.002747
144.042600	-0.002441
144.042700	-0.007019
144.042800	-0.007019
144.042900	-0.003357
144.043000	-0.000305
144.043100	-0.015106
144.043200	-0.009766
144.043300	-0.011139
144.043400	-0.012817
144.043500	-0.005951
144.043600	-0.005188
144.043700	-0.009308
144.043800	-0.013733
144.043900	-0.012207
144.044000	-0.010529
144.044100	-0.009308
144.044200	-0.007935
144.044300	-0.006409
144.044400	-0.008698
144.044500	-0.006866
144.044600	-0.007172
144.044700	-0.011902
144.044800	-0.016174
144.044900	-0.011292
144.045000	-0.011902
144.045100	-0.017548
144.045200	-0.021210
144.045300	-0.021362
144.045400	-0.021362
144.045500	-0.019989
144.045600	-0.019836
144.045700	-0.018005
144.045800	-0.020447
144.045900	-0.022583
144.046000	-0.021820
144.046100	-0.019073
144.046200	-0.018768
144.046300	-0.018616
144.046400	-0.017700
144.046500	-0.022278
144.046600	-0.019836
144.046700	-0.021057
144.046800	-0.026245
144.046900	-0.023041
144.047000	-0.017395
144.047100	-0.016937
144.047200	-0.024261
144.047300	-0.019531
144.047400	-0.012970
144.047500	-0.010986
144.047600	-0.006561
144.047700	-0.001831
144.047800	0.002747
144.047900	0.003967
144.048000	0.001678
144.048100	0.001678
144.048200	0.000916
144.048300	0.006409
144.048400	0.013123
144.048500	0.019379
144.048600	0.020142
144.048700	0.016327
144.048800	0.017395
144.048900	0.020294
144.049000	0.014496
144.049100	0.008850
144.049200	0.003510
144.049300	-0.002441
144.049400	-0.022278
144.049500	-0.028381
144.049600	-0.051880
144.049700	-0.059052
144.049800	-0.064697
144.049900	-0.074005
144.050000	-0.079803
144.050100	-0.073547
144.050200	-0.072021
144.050300	-0.060577
144.050400	-0.054016
144.050500	-0.037842
144.050600	-0.023346
144.050700	-0.010986
144.050800	0.007324
144.050900	0.010223
144.051000	0.011139
144.051100	0.019836
144.051200	0.024261
144.051300	0.020905
144.051400	0.016785
144.051500	0.006256
144.051600	-0.001984
144.051700	-0.008087
144.051800	-0.016937
144.051900	-0.024719
144.052000	-0.035095
144.052100	-0.039062
144.052200	-0.041199
144.052300	-0.039673
144.052400	-0.040283
144.052500	-0.042877
144.052600	-0.037384
144.052700	-0.035400
144.052800	-0.030365
144.052900	-0.028381
144.053000	-0.025635
144.053100	-0.024567
144.053200	-0.018005
144.053300	-0.019989
144.053400	-0.014648
144.053500	-0.007324
144.053600	-0.003510
144.053700	0.002136
144.053800	0.003357
144.053900	0.010681
144.054000	0.011749
144.054100	0.011444
144.054200	0.023346
144.054300	0.006409
144.054400	0.008545
144.054500	-0.001526
144.054600	0.002441
144.054700	-0.001373
144.054800	-0.003510
144.054900	-0.000153
144.055000	0.003510
144.055100	0.002136
144.055200	0.002899
144.055300	0.001068
144.055400	0.005798
144.055500	0.007477
144.055600	0.009460
144.055700	0.007019
144.055800	0.004730
144.055900	-0.002441
144.056000	-0.006104
144.056100	-0.017548
144.056200	-0.014496
144.056300	-0.017395
144.056400	-0.023041
144.056500	-0.022736
144.056600	-0.019684
144.056700	-0.031586
144.056800	-0.030365
144.056900	-0.034637
144.057000	-0.030975
144.057100	-0.027771
144.057200	-0.029297
144.057300	-0.027924
144.057400	-0.027618
144.057500	-0.018005
144.057600	-0.018616
144.057700	-0.017700
144.057800	-0.010529
144.057900	-0.007477
144.058000	-0.011902
144.058100	-0.009918
144.058200	-0.022736
144.058300	-0.027466
144.058400	-0.035095
144.058500	-0.035248
144.058600	-0.039368
144.058700	-0.040436
144.058800	-0.035706
144.058900	-0.041046
144.059000	-0.039825
144.059100	-0.031891
144.059200	-0.027771
144.059300	-0.025635
144.059400	-0.027771
144.059500	-0.021820
144.059600	-0.025482
144.059700	-0.021057
144.059800	-0.018768
144.059900	-0.014954
144.060000	-0.018005
144.060100	-0.017853
144.060200	-0.015106
144.060300	-0.011292
144.060400	-0.014496
144.060500	-0.018463
144.060600	-0.010986
144.060700	-0.007935
144.060800	-0.011902
144.060900	-0.006866
144.061000	-0.006714
144.061100	-0.005188
144.061200	-0.009155
144.061300	-0.005188
144.061400	-0.000916
144.061500	0.001068
144.061600	-0.004578
144.061700	-0.005493
144.061800	-0.005798
144.061900	-0.011139
144.062000	-0.014191
144.062100	-0.014343
144.062200	-0.013885
144.062300	-0.019989
144.062400	-0.015869
144.062500	-0.021973
144.062600	-0.025635
144.062700	-0.025024
144.062800	-0.025940
144.062900	-0.027618
144.063000	-0.022278
144.063100	-0.026245
144.063200	-0.024414
144.063300	-0.021973
144.063400	-0.007019
144.063500	0.017548
144.063600	0.057983
144.063700	0.124817
144.063800	0.222931
144.063900	0.364685
144.064000	0.542755
144.064100	0.741577
144.064200	0.911713
144.064300	1.029663
144.064400	1.091766
144.064500	1.095734
144.064600	1.067200
144.064700	1.004181
144.064800	0.887299
144.064900	0.692444
144.065000	0.436096
144.065100	0.173187
144.065200	-0.090027
144.065300	-0.364380
144.065400	-0.621185
144.065500	-0.865479
144.065600	-1.087341
144.065700	-1.175232
144.065800	-1.322327
144.065900	-1.325836
144.066000	-1.271820
144.066100	-1.197968
144.066200	-1.096497
144.066300	-0.925598
144.066400	-0.704956
144.066500	-0.448303
144.066600	-0.191498
144.066700	0.064850
144.066800	0.324097
144.066900	0.588379
144.067000	0.786285
144.067100	0.869446
144.067200	0.855865
144.067300	0.804596
144.067400	0.747070
144.067500	0.679321
144.067600	0.585022
144.067700	0.462646
144.067800	0.285645
144.067900	0.075226
144.068000	-0.157623
144.068100	-0.379639
144.068200	-0.561981
144.068300	-0.698090
144.068400	-0.787048
144.068500	-0.846863
144.068600	-0.892792
144.068700	-0.933228
144.068800	-0.969849
144.068900	-0.982056
144.069000	-0.909576
144.069100	-0.740814
144.069200	-0.558777
144.069300	-0.379639
144.069400	-0.238342
144.069500	-0.134277
144.069600	-0.055542
144.069700	0.004578
144.069800	0.031433
144.069900	0.041351
144.070000	0.040741
144.070100	0.038910
144.070200	0.040741
144.070300	0.039062
144.070400	0.028839
144.070500	0.016022
144.070600	0.012512
144.070700	0.010834
144.070800	0.000610
144.070900	0.001831
144.071000	0.000305
144.071100	-0.006714
144.071200	-0.000305
144.071300	-0.006714
144.071400	0.005341
144.071500	0.012207
144.071600	0.016632
144.071700	0.025024
144.071800	0.029755
144.071900	0.025330
144.072000	0.036469
144.072100	0.038147
144.072200	0.039673
144.072300	0.029449
144.072400	0.027771
144.072500	0.030365
144.072600	0.031738
144.072700	0.029755
144.072800	0.027008
144.072900	0.025330
144.073000	0.030365
144.073100	0.032501
144.073200	0.032959
144.073300	0.025940
144.073400	0.027008
144.073500	0.021820
144.073600	0.019073
144.073700	0.020905
144.073800	0.016937
144.073900	0.017700
144.074000	0.014496
144.074100	0.017242
144.074200	0.021057
144.074300	0.021973
144.074400	0.028534
144.074500	0.036011
144.074600	0.042725
144.074700	0.050812
144.074800	0.057373
144.074900	0.056610
144.075000	0.054626
144.075100	0.056152
144.075200	0.064087
144.075300	0.048523
144.075400	0.036163
144.075500	0.021820
144.075600	0.019379
144.075700	0.020905
144.075800	0.029907
144.075900	0.064545
144.076000	0.125122
144.076100	0.211487
144.076200	0.308838
144.076300	0.406342
144.076400	0.465088
144.076500	0.496521
144.076600	0.516815
144.076700	0.523071
144.076800	0.493774
