368.586500	0.088654
368.586600	0.107880
368.586700	0.126038
368.586800	0.132904
368.586900	0.149536
368.587000	0.159760
368.587100	0.166473
368.587200	0.176239
368.587300	0.188293
368.587400	0.194244
368.587500	0.205231
368.587600	0.209961
368.587700	0.215607
368.587800	0.225525
368.587900	0.230103
368.588000	0.233459
368.588100	0.238495
368.588200	0.242767
368.588300	0.242004
368.588400	0.244293
368.588500	0.246277
368.588600	0.237579
368.588700	0.232086
368.588800	0.235138
368.588900	0.228577
368.589000	0.221252
368.589100	0.221252
368.589200	0.218201
368.589300	0.211182
368.589400	0.211487
368.589500	0.209656
368.589600	0.209503
368.589700	0.200348
368.589800	0.196228
368.589900	0.188599
368.590000	0.183258
368.590100	0.178070
368.590200	0.175476
368.590300	0.168304
368.590400	0.175323
368.590500	0.160980
368.590600	0.155945
368.590700	0.147552
368.590800	0.142059
368.590900	0.131683
368.591000	0.128937
368.591100	0.123901
368.591200	0.111847
368.591300	0.101471
368.591400	0.099030
368.591500	0.088348
368.591600	0.087280
368.591700	0.077667
368.591800	0.074463
368.591900	0.064697
368.592000	0.060120
368.592100	0.058441
368.592200	0.057831
368.592300	0.049896
368.592400	0.046387
368.592500	0.038147
368.592600	0.036163
368.592700	0.039978
368.592800	0.035858
368.592900	0.042419
368.593000	0.043488
368.593100	0.044250
368.593200	0.039368
368.593300	0.040436
368.593400	0.038147
368.593500	0.036621
368.593600	0.040131
368.593700	0.033875
368.593800	0.038757
368.593900	0.044861
368.594000	0.039062
368.594100	0.043182
368.594200	0.043640
368.594300	0.042877
368.594400	0.040436
368.594500	0.044708
368.594600	0.046997
368.594700	0.045624
368.594800	0.051575
368.594900	0.057678
368.595000	0.057068
368.595100	0.052795
368.595200	0.057068
368.595300	0.063019
368.595400	0.065765
368.595500	0.069885
368.595600	0.072937
368.595700	0.077667
368.595800	0.080719
368.595900	0.088501
368.596000	0.088806
368.596100	0.094452
368.596200	0.094757
368.596300	0.092926
368.596400	0.097961
368.596500	0.102539
368.596600	0.105133
368.596700	0.111542
368.596800	0.108032
368.596900	0.113983
368.597000	0.110626
368.597100	0.116119
368.597200	0.114136
368.597300	0.115356
368.597400	0.112457
368.597500	0.114594
368.597600	0.114288
368.597700	0.109406
368.597800	0.112915
368.597900	0.120087
368.598000	0.113068
368.598100	0.116730
368.598200	0.115356
368.598300	0.113373
368.598400	0.112152
368.598500	0.111847
368.598600	0.114594
368.598700	0.116730
368.598800	0.112762
368.598900	0.113678
368.599000	0.115509
368.599100	0.118103
368.599200	0.110016
368.599300	0.112610
368.599400	0.113983
368.599500	0.108337
368.599600	0.114899
368.599700	0.107269
368.599800	0.108185
368.599900	0.105896
368.600000	0.108948
368.600100	0.109253
368.600200	0.103302
368.600300	0.103760
368.600400	0.100098
368.600500	0.098419
368.600600	0.101624
368.600700	0.097351
368.600800	0.094299
368.600900	0.100403
368.601000	0.101776
368.601100	0.109558
368.601200	0.101166
368.601300	0.099030
368.601400	0.098267
368.601500	0.099945
368.601600	0.102539
368.601700	0.099792
368.601800	0.102234
368.601900	0.100098
368.602000	0.104980
368.602100	0.101013
368.602200	0.102386
368.602300	0.104980
368.602400	0.101776
368.602500	0.106049
368.602600	0.111542
368.602700	0.109558
368.602800	0.105133
368.602900	0.109253
368.603000	0.112457
368.603100	0.107727
368.603200	0.108032
368.603300	0.109711
368.603400	0.117187
368.603500	0.112305
368.603600	0.117493
368.603700	0.114136
368.603800	0.119171
368.603900	0.126343
368.604000	0.124512
368.604100	0.121918
368.604200	0.122070
368.604300	0.132294
368.604400	0.133209
368.604500	0.134735
368.604600	0.138397
368.604700	0.141449
368.604800	0.141449
368.604900	0.139465
368.605000	0.144806
368.605100	0.148926
368.605200	0.149689
368.605300	0.153503
368.605400	0.160675
368.605500	0.153961
368.605600	0.155334
368.605700	0.153961
368.605800	0.159912
368.605900	0.154419
368.606000	0.154266
368.606100	0.155029
368.606200	0.153961
368.606300	0.150299
368.606400	0.155029
368.606500	0.144043
368.606600	0.150299
368.606700	0.150604
368.606800	0.145569
368.606900	0.142975
368.607000	0.148468
368.607100	0.144043
368.607200	0.138855
368.607300	0.138855
368.607400	0.137634
368.607500	0.127716
368.607600	0.119781
368.607700	0.117035
368.607800	0.126190
368.607900	0.124207
368.608000	0.114594
368.608100	0.110016
368.608200	0.104523
368.608300	0.104065
368.608400	0.093536
368.608500	0.090332
368.608600	0.080566
368.608700	0.073395
368.608800	0.074615
368.608900	0.067749
368.609000	0.056152
368.609100	0.050201
368.609200	0.050964
368.609300	0.041504
368.609400	0.039978
368.609500	0.033112
368.609600	0.031433
368.609700	0.025787
368.609800	0.022736
368.609900	0.019836
368.610000	0.017395
368.610100	0.015717
368.610200	0.012817
368.610300	0.010071
368.610400	0.004730
368.610500	0.000610
368.610600	0.004883
368.610700	0.003967
368.610800	0.006866
368.610900	0.005493
368.611000	0.009766
368.611100	0.006409
368.611200	0.002594
368.611300	0.003357
368.611400	0.009613
368.611500	0.007782
368.611600	0.009155
368.611700	0.016479
368.611800	0.016479
368.611900	0.018158
368.612000	0.017853
368.612100	0.023956
368.612200	0.023346
368.612300	0.027618
368.612400	0.029602
368.612500	0.033722
368.612600	0.037689
368.612700	0.043640
368.612800	0.045776
368.612900	0.047455
368.613000	0.052643
368.613100	0.057831
368.613200	0.060120
368.613300	0.062103
368.613400	0.060120
368.613500	0.069427
368.613600	0.072479
368.613700	0.080719
368.613800	0.079193
368.613900	0.085297
368.614000	0.085754
368.614100	0.091858
368.614200	0.091095
368.614300	0.092316
368.614400	0.090179
368.614500	0.089722
368.614600	0.090485
368.614700	0.091705
368.614800	0.096436
368.614900	0.096741
368.615000	0.095367
368.615100	0.095062
368.615200	0.093536
368.615300	0.097198
368.615400	0.095978
368.615500	0.101624
368.615600	0.101624
368.615700	0.096741
368.615800	0.093994
368.615900	0.095825
368.616000	0.095978
368.616100	0.095215
368.616200	0.094910
368.616300	0.089722
368.616400	0.095673
368.616500	0.096436
368.616600	0.090332
368.616700	0.090485
368.616800	0.095825
368.616900	0.094604
368.617000	0.091248
368.617100	0.098572
368.617200	0.093994
368.617300	0.092316
368.617400	0.095673
368.617500	0.089111
368.617600	0.098419
368.617700	0.092468
368.617800	0.092468
368.617900	0.096130
368.618000	0.098114
368.618100	0.091553
368.618200	0.095673
368.618300	0.093536
368.618400	0.096130
368.618500	0.087433
368.618600	0.089111
368.618700	0.092621
368.618800	0.094604
368.618900	0.096283
368.619000	0.087280
368.619100	0.091400
368.619200	0.090332
368.619300	0.088959
368.619400	0.086670
368.619500	0.092163
368.619600	0.091858
368.619700	0.092468
368.619800	0.097809
368.619900	0.096741
368.620000	0.101166
368.620100	0.100403
368.620200	0.101013
368.620300	0.101166
368.620400	0.100098
368.620500	0.099030
368.620600	0.103607
368.620700	0.103760
368.620800	0.100861
368.620900	0.108185
368.621000	0.103912
368.621100	0.101013
368.621200	0.109558
368.621300	0.101318
368.621400	0.102997
368.621500	0.107422
368.621600	0.106049
368.621700	0.110016
368.621800	0.114136
368.621900	0.119629
368.622000	0.121613
368.622100	0.128021
368.622200	0.135040
368.622300	0.140076
368.622400	0.145569
368.622500	0.152130
368.622600	0.159912
368.622700	0.175781
368.622800	0.182495
368.622900	0.193787
368.623000	0.205231
368.623100	0.225983
368.623200	0.242462
368.623300	0.251617
368.623400	0.269775
368.623500	0.285950
368.623600	0.306244
368.623700	0.326233
368.623800	0.341034
368.623900	0.359650
368.624000	0.383148
368.624100	0.405884
368.624200	0.424042
368.624300	0.444641
368.624400	0.456238
368.624500	0.471954
368.624600	0.489807
368.624700	0.504761
368.624800	0.510712
368.624900	0.522003
368.625000	0.528717
368.625100	0.528870
368.625200	0.538025
368.625300	0.540161
368.625400	0.532684
368.625500	0.536194
368.625600	0.532684
368.625700	0.525360
368.625800	0.507202
368.625900	0.503235
368.626000	0.487061
368.626100	0.476227
368.626200	0.455322
368.626300	0.451202
368.626400	0.427399
368.626500	0.414429
368.626600	0.395050
368.626700	0.375366
368.626800	0.359039
368.626900	0.337067
368.627000	0.316620
368.627100	0.293121
368.627200	0.270233
368.627300	0.252838
368.627400	0.230865
368.627500	0.203094
368.627600	0.177307
368.627700	0.157623
368.627800	0.131531
368.627900	0.107269
368.628000	0.083618
368.628100	0.054779
368.628200	0.031281
368.628300	0.004120
368.628400	-0.014648
368.628500	-0.043030
368.628600	-0.072174
368.628700	-0.097961
368.628800	-0.117950
368.628900	-0.143127
368.629000	-0.167389
368.629100	-0.191193
368.629200	-0.211639
368.629300	-0.241394
368.629400	-0.258789
368.629500	-0.280762
368.629600	-0.301514
368.629700	-0.320282
368.629800	-0.335388
368.629900	-0.356750
368.630000	-0.378265
368.630100	-0.395355
368.630200	-0.405731
368.630300	-0.425262
368.630400	-0.439148
368.630500	-0.450287
368.630600	-0.463257
368.630700	-0.470581
368.630800	-0.474091
368.630900	-0.480194
368.631000	-0.491943
368.631100	-0.502014
368.631200	-0.495605
368.631300	-0.500793
368.631400	-0.506592
368.631500	-0.509491
368.631600	-0.507202
368.631700	-0.502167
368.631800	-0.500641
368.631900	-0.491028
368.632000	-0.491028
368.632100	-0.483551
368.632200	-0.472260
368.632300	-0.459290
368.632400	-0.447235
368.632500	-0.430908
368.632600	-0.414886
368.632700	-0.394135
368.632800	-0.383301
368.632900	-0.363464
368.633000	-0.343170
368.633100	-0.320587
368.633200	-0.298157
368.633300	-0.278473
368.633400	-0.244904
368.633500	-0.218964
368.633600	-0.193024
368.633700	-0.167236
368.633800	-0.145416
368.633900	-0.121460
368.634000	-0.097198
368.634100	-0.067444
368.634200	-0.045624
368.634300	-0.025330
368.634400	-0.004272
368.634500	0.024261
368.634600	0.040131
368.634700	0.056610
368.634800	0.076294
368.634900	0.088959
368.635000	0.095673
368.635100	0.116425
368.635200	0.128784
368.635300	0.135498
368.635400	0.148315
368.635500	0.150909
368.635600	0.156250
368.635700	0.163879
368.635800	0.167999
368.635900	0.171204
368.636000	0.178223
368.636100	0.183563
368.636200	0.184326
368.636300	0.180664
368.636400	0.184326
368.636500	0.186157
368.636600	0.187683
368.636700	0.186768
368.636800	0.186005
368.636900	0.184021
368.637000	0.178223
368.637100	0.179749
368.637200	0.184479
368.637300	0.182800
368.637400	0.179138
368.637500	0.173950
368.637600	0.177917
368.637700	0.182495
368.637800	0.180359
368.637900	0.175781
368.638000	0.178833
368.638100	0.178986
368.638200	0.174408
368.638300	0.173645
368.638400	0.171051
368.638500	0.173645
368.638600	0.170288
368.638700	0.166321
368.638800	0.166626
368.638900	0.166321
368.639000	0.167389
368.639100	0.167236
368.639200	0.166626
368.639300	0.171051
368.639400	0.167847
368.639500	0.168610
368.639600	0.166779
368.639700	0.162964
368.639800	0.163879
368.639900	0.164337
368.640000	0.157928
