46.640900	0.007629
46.641000	0.008850
46.641100	0.009155
46.641200	0.009003
46.641300	0.010071
46.641400	0.010529
46.641500	0.011139
46.641600	0.012665
46.641700	0.009613
46.641800	0.010376
46.641900	0.010834
46.642000	0.010071
46.642100	0.011749
46.642200	0.012360
46.642300	0.003662
46.642400	0.008545
46.642500	0.005951
46.642600	0.004120
46.642700	0.005341
46.642800	0.007782
46.642900	0.003510
46.643000	0.003815
46.643100	0.003967
46.643200	0.009155
46.643300	0.010529
46.643400	0.009155
46.643500	0.011292
46.643600	0.007324
46.643700	0.009918
46.643800	0.007324
46.643900	0.005798
46.644000	0.007172
46.644100	0.012207
46.644200	0.009308
46.644300	0.011139
46.644400	0.015106
46.644500	0.010376
46.644600	0.013428
46.644700	0.014343
46.644800	0.011597
46.644900	0.010681
46.645000	0.005798
46.645100	0.010223
46.645200	0.009460
46.645300	0.012817
46.645400	0.007782
46.645500	0.010071
46.645600	0.006104
46.645700	0.009003
46.645800	0.010071
46.645900	0.009766
46.646000	0.008392
46.646100	0.011902
46.646200	0.012512
46.646300	0.011139
46.646400	0.012054
46.646500	0.010376
46.646600	0.009155
46.646700	0.011292
46.646800	0.010071
46.646900	0.011444
46.647000	0.008240
46.647100	0.009918
46.647200	0.008545
46.647300	0.011902
46.647400	0.017242
46.647500	0.012970
46.647600	0.016937
46.647700	0.016174
46.647800	0.017090
46.647900	0.019836
46.648000	0.020294
46.648100	0.018005
46.648200	0.012665
46.648300	0.018158
46.648400	0.017090
46.648500	0.018005
46.648600	0.021057
46.648700	0.019836
46.648800	0.014648
46.648900	0.018616
46.649000	0.021667
46.649100	0.023346
46.649200	0.021820
46.649300	0.017242
46.649400	0.016632
46.649500	0.018616
46.649600	0.022888
46.649700	0.021820
46.649800	0.022888
46.649900	0.023804
46.650000	0.023651
46.650100	0.022583
46.650200	0.019684
46.650300	0.021667
46.650400	0.023651
46.650500	0.022278
46.650600	0.021973
46.650700	0.018921
46.650800	0.019226
46.650900	0.023499
46.651000	0.018921
46.651100	0.021667
46.651200	0.021973
46.651300	0.021515
46.651400	0.013733
46.651500	0.015869
46.651600	0.018616
46.651700	0.021515
46.651800	0.019684
46.651900	0.024109
46.652000	0.018158
46.652100	0.018768
46.652200	0.019684
46.652300	0.019836
46.652400	0.020752
46.652500	0.023041
46.652600	0.019073
46.652700	0.020905
46.652800	0.017090
46.652900	0.021362
46.653000	0.018005
46.653100	0.017395
46.653200	0.018616
46.653300	0.021515
46.653400	0.017853
46.653500	0.017700
46.653600	0.019531
46.653700	0.020905
46.653800	0.019531
46.653900	0.012360
46.654000	0.017090
46.654100	0.019684
46.654200	0.021973
46.654300	0.019836
46.654400	0.022125
46.654500	0.025482
46.654600	0.023804
46.654700	0.027008
46.654800	0.024567
46.654900	0.027618
46.655000	0.029144
46.655100	0.020294
46.655200	0.025940
46.655300	0.032501
46.655400	0.029449
46.655500	0.022430
46.655600	0.031433
46.655700	0.023499
46.655800	0.027618
46.655900	0.030975
46.656000	0.024719
46.656100	0.021667
46.656200	0.023499
46.656300	0.030060
46.656400	0.026245
46.656500	0.026550
46.656600	0.028534
46.656700	0.024719
46.656800	0.022736
46.656900	0.023804
46.657000	0.022736
46.657100	0.023041
46.657200	0.018616
46.657300	0.019989
46.657400	0.021210
46.657500	0.023651
46.657600	0.017395
46.657700	0.015869
46.657800	0.015869
46.657900	0.023499
46.658000	0.016174
46.658100	0.015106
46.658200	0.018311
46.658300	0.015259
46.658400	0.015717
46.658500	0.016479
46.658600	0.015411
46.658700	0.017242
46.658800	0.015869
46.658900	0.013123
46.659000	0.014648
46.659100	0.017700
46.659200	0.011902
46.659300	0.015106
46.659400	0.012970
46.659500	0.013885
46.659600	0.013428
46.659700	0.013580
46.659800	0.010986
46.659900	0.011292
46.660000	0.010071
46.660100	0.012512
46.660200	0.006714
46.660300	0.006409
46.660400	0.008240
46.660500	0.011902
46.660600	0.009613
46.660700	0.011444
46.660800	0.009766
46.660900	0.003510
46.661000	0.009003
46.661100	0.010529
46.661200	0.010529
46.661300	0.011444
46.661400	0.012512
46.661500	0.008240
46.661600	0.005493
46.661700	0.003815
46.661800	0.010376
46.661900	0.003815
46.662000	0.004120
46.662100	0.009003
46.662200	0.012207
46.662300	0.013428
46.662400	0.007782
46.662500	0.009613
46.662600	0.006714
46.662700	0.008392
46.662800	0.007019
46.662900	0.005951
46.663000	0.007477
46.663100	0.009918
46.663200	0.006409
46.663300	0.007629
46.663400	0.005646
46.663500	0.003204
46.663600	0.002747
46.663700	-0.000610
46.663800	0.006104
46.663900	0.007324
46.664000	0.002899
46.664100	0.005035
46.664200	0.002594
46.664300	0.005035
46.664400	0.006561
46.664500	0.006409
46.664600	0.004578
46.664700	0.007324
46.664800	0.007324
46.664900	0.004883
46.665000	0.002136
46.665100	0.004272
46.665200	0.007172
46.665300	0.007477
46.665400	0.004730
46.665500	0.005798
46.665600	0.005035
46.665700	0.005646
46.665800	0.008240
46.665900	0.005188
46.666000	0.003967
46.666100	0.003357
46.666200	0.006714
46.666300	0.003815
46.666400	0.005493
46.666500	0.009308
46.666600	0.005493
46.666700	0.008392
46.666800	0.006409
46.666900	0.005493
46.667000	0.002441
46.667100	0.002899
46.667200	0.009613
46.667300	0.004883
46.667400	0.005493
46.667500	0.002594
46.667600	0.000610
46.667700	0.003357
46.667800	0.006409
46.667900	0.008698
46.668000	0.010834
46.668100	0.005035
46.668200	0.003510
46.668300	0.009003
46.668400	0.008545
46.668500	0.006256
46.668600	0.007629
46.668700	0.006409
46.668800	0.006561
46.668900	0.008392
46.669000	0.004578
46.669100	0.007172
46.669200	0.005035
46.669300	0.006256
46.669400	0.006714
46.669500	0.005035
46.669600	0.006104
46.669700	0.005951
46.669800	0.005035
46.669900	0.008392
46.670000	0.005341
46.670100	0.006866
46.670200	0.004120
46.670300	0.005646
46.670400	0.006104
46.670500	0.007019
46.670600	0.008087
46.670700	0.006256
46.670800	0.005798
46.670900	0.005341
46.671000	0.005035
46.671100	0.002136
46.671200	0.000610
46.671300	0.003967
46.671400	0.005646
46.671500	0.002899
46.671600	0.002899
46.671700	0.001831
46.671800	0.005646
46.671900	0.005951
46.672000	0.000610
46.672100	-0.001221
46.672200	-0.000458
46.672300	0.004425
46.672400	0.005188
46.672500	0.006561
46.672600	0.006256
46.672700	-0.000153
46.672800	0.002441
46.672900	0.007477
46.673000	0.009003
46.673100	0.006714
46.673200	0.008240
46.673300	0.008698
46.673400	0.005798
46.673500	0.003967
46.673600	0.001678
46.673700	0.003815
46.673800	0.006714
46.673900	0.008850
46.674000	0.007935
46.674100	0.005493
46.674200	0.005035
46.674300	0.005951
46.674400	-0.002136
46.674500	-0.003357
46.674600	-0.007782
46.674700	-0.006866
46.674800	-0.008392
46.674900	-0.009460
46.675000	-0.013428
46.675100	-0.018311
46.675200	-0.019989
46.675300	-0.016632
46.675400	-0.014496
46.675500	-0.018158
46.675600	-0.019226
46.675700	-0.018616
46.675800	-0.018005
46.675900	-0.018005
46.676000	-0.019073
46.676100	-0.019379
46.676200	-0.021667
46.676300	-0.019531
46.676400	-0.016327
46.676500	-0.019379
46.676600	-0.021973
46.676700	-0.023956
46.676800	-0.017700
46.676900	-0.021362
46.677000	-0.014954
46.677100	-0.016327
46.677200	-0.017395
46.677300	-0.015869
46.677400	-0.016479
46.677500	-0.011902
46.677600	-0.018005
46.677700	-0.017548
46.677800	-0.018005
46.677900	-0.019989
46.678000	-0.012360
46.678100	-0.014191
46.678200	-0.007172
46.678300	-0.011902
46.678400	-0.008850
46.678500	-0.008240
46.678600	-0.013428
46.678700	-0.014496
46.678800	-0.010681
46.678900	-0.010834
46.679000	-0.011597
46.679100	-0.015259
46.679200	-0.010529
46.679300	-0.007935
46.679400	-0.005188
46.679500	-0.006561
46.679600	-0.014038
46.679700	-0.013428
46.679800	-0.009155
46.679900	-0.004883
46.680000	-0.005798
46.680100	-0.003815
46.680200	-0.002747
46.680300	-0.006866
46.680400	-0.004883
46.680500	-0.000153
46.680600	-0.003357
46.680700	-0.001373
46.680800	0.000610
46.680900	0.001831
46.681000	0.002441
46.681100	0.001984
46.681200	-0.002136
46.681300	0.000153
46.681400	0.002136
46.681500	-0.000916
46.681600	-0.001526
46.681700	0.003967
46.681800	0.004120
46.681900	0.004578
46.682000	0.005188
46.682100	0.005341
46.682200	0.007629
46.682300	0.008392
46.682400	0.002747
46.682500	0.007629
46.682600	0.006256
46.682700	0.007172
46.682800	0.011444
46.682900	0.008545
46.683000	0.010529
46.683100	0.007324
46.683200	0.004883
46.683300	0.007477
46.683400	0.005341
46.683500	0.006561
46.683600	0.008392
46.683700	0.005646
46.683800	0.001984
46.683900	0.010681
46.684000	0.011597
46.684100	0.012054
46.684200	0.008392
46.684300	0.006409
46.684400	0.007019
46.684500	0.008698
46.684600	0.011444
46.684700	0.010681
46.684800	0.013428
46.684900	0.010223
46.685000	0.009003
46.685100	0.008698
46.685200	0.011597
46.685300	0.016479
46.685400	0.013885
46.685500	0.009460
46.685600	0.012360
46.685700	0.009613
46.685800	0.014496
46.685900	0.013123
46.686000	0.010986
46.686100	0.014343
46.686200	0.015564
46.686300	0.016632
46.686400	0.013275
46.686500	0.014343
46.686600	0.014801
46.686700	0.013885
46.686800	0.014496
46.686900	0.013885
46.687000	0.017548
46.687100	0.012970
46.687200	0.008545
46.687300	0.010681
46.687400	0.010376
46.687500	0.012817
46.687600	0.015717
46.687700	0.014648
46.687800	0.010376
46.687900	0.011292
46.688000	0.010834
46.688100	0.010376
46.688200	0.015106
46.688300	0.014191
46.688400	0.016174
46.688500	0.015106
46.688600	0.014038
46.688700	0.015259
46.688800	0.013428
46.688900	0.015717
46.689000	0.017853
46.689100	0.015411
46.689200	0.011597
46.689300	0.011902
46.689400	0.015717
46.689500	0.010834
46.689600	0.015869
46.689700	0.019989
46.689800	0.018921
46.689900	0.019379
46.690000	0.021057
46.690100	0.019531
46.690200	0.014801
46.690300	0.020142
46.690400	0.024109
46.690500	0.019684
46.690600	0.017090
46.690700	0.016937
46.690800	0.018005
46.690900	0.019379
46.691000	0.020752
46.691100	0.021210
46.691200	0.017395
46.691300	0.019989
46.691400	0.016785
46.691500	0.020752
46.691600	0.017090
46.691700	0.018616
46.691800	0.019531
46.691900	0.016937
46.692000	0.016022
46.692100	0.019226
46.692200	0.018768
46.692300	0.015717
46.692400	0.024109
46.692500	0.016479
46.692600	0.015411
46.692700	0.013428
46.692800	0.016785
46.692900	0.014954
46.693000	0.012970
46.693100	0.019989
46.693200	0.019379
46.693300	0.019379
46.693400	0.019531
46.693500	0.017395
46.693600	0.016937
46.693700	0.017700
46.693800	0.021973
46.693900	0.020142
46.694000	0.020294
46.694100	0.017548
46.694200	0.012512
46.694300	0.018311
46.694400	0.016479
