89.188100	0.083160
89.188200	0.083923
89.188300	0.082550
89.188400	0.091400
89.188500	0.089722
89.188600	0.080872
89.188700	0.083313
89.188800	0.075836
89.188900	0.080719
89.189000	0.077820
89.189100	0.075073
89.189200	0.075378
89.189300	0.079498
89.189400	0.079346
89.189500	0.076447
89.189600	0.076294
89.189700	0.081177
89.189800	0.079956
89.189900	0.081787
89.190000	0.082397
89.190100	0.080719
89.190200	0.080719
89.190300	0.085907
89.190400	0.093536
89.190500	0.088959
89.190600	0.090942
89.190700	0.082703
89.190800	0.084686
89.190900	0.094910
89.191000	0.089722
89.191100	0.088501
89.191200	0.091705
89.191300	0.099335
89.191400	0.095825
89.191500	0.098877
89.191600	0.101471
89.191700	0.101776
89.191800	0.097504
89.191900	0.100708
89.192000	0.094452
89.192100	0.101013
89.192200	0.096283
89.192300	0.099335
89.192400	0.099640
89.192500	0.099487
89.192600	0.097656
89.192700	0.098267
89.192800	0.094604
89.192900	0.097198
89.193000	0.093231
89.193100	0.092163
89.193200	0.088043
89.193300	0.085754
89.193400	0.080719
89.193500	0.079651
89.193600	0.077515
89.193700	0.078888
89.193800	0.076141
89.193900	0.068359
89.194000	0.072937
89.194100	0.068512
89.194200	0.066833
89.194300	0.067902
89.194400	0.068512
89.194500	0.068665
89.194600	0.065460
89.194700	0.060272
89.194800	0.063477
89.194900	0.059967
89.195000	0.070801
89.195100	0.067291
89.195200	0.067596
89.195300	0.069122
89.195400	0.075378
89.195500	0.071716
89.195600	0.067139
89.195700	0.073700
89.195800	0.068817
89.195900	0.069885
89.196000	0.070801
89.196100	0.075378
89.196200	0.072632
89.196300	0.074615
89.196400	0.075684
89.196500	0.072784
89.196600	0.074005
89.196700	0.073853
89.196800	0.074005
89.196900	0.076904
89.197000	0.075378
89.197100	0.078278
89.197200	0.079498
89.197300	0.077209
89.197400	0.079803
89.197500	0.075378
89.197600	0.076904
89.197700	0.079193
89.197800	0.077362
89.197900	0.077667
89.198000	0.075226
89.198100	0.079346
89.198200	0.082855
89.198300	0.083466
89.198400	0.086975
89.198500	0.086823
89.198600	0.088196
89.198700	0.087585
89.198800	0.088654
89.198900	0.089264
89.199000	0.092773
89.199100	0.093384
89.199200	0.096893
89.199300	0.099182
89.199400	0.093384
89.199500	0.088043
89.199600	0.095062
89.199700	0.093536
89.199800	0.098114
89.199900	0.100708
89.200000	0.101318
89.200100	0.099792
89.200200	0.097198
89.200300	0.095673
89.200400	0.095520
89.200500	0.097961
89.200600	0.097961
89.200700	0.097198
89.200800	0.093842
89.200900	0.099792
89.201000	0.101471
89.201100	0.092010
89.201200	0.098419
89.201300	0.101166
89.201400	0.094910
89.201500	0.094604
89.201600	0.098572
89.201700	0.096436
89.201800	0.097961
89.201900	0.097351
89.202000	0.096436
89.202100	0.096283
89.202200	0.094604
89.202300	0.101013
89.202400	0.098419
89.202500	0.096436
89.202600	0.099792
89.202700	0.109100
89.202800	0.116272
89.202900	0.124359
89.203000	0.126190
89.203100	0.132751
89.203200	0.154114
89.203300	0.164490
89.203400	0.179596
89.203500	0.198669
89.203600	0.214844
89.203700	0.213470
89.203800	0.228119
89.203900	0.226440
89.204000	0.225983
89.204100	0.220642
89.204200	0.221252
89.204300	0.222015
89.204400	0.215759
89.204500	0.213165
89.204600	0.206299
89.204700	0.203094
89.204800	0.194550
89.204900	0.192261
89.205000	0.173187
89.205100	0.161438
89.205200	0.136871
89.205300	0.117950
89.205400	0.100708
89.205500	0.087585
89.205600	0.059662
89.205700	0.048523
89.205800	0.032806
89.205900	0.010376
89.206000	-0.009918
89.206100	-0.028992
89.206200	-0.047150
89.206300	-0.064697
89.206400	-0.088348
89.206500	-0.093231
89.206600	-0.096588
89.206700	-0.108948
89.206800	-0.104065
89.206900	-0.098114
89.207000	-0.092163
89.207100	-0.083466
89.207200	-0.074921
89.207300	-0.074921
89.207400	-0.071564
89.207500	-0.062408
89.207600	-0.064697
89.207700	-0.052795
89.207800	-0.046082
89.207900	-0.031891
89.208000	-0.016022
89.208100	-0.002594
89.208200	0.012817
89.208300	0.029755
89.208400	0.044861
89.208500	0.056458
89.208600	0.063934
89.208700	0.081482
89.208800	0.091248
89.208900	0.104828
89.209000	0.115967
89.209100	0.114136
89.209200	0.116577
89.209300	0.124817
89.209400	0.133820
89.209500	0.140076
89.209600	0.155640
89.209700	0.162964
89.209800	0.186310
89.209900	0.207977
89.210000	0.222931
89.210100	0.240021
89.210200	0.264130
89.210300	0.278931
89.210400	0.301666
89.210500	0.315399
89.210600	0.316620
89.210700	0.323029
89.210800	0.318756
89.210900	0.308228
89.211000	0.304260
89.211100	0.289001
89.211200	0.270691
89.211300	0.248871
89.211400	0.235291
89.211500	0.208130
89.211600	0.187073
89.211700	0.163727
89.211800	0.137939
89.211900	0.107727
89.212000	0.077820
89.212100	0.039062
89.212200	0.008698
89.212300	-0.011597
89.212400	-0.045013
89.212500	-0.066681
89.212600	-0.096436
89.212700	-0.108795
89.212800	-0.121765
89.212900	-0.131378
89.213000	-0.147095
89.213100	-0.154724
89.213200	-0.158997
89.213300	-0.157318
89.213400	-0.157776
89.213500	-0.154572
89.213600	-0.144806
89.213700	-0.124207
89.213800	-0.110779
89.213900	-0.089722
89.214000	-0.064697
89.214100	-0.039825
89.214200	-0.020599
89.214300	0.005035
89.214400	0.025940
89.214500	0.042114
89.214600	0.057068
89.214700	0.072174
89.214800	0.082855
89.214900	0.103302
89.215000	0.132751
89.215100	0.162506
89.215200	0.189819
89.215300	0.237427
89.215400	0.300446
89.215500	0.372467
89.215600	0.444794
89.215700	0.529480
89.215800	0.620422
89.215900	0.714569
89.216000	0.799561
89.216100	0.866394
89.216200	0.913086
89.216300	0.939789
89.216400	0.962830
89.216500	0.968323
89.216600	0.962067
89.216700	0.941467
89.216800	0.899811
89.216900	0.849304
89.217000	0.772705
89.217100	0.676422
89.217200	0.550690
89.217300	0.405731
89.217400	0.244904
89.217500	0.075989
89.217600	-0.107574
89.217700	-0.283966
89.217800	-0.454407
89.217900	-0.615845
89.218000	-0.742798
89.218100	-0.839539
89.218200	-0.907745
89.218300	-0.955048
89.218400	-0.983124
89.218500	-1.000214
89.218600	-0.997314
89.218700	-0.984955
89.218800	-0.962677
89.218900	-0.927887
89.219000	-0.881805
89.219100	-0.817566
89.219200	-0.744629
89.219300	-0.641174
89.219400	-0.531158
89.219500	-0.424194
89.219600	-0.311279
89.219700	-0.216064
89.219800	-0.125732
89.219900	-0.057526
89.220000	0.007782
89.220100	0.054779
89.220200	0.091095
89.220300	0.112000
89.220400	0.127563
89.220500	0.144958
89.220600	0.151672
89.220700	0.154419
89.220800	0.155334
89.220900	0.153198
89.221000	0.162811
89.221100	0.159302
89.221200	0.163269
89.221300	0.162354
89.221400	0.164185
89.221500	0.160065
89.221600	0.164490
89.221700	0.156555
89.221800	0.156403
89.221900	0.154572
89.222000	0.150604
89.222100	0.151062
89.222200	0.152130
89.222300	0.152740
89.222400	0.145416
89.222500	0.150146
89.222600	0.143127
89.222700	0.144043
89.222800	0.141296
89.222900	0.138245
89.223000	0.136871
89.223100	0.138397
89.223200	0.135345
89.223300	0.135498
89.223400	0.142517
89.223500	0.134277
89.223600	0.131073
89.223700	0.134277
89.223800	0.135345
89.223900	0.139008
89.224000	0.142517
89.224100	0.143433
89.224200	0.137329
89.224300	0.136871
89.224400	0.138245
89.224500	0.134430
89.224600	0.138397
89.224700	0.130157
89.224800	0.138702
89.224900	0.137634
89.225000	0.135803
89.225100	0.135498
89.225200	0.138245
89.225300	0.140533
89.225400	0.135040
89.225500	0.129089
89.225600	0.136261
89.225700	0.131378
89.225800	0.130157
89.225900	0.129395
89.226000	0.134277
89.226100	0.133209
89.226200	0.126801
89.226300	0.134735
89.226400	0.134430
89.226500	0.126495
89.226600	0.133514
89.226700	0.142212
89.226800	0.131531
89.226900	0.134125
89.227000	0.128021
89.227100	0.129242
89.227200	0.136108
89.227300	0.124664
89.227400	0.132904
89.227500	0.131683
89.227600	0.127106
89.227700	0.126953
89.227800	0.132294
89.227900	0.133667
89.228000	0.132751
89.228100	0.142822
89.228200	0.139771
89.228300	0.146637
89.228400	0.148621
89.228500	0.157318
89.228600	0.158997
89.228700	0.157776
89.228800	0.153198
89.228900	0.153046
89.229000	0.149536
89.229100	0.155029
89.229200	0.150757
89.229300	0.145569
89.229400	0.142212
89.229500	0.140686
89.229600	0.132446
89.229700	0.140381
89.229800	0.140991
89.229900	0.144043
89.230000	0.134583
89.230100	0.127869
89.230200	0.122833
89.230300	0.116730
89.230400	0.099792
89.230500	0.102386
89.230600	0.084686
89.230700	0.083008
89.230800	0.080719
89.230900	0.070953
89.231000	0.065918
89.231100	0.059662
89.231200	0.054169
89.231300	0.048218
89.231400	0.042114
89.231500	0.036774
89.231600	0.032043
89.231700	0.026703
89.231800	0.028534
89.231900	0.028229
89.232000	0.028229
89.232100	0.025940
89.232200	0.030060
89.232300	0.033875
89.232400	0.028992
89.232500	0.034485
89.232600	0.043182
89.232700	0.041962
89.232800	0.045776
89.232900	0.050201
89.233000	0.055695
89.233100	0.059204
89.233200	0.062103
89.233300	0.066376
89.233400	0.062408
89.233500	0.061340
89.233600	0.069885
89.233700	0.066833
89.233800	0.070496
89.233900	0.071564
89.234000	0.074768
89.234100	0.075378
89.234200	0.077820
89.234300	0.077362
89.234400	0.079498
89.234500	0.080566
89.234600	0.081329
89.234700	0.086670
89.234800	0.090485
89.234900	0.084381
89.235000	0.081482
89.235100	0.082092
89.235200	0.079193
89.235300	0.078735
89.235400	0.076752
89.235500	0.080261
89.235600	0.079346
89.235700	0.077209
89.235800	0.086060
89.235900	0.092316
89.236000	0.091705
89.236100	0.093231
89.236200	0.097198
89.236300	0.092010
89.236400	0.092621
89.236500	0.098572
89.236600	0.096130
89.236700	0.095978
89.236800	0.093842
89.236900	0.094757
89.237000	0.096436
89.237100	0.100708
89.237200	0.093689
89.237300	0.097504
89.237400	0.094147
89.237500	0.097656
89.237600	0.093842
89.237700	0.099792
89.237800	0.101318
89.237900	0.095978
89.238000	0.098267
89.238100	0.094452
89.238200	0.100555
89.238300	0.105133
89.238400	0.112305
89.238500	0.110474
89.238600	0.114136
89.238700	0.121307
89.238800	0.129852
89.238900	0.134430
89.239000	0.146637
89.239100	0.156250
89.239200	0.158234
89.239300	0.171814
89.239400	0.177307
89.239500	0.182953
89.239600	0.191345
89.239700	0.198364
89.239800	0.191803
89.239900	0.199280
89.240000	0.202179
89.240100	0.198822
89.240200	0.196838
89.240300	0.195007
89.240400	0.190735
89.240500	0.172882
89.240600	0.169220
89.240700	0.155945
89.240800	0.131683
89.240900	0.118408
89.241000	0.104218
89.241100	0.091705
89.241200	0.083313
89.241300	0.068054
89.241400	0.047607
89.241500	0.037689
89.241600	0.022888
