463.357700	0.083771
463.357800	0.092773
463.357900	0.091858
463.358000	0.097809
463.358100	0.103302
463.358200	0.121765
463.358300	0.185394
463.358400	0.294800
463.358500	0.457306
463.358600	0.552063
463.358700	0.538788
463.358800	0.458069
463.358900	0.340271
463.359000	0.187988
463.359100	0.036316
463.359200	-0.126953
463.359300	-0.266571
463.359400	-0.369263
463.359500	-0.431213
463.359600	-0.399017
463.359700	-0.269623
463.359800	-0.110168
463.359900	-0.003052
463.360000	0.055847
463.360100	0.084229
463.360200	0.090027
463.360300	0.105133
463.360400	0.124359
463.360500	0.142059
463.360600	0.154877
463.360700	0.158539
463.360800	0.150299
463.360900	0.133514
463.361000	0.108185
463.361100	0.077820
463.361200	0.048370
463.361300	0.034027
463.361400	0.022583
463.361500	0.018005
463.361600	0.028992
463.361700	0.037689
463.361800	0.055542
463.361900	0.062408
463.362000	0.066528
463.362100	0.070190
463.362200	0.070648
463.362300	0.072174
463.362400	0.076294
463.362500	0.079041
463.362600	0.076599
463.362700	0.079803
463.362800	0.077820
463.362900	0.084686
463.363000	0.090027
463.363100	0.107574
463.363200	0.148010
463.363300	0.192566
463.363400	0.217285
463.363500	0.225830
463.363600	0.214844
463.363700	0.146637
463.363800	0.033722
463.363900	-0.058136
463.364000	-0.101013
463.364100	-0.096741
463.364200	-0.083466
463.364300	-0.031281
463.364400	0.012970
463.364500	0.044708
463.364600	0.056305
463.364700	0.056458
463.364800	0.076447
463.364900	0.187225
463.365000	0.394745
463.365100	0.765381
463.365200	1.287231
463.365300	1.498413
463.365400	1.505737
463.365500	1.546326
463.365600	1.345520
463.365700	0.668488
463.365800	-0.140228
463.365900	-0.937042
463.366000	-1.447296
463.366100	-1.511688
463.366200	-1.494598
463.366300	-1.480103
463.366400	-1.208801
463.366500	-0.673065
463.366600	-0.297241
463.366700	-0.065002
463.366800	0.036316
463.366900	0.066833
463.367000	0.083923
463.367100	0.095062
463.367200	0.112152
463.367300	0.136871
463.367400	0.156403
463.367500	0.159302
463.367600	0.159302
463.367700	0.138550
463.367800	0.098419
463.367900	0.052795
463.368000	0.010834
463.368100	-0.010376
463.368200	-0.007782
463.368300	-0.004883
463.368400	0.016022
463.368500	0.059662
463.368600	0.132141
463.368700	0.227051
463.368800	0.344696
463.368900	0.465393
463.369000	0.588379
463.369100	0.688019
463.369200	0.683899
463.369300	0.553131
463.369400	0.341797
463.369500	0.092773
463.369600	-0.128479
463.369700	-0.301819
463.369800	-0.430450
463.369900	-0.454254
463.370000	-0.365295
463.370100	-0.164948
463.370200	0.076904
463.370300	0.268097
463.370400	0.361786
463.370500	0.335999
463.370600	0.173340
463.370700	-0.056763
463.370800	-0.268555
463.370900	-0.413513
463.371000	-0.458984
463.371100	-0.417786
463.371200	-0.290985
463.371300	-0.151062
463.371400	-0.042267
463.371500	0.012665
463.371600	0.037842
463.371700	0.051727
463.371800	0.063477
463.371900	0.073700
463.372000	0.080261
463.372100	0.082855
463.372200	0.087891
463.372300	0.094299
463.372400	0.092926
463.372500	0.099487
463.372600	0.092926
463.372700	0.096130
463.372800	0.098267
463.372900	0.094452
463.373000	0.093536
463.373100	0.089874
463.373200	0.086517
463.373300	0.085449
463.373400	0.085602
463.373500	0.081177
463.373600	0.084229
463.373700	0.084686
463.373800	0.075073
463.373900	0.072174
463.374000	0.075073
463.374100	0.072937
463.374200	0.075073
463.374300	0.075684
463.374400	0.076141
463.374500	0.071564
463.374600	0.069122
463.374700	0.068665
463.374800	0.065002
463.374900	0.063019
463.375000	0.066986
463.375100	0.070801
463.375200	0.072021
463.375300	0.071411
463.375400	0.078888
463.375500	0.084534
463.375600	0.088806
463.375700	0.104218
463.375800	0.184326
463.375900	0.375977
463.376000	0.723724
463.376100	1.058044
463.376200	1.194153
463.376300	1.277466
463.376400	1.208801
463.376500	0.703583
463.376600	-0.028381
463.376700	-0.756531
463.376800	-1.153107
463.376900	-1.184082
463.377000	-1.188507
463.377100	-1.067810
463.377200	-0.666351
463.377300	-0.287170
463.377400	-0.060577
463.377500	0.040436
463.377600	0.070038
463.377700	0.075989
463.377800	0.070038
463.377900	0.070953
463.378000	0.076752
463.378100	0.075378
463.378200	0.077362
463.378300	0.082245
463.378400	0.086060
463.378500	0.088043
463.378600	0.095367
463.378700	0.095215
463.378800	0.097961
463.378900	0.100708
463.379000	0.096741
463.379100	0.104218
463.379200	0.093842
463.379300	0.089264
463.379400	0.099792
463.379500	0.103455
463.379600	0.109253
463.379700	0.106964
463.379800	0.100861
463.379900	0.086365
463.380000	0.060883
463.380100	0.039368
463.380200	0.033569
463.380300	0.047150
463.380400	0.062561
463.380500	0.073853
463.380600	0.086060
463.380700	0.078278
463.380800	0.071106
463.380900	0.063171
463.381000	0.058594
463.381100	0.056000
463.381200	0.059662
463.381300	0.057068
463.381400	0.058899
463.381500	0.064240
463.381600	0.063019
463.381700	0.056763
463.381800	0.061951
463.381900	0.063629
463.382000	0.062866
463.382100	0.054321
463.382200	0.062256
463.382300	0.067291
463.382400	0.064545
463.382500	0.069580
463.382600	0.062408
463.382700	0.067291
463.382800	0.065613
463.382900	0.069733
463.383000	0.073395
463.383100	0.070038
463.383200	0.067444
463.383300	0.063171
463.383400	0.070953
463.383500	0.073547
463.383600	0.062408
463.383700	0.064697
463.383800	0.065918
463.383900	0.070496
463.384000	0.065308
463.384100	0.068359
463.384200	0.075226
463.384300	0.088196
463.384400	0.110779
463.384500	0.146790
463.384600	0.158081
463.384700	0.166626
463.384800	0.169678
463.384900	0.124207
463.385000	0.056152
463.385100	-0.003357
463.385200	-0.041962
463.385300	-0.051575
463.385400	-0.053558
463.385500	-0.043182
463.385600	-0.009003
463.385700	0.031738
463.385800	0.054016
463.385900	0.061798
463.386000	0.063171
463.386100	0.065308
463.386200	0.067291
463.386300	0.061340
463.386400	0.065002
463.386500	0.071869
463.386600	0.075989
463.386700	0.076599
463.386800	0.072479
463.386900	0.065155
463.387000	0.053101
463.387100	0.044250
463.387200	0.044861
463.387300	0.043640
463.387400	0.048370
463.387500	0.054321
463.387600	0.075073
463.387700	0.097809
463.387800	0.118103
463.387900	0.145874
463.388000	0.164185
463.388100	0.168915
463.388200	0.148010
463.388300	0.108185
463.388400	0.054474
463.388500	-0.000916
463.388600	-0.051880
463.388700	-0.070190
463.388800	-0.050812
463.388900	-0.021210
463.389000	0.017395
463.389100	0.040283
463.389200	0.051422
463.389300	0.059204
463.389400	0.059967
463.389500	0.061798
463.389600	0.064850
463.389700	0.061188
463.389800	0.065460
463.389900	0.067596
463.390000	0.094147
463.390100	0.182800
463.390200	0.419312
463.390300	0.845337
463.390400	1.408691
463.390500	1.768494
463.390600	1.854401
463.390700	1.808319
463.390800	1.501617
463.390900	0.815735
463.391000	0.027466
463.391100	-0.756073
463.391200	-1.447144
463.391300	-1.758575
463.391400	-1.769562
463.391500	-1.574402
463.391600	-1.202240
463.391700	-0.412903
463.391800	0.101318
463.391900	0.337372
463.392000	0.374298
463.392100	0.304871
463.392200	0.169373
463.392300	0.017242
463.392400	-0.141754
463.392500	-0.272064
463.392600	-0.377197
463.392700	-0.471802
463.392800	-0.537415
463.392900	-0.465240
463.393000	-0.281677
463.393100	-0.116577
463.393200	-0.010986
463.393300	0.042419
463.393400	0.065002
463.393500	0.074921
463.393600	0.079803
463.393700	0.079193
463.393800	0.076599
463.393900	0.079041
463.394000	0.081024
463.394100	0.078583
463.394200	0.081329
463.394300	0.077057
463.394400	0.076599
463.394500	0.078735
463.394600	0.080109
463.394700	0.075989
463.394800	0.079651
463.394900	0.076752
463.395000	0.075226
463.395100	0.071716
463.395200	0.073090
463.395300	0.074768
463.395400	0.070190
463.395500	0.070190
463.395600	0.071411
463.395700	0.068665
463.395800	0.061951
463.395900	0.067749
463.396000	0.064087
463.396100	0.066223
463.396200	0.072632
463.396300	0.073700
463.396400	0.077057
463.396500	0.084381
463.396600	0.078125
463.396700	0.084839
463.396800	0.086670
463.396900	0.093384
463.397000	0.091400
463.397100	0.094910
463.397200	0.097656
463.397300	0.099945
463.397400	0.100250
463.397500	0.094757
463.397600	0.088654
463.397700	0.083923
463.397800	0.074158
463.397900	0.070953
463.398000	0.068359
463.398100	0.063171
463.398200	0.074768
463.398300	0.102844
463.398400	0.204773
463.398500	0.428162
463.398600	0.762177
463.398700	1.074677
463.398800	1.194763
463.398900	1.119537
463.399000	0.895538
463.399100	0.523071
463.399200	0.072021
463.399300	-0.377197
463.399400	-0.722504
463.399500	-0.953827
463.399600	-1.077576
463.399700	-1.060333
463.399800	-0.901642
463.399900	-0.603943
463.400000	-0.327454
463.400100	-0.130920
463.400200	-0.004578
463.400300	0.051575
463.400400	0.078735
463.400500	0.084381
463.400600	0.093689
463.400700	0.083771
463.400800	0.088959
463.400900	0.103912
463.401000	0.110779
463.401100	0.121765
463.401200	0.122833
463.401300	0.116882
463.401400	0.096283
463.401500	0.077209
463.401600	0.060425
463.401700	0.057068
463.401800	0.056915
463.401900	0.063324
463.402000	0.074005
463.402100	0.083313
463.402200	0.091705
463.402300	0.101013
463.402400	0.099945
463.402500	0.111084
463.402600	0.134735
463.402700	0.157318
463.402800	0.162048
463.402900	0.164948
463.403000	0.170898
463.403100	0.158997
463.403200	0.130920
463.403300	0.080566
463.403400	0.038452
463.403500	0.018768
463.403600	-0.003357
463.403700	-0.015717
463.403800	-0.010834
463.403900	0.008240
463.404000	0.030518
463.404100	0.048370
463.404200	0.055084
463.404300	0.054626
463.404400	0.054626
463.404500	0.065918
463.404600	0.082245
463.404700	0.090942
463.404800	0.091248
463.404900	0.079956
463.405000	0.073395
463.405100	0.071411
463.405200	0.062256
463.405300	0.051727
463.405400	0.051422
463.405500	0.053558
463.405600	0.061646
463.405700	0.070190
463.405800	0.068817
463.405900	0.070953
463.406000	0.072632
463.406100	0.081635
463.406200	0.082092
463.406300	0.081940
463.406400	0.081635
463.406500	0.081329
463.406600	0.079956
463.406700	0.079193
463.406800	0.072784
463.406900	0.067902
463.407000	0.062866
463.407100	0.065613
463.407200	0.058441
463.407300	0.057220
463.407400	0.067139
463.407500	0.067596
463.407600	0.078583
463.407700	0.083466
463.407800	0.083008
463.407900	0.082397
463.408000	0.072784
463.408100	0.065765
463.408200	0.056152
463.408300	0.056458
463.408400	0.057068
463.408500	0.050964
463.408600	0.054169
463.408700	0.057526
463.408800	0.060425
463.408900	0.066986
463.409000	0.066833
463.409100	0.067291
463.409200	0.068817
463.409300	0.074005
463.409400	0.066833
463.409500	0.061035
463.409600	0.073547
463.409700	0.078583
463.409800	0.074463
463.409900	0.066223
463.410000	0.054321
463.410100	0.043335
463.410200	0.043488
463.410300	0.044098
463.410400	0.039215
463.410500	0.042725
463.410600	0.036316
463.410700	0.036011
463.410800	0.062714
463.410900	0.140991
463.411000	0.329285
463.411100	0.682678
463.411200	1.153564
