391.012100	0.101166
391.012200	0.089722
391.012300	0.094757
391.012400	0.097198
391.012500	0.099335
391.012600	0.105591
391.012700	0.100098
391.012800	0.104065
391.012900	0.102997
391.013000	0.101776
391.013100	0.101318
391.013200	0.109711
391.013300	0.100861
391.013400	0.101318
391.013500	0.102997
391.013600	0.108337
391.013700	0.106201
391.013800	0.113220
391.013900	0.109253
391.014000	0.100098
391.014100	0.103149
391.014200	0.092621
391.014300	0.095215
391.014400	0.088043
391.014500	0.089264
391.014600	0.086212
391.014700	0.089417
391.014800	0.088806
391.014900	0.093079
391.015000	0.095215
391.015100	0.098114
391.015200	0.103302
391.015300	0.101776
391.015400	0.099640
391.015500	0.097504
391.015600	0.092163
391.015700	0.089417
391.015800	0.080261
391.015900	0.075989
391.016000	0.069427
391.016100	0.068207
391.016200	0.061951
391.016300	0.060577
391.016400	0.058289
391.016500	0.060577
391.016600	0.056305
391.016700	0.043793
391.016800	0.043182
391.016900	0.051575
391.017000	0.058594
391.017100	0.067749
391.017200	0.077057
391.017300	0.091553
391.017400	0.103912
391.017500	0.118866
391.017600	0.131073
391.017700	0.131989
391.017800	0.142212
391.017900	0.148621
391.018000	0.153809
391.018100	0.153809
391.018200	0.159149
391.018300	0.168457
391.018400	0.180817
391.018500	0.203705
391.018600	0.227661
391.018700	0.266724
391.018800	0.314636
391.018900	0.370483
391.019000	0.432434
391.019100	0.497131
391.019200	0.558777
391.019300	0.573730
391.019400	0.551910
391.019500	0.518646
391.019600	0.480499
391.019700	0.433807
391.019800	0.390320
391.019900	0.344696
391.020000	0.301361
391.020100	0.251923
391.020200	0.207062
391.020300	0.152435
391.020400	0.096893
391.020500	0.038147
391.020600	-0.017090
391.020700	-0.078735
391.020800	-0.137329
391.020900	-0.199432
391.021000	-0.262451
391.021100	-0.317841
391.021200	-0.367432
391.021300	-0.418243
391.021400	-0.459900
391.021500	-0.495911
391.021600	-0.531616
391.021700	-0.565948
391.021800	-0.591583
391.021900	-0.614014
391.022000	-0.616150
391.022100	-0.591888
391.022200	-0.519562
391.022300	-0.431671
391.022400	-0.338440
391.022500	-0.243378
391.022600	-0.165863
391.022700	-0.098724
391.022800	-0.043640
391.022900	0.002747
391.023000	0.033569
391.023100	0.066071
391.023200	0.085602
391.023300	0.093079
391.023400	0.095062
391.023500	0.095215
391.023600	0.096893
391.023700	0.105438
391.023800	0.100098
391.023900	0.096130
391.024000	0.099945
391.024100	0.104218
391.024200	0.105896
391.024300	0.116577
391.024400	0.125122
391.024500	0.134277
391.024600	0.150299
391.024700	0.182190
391.024800	0.210114
391.024900	0.256958
391.025000	0.319519
391.025100	0.396423
391.025200	0.476685
391.025300	0.554199
391.025400	0.606689
391.025500	0.644226
391.025600	0.655518
391.025700	0.641327
391.025800	0.610962
391.025900	0.559387
391.026000	0.478668
391.026100	0.388184
391.026200	0.278778
391.026300	0.167694
391.026400	0.055542
391.026500	-0.043945
391.026600	-0.140228
391.026700	-0.223541
391.026800	-0.297394
391.026900	-0.348053
391.027000	-0.386047
391.027100	-0.410461
391.027200	-0.421906
391.027300	-0.420227
391.027400	-0.410919
391.027500	-0.378113
391.027600	-0.342712
391.027700	-0.293884
391.027800	-0.250397
391.027900	-0.191956
391.028000	-0.144501
391.028100	-0.102844
391.028200	-0.063324
391.028300	-0.033875
391.028400	-0.004883
391.028500	0.012817
391.028600	0.028381
391.028700	0.045013
391.028800	0.051270
391.028900	0.055237
391.029000	0.068054
391.029100	0.072174
391.029200	0.071869
391.029300	0.084686
391.029400	0.097351
391.029500	0.117493
391.029600	0.140228
391.029700	0.173340
391.029800	0.225525
391.029900	0.285034
391.030000	0.368805
391.030100	0.463257
391.030200	0.563660
391.030300	0.666504
391.030400	0.764923
391.030500	0.837555
391.030600	0.908203
391.030700	0.967407
391.030800	1.033478
391.030900	1.097717
391.031000	1.150970
391.031100	1.153412
391.031200	1.110992
391.031300	1.040039
391.031400	0.959015
391.031500	0.876770
391.031600	0.789948
391.031700	0.711212
391.031800	0.608368
391.031900	0.464325
391.032000	0.263519
391.032100	-0.002747
391.032200	-0.306854
391.032300	-0.614319
391.032400	-0.884705
391.032500	-1.129608
391.032600	-1.336517
391.032700	-1.458282
391.032800	-1.510620
391.032900	-1.493988
391.033000	-1.440430
391.033100	-1.359406
391.033200	-1.264496
391.033300	-1.206665
391.033400	-1.084900
391.033500	-0.989685
391.033600	-0.872040
391.033700	-0.722351
391.033800	-0.554199
391.033900	-0.383301
391.034000	-0.238037
391.034100	-0.121765
391.034200	-0.034027
391.034300	0.028534
391.034400	0.071716
391.034500	0.104065
391.034600	0.122681
391.034700	0.133667
391.034800	0.147858
391.034900	0.148926
391.035000	0.143127
391.035100	0.145721
391.035200	0.148468
391.035300	0.146484
391.035400	0.146790
391.035500	0.143585
391.035600	0.145874
391.035700	0.140991
391.035800	0.137939
391.035900	0.132599
391.036000	0.136108
391.036100	0.129852
391.036200	0.132446
391.036300	0.128326
391.036400	0.122833
391.036500	0.123596
391.036600	0.113525
391.036700	0.116577
391.036800	0.111847
391.036900	0.108032
391.037000	0.108948
391.037100	0.100708
391.037200	0.095520
391.037300	0.101166
391.037400	0.101776
391.037500	0.099792
391.037600	0.103607
391.037700	0.098267
391.037800	0.096130
391.037900	0.099792
391.038000	0.099945
391.038100	0.101166
391.038200	0.100098
391.038300	0.103912
391.038400	0.099945
391.038500	0.101013
391.038600	0.099335
391.038700	0.099640
391.038800	0.101929
391.038900	0.104065
391.039000	0.103455
391.039100	0.104065
391.039200	0.101318
391.039300	0.101929
391.039400	0.104828
391.039500	0.104218
391.039600	0.102539
391.039700	0.108337
391.039800	0.105133
391.039900	0.101929
391.040000	0.103455
391.040100	0.097656
391.040200	0.101318
391.040300	0.098114
391.040400	0.094147
391.040500	0.097656
391.040600	0.097961
391.040700	0.094452
391.040800	0.091858
391.040900	0.094910
391.041000	0.102539
391.041100	0.104370
391.041200	0.097046
391.041300	0.097046
391.041400	0.092926
391.041500	0.090790
391.041600	0.090485
391.041700	0.093536
391.041800	0.095062
391.041900	0.091705
391.042000	0.090485
391.042100	0.091705
391.042200	0.089874
391.042300	0.085449
391.042400	0.086670
391.042500	0.086517
391.042600	0.089264
391.042700	0.089264
391.042800	0.085754
391.042900	0.084686
391.043000	0.083008
391.043100	0.089417
391.043200	0.084381
391.043300	0.092010
391.043400	0.091248
391.043500	0.086975
391.043600	0.087891
391.043700	0.085907
391.043800	0.089722
391.043900	0.089264
391.044000	0.097198
391.044100	0.094604
391.044200	0.095215
391.044300	0.096893
391.044400	0.100403
391.044500	0.094910
391.044600	0.097504
391.044700	0.089111
391.044800	0.090942
391.044900	0.088348
391.045000	0.079956
391.045100	0.081940
391.045200	0.071564
391.045300	0.080719
391.045400	0.074615
391.045500	0.078583
391.045600	0.068359
391.045700	0.076447
391.045800	0.071259
391.045900	0.072021
391.046000	0.073853
391.046100	0.065918
391.046200	0.062866
391.046300	0.069733
391.046400	0.061188
391.046500	0.071716
391.046600	0.065613
391.046700	0.070496
391.046800	0.072479
391.046900	0.071411
391.047000	0.070648
391.047100	0.070648
391.047200	0.073395
391.047300	0.068054
391.047400	0.071564
391.047500	0.072479
391.047600	0.070496
391.047700	0.073395
391.047800	0.063477
391.047900	0.063629
391.048000	0.066986
391.048100	0.072021
391.048200	0.070190
391.048300	0.072021
391.048400	0.075989
391.048500	0.071716
391.048600	0.073700
391.048700	0.072021
391.048800	0.074463
391.048900	0.070953
391.049000	0.076141
391.049100	0.075989
391.049200	0.078430
391.049300	0.082245
391.049400	0.087433
391.049500	0.087585
391.049600	0.100098
391.049700	0.115509
391.049800	0.125122
391.049900	0.147247
391.050000	0.155182
391.050100	0.168152
391.050200	0.180664
391.050300	0.191345
391.050400	0.189209
391.050500	0.193176
391.050600	0.191193
391.050700	0.191803
391.050800	0.191040
391.050900	0.171509
391.051000	0.145569
391.051100	0.114441
391.051200	0.079956
391.051300	0.046997
391.051400	0.011292
391.051500	-0.019226
391.051600	-0.046387
391.051700	-0.062561
391.051800	-0.072174
391.051900	-0.079956
391.052000	-0.080566
391.052100	-0.081635
391.052200	-0.077515
391.052300	-0.075226
391.052400	-0.068665
391.052500	-0.061340
391.052600	-0.043335
391.052700	-0.025330
391.052800	-0.012665
391.052900	0.010834
391.053000	0.026855
391.053100	0.037994
391.053200	0.053406
391.053300	0.061035
391.053400	0.064697
391.053500	0.065308
391.053600	0.063171
391.053700	0.068054
391.053800	0.068665
391.053900	0.066986
391.054000	0.071869
391.054100	0.068207
391.054200	0.074921
391.054300	0.074768
391.054400	0.079956
391.054500	0.075989
391.054600	0.077667
391.054700	0.082245
391.054800	0.083313
391.054900	0.083160
391.055000	0.080566
391.055100	0.081329
391.055200	0.087738
391.055300	0.087738
391.055400	0.092163
391.055500	0.096436
391.055600	0.106812
391.055700	0.119476
391.055800	0.130768
391.055900	0.146637
391.056000	0.155334
391.056100	0.163574
391.056200	0.168457
391.056300	0.171967
391.056400	0.164185
391.056500	0.163879
391.056600	0.156860
391.056700	0.144196
391.056800	0.123596
391.056900	0.101471
391.057000	0.072632
391.057100	0.038147
391.057200	0.010834
391.057300	-0.025635
391.057400	-0.045929
391.057500	-0.061035
391.057600	-0.069580
391.057700	-0.069885
391.057800	-0.076752
391.057900	-0.073242
391.058000	-0.062866
391.058100	-0.059967
391.058200	-0.046692
391.058300	-0.039062
391.058400	-0.016632
391.058500	-0.002289
391.058600	0.014038
391.058700	0.036469
391.058800	0.046387
391.058900	0.056152
391.059000	0.062714
391.059100	0.069733
391.059200	0.073242
391.059300	0.075226
391.059400	0.073242
391.059500	0.071106
391.059600	0.074921
391.059700	0.076141
391.059800	0.076294
391.059900	0.074768
391.060000	0.071411
391.060100	0.073547
391.060200	0.080109
391.060300	0.074310
391.060400	0.070038
391.060500	0.073395
391.060600	0.075073
391.060700	0.074463
391.060800	0.072784
391.060900	0.074615
391.061000	0.079193
391.061100	0.079803
391.061200	0.088654
391.061300	0.096588
391.061400	0.112305
391.061500	0.125580
391.061600	0.145264
391.061700	0.164185
391.061800	0.178833
391.061900	0.195465
391.062000	0.208130
391.062100	0.212860
391.062200	0.216370
391.062300	0.217285
391.062400	0.207214
391.062500	0.198364
391.062600	0.178223
391.062700	0.158234
391.062800	0.127563
391.062900	0.098877
391.063000	0.063171
391.063100	0.019989
391.063200	-0.013428
391.063300	-0.053558
391.063400	-0.086060
391.063500	-0.105133
391.063600	-0.124664
391.063700	-0.136261
391.063800	-0.145416
391.063900	-0.144043
391.064000	-0.142670
391.064100	-0.138550
391.064200	-0.125275
391.064300	-0.107727
391.064400	-0.098114
391.064500	-0.067902
391.064600	-0.040283
391.064700	-0.007935
391.064800	0.028992
391.064900	0.059814
391.065000	0.094299
391.065100	0.127258
391.065200	0.139618
391.065300	0.149231
391.065400	0.155334
391.065500	0.156860
391.065600	0.146179
