538.775300	-0.287628
538.775400	-0.088959
538.775500	-0.018005
538.775600	-0.001831
538.775700	0.004120
538.775800	0.011444
538.775900	0.022278
538.776000	0.040283
538.776100	0.039520
538.776200	0.042267
538.776300	0.030823
538.776400	0.009766
538.776500	0.010223
538.776600	0.006866
538.776700	0.009003
538.776800	0.007324
538.776900	-0.016785
538.777000	-0.024261
538.777100	-0.019226
538.777200	-0.014191
538.777300	-0.001831
538.777400	0.002594
538.777500	0.001526
538.777600	-0.002136
538.777700	-0.009766
538.777800	-0.011749
538.777900	-0.007019
538.778000	-0.007172
538.778100	-0.001068
538.778200	0.003052
538.778300	0.007477
538.778400	0.018921
538.778500	0.007477
538.778600	0.002899
538.778700	0.008087
538.778800	0.004120
538.778900	0.008240
538.779000	0.013580
538.779100	0.021210
538.779200	0.013733
538.779300	0.010223
538.779400	-0.003662
538.779500	-0.014954
538.779600	-0.014954
538.779700	0.025482
538.779800	0.155182
538.779900	0.358582
538.780000	0.494843
538.780100	0.459900
538.780200	0.221252
538.780300	-0.119019
538.780400	-0.391693
538.780500	-0.515137
538.780600	-0.479431
538.780700	-0.319366
538.780800	-0.153809
538.780900	-0.056305
538.781000	0.022583
538.781100	0.207520
538.781200	0.610504
538.781300	1.015778
538.781400	1.144409
538.781500	0.894012
538.781600	0.301819
538.781700	-0.376434
538.781800	-0.931549
538.781900	-1.169739
538.782000	-1.059570
538.782100	-0.668945
538.782200	-0.312347
538.782300	-0.105286
538.782400	-0.027618
538.782500	-0.005951
538.782600	-0.003052
538.782700	-0.002441
538.782800	-0.003357
538.782900	-0.002594
538.783000	-0.006409
538.783100	-0.009003
538.783200	-0.006409
538.783300	-0.004883
538.783400	-0.007172
538.783500	-0.001831
538.783600	0.005951
538.783700	0.008392
538.783800	0.003662
538.783900	0.003967
538.784000	-0.002136
538.784100	-0.005798
538.784200	-0.009003
538.784300	-0.011749
538.784400	-0.008850
538.784500	-0.013123
538.784600	-0.006256
538.784700	-0.001831
538.784800	-0.003204
538.784900	-0.004730
538.785000	-0.007324
538.785100	-0.005188
538.785200	-0.004578
538.785300	-0.003357
538.785400	-0.001221
538.785500	0.009003
538.785600	0.053711
538.785700	0.143433
538.785800	0.260620
538.785900	0.307770
538.786000	0.249786
538.786100	0.126038
538.786200	-0.023499
538.786300	-0.182190
538.786400	-0.300140
538.786500	-0.339050
538.786600	-0.296173
538.786700	-0.184174
538.786800	-0.085449
538.786900	-0.026550
538.787000	-0.009308
538.787100	-0.006409
538.787200	-0.007324
538.787300	-0.015869
538.787400	-0.018005
538.787500	-0.019379
538.787600	-0.019379
538.787700	-0.014191
538.787800	-0.010681
538.787900	-0.009460
538.788000	-0.016479
538.788100	-0.003815
538.788200	-0.011597
538.788300	-0.010376
538.788400	-0.008698
538.788500	-0.014496
538.788600	-0.023956
538.788700	-0.022888
538.788800	-0.028992
538.788900	-0.031281
538.789000	-0.025635
538.789100	-0.027466
538.789200	-0.023804
538.789300	-0.026398
538.789400	-0.020599
538.789500	-0.014648
538.789600	-0.013733
538.789700	-0.020142
538.789800	-0.025024
538.789900	-0.019836
538.790000	-0.015259
538.790100	-0.015717
538.790200	-0.017853
538.790300	-0.010834
538.790400	-0.008698
538.790500	-0.010986
538.790600	-0.019531
538.790700	-0.018921
538.790800	-0.016479
538.790900	-0.022583
538.791000	-0.015564
538.791100	-0.017090
538.791200	-0.015869
538.791300	-0.018463
538.791400	-0.021210
538.791500	-0.025177
538.791600	-0.015259
538.791700	-0.010071
538.791800	-0.007019
538.791900	-0.006104
538.792000	-0.002594
538.792100	-0.012665
538.792200	-0.019531
538.792300	-0.032196
538.792400	-0.042725
538.792500	-0.043488
538.792600	-0.044250
538.792700	-0.028534
538.792800	-0.017395
538.792900	-0.004730
538.793000	-0.001068
538.793100	-0.006104
538.793200	-0.006866
538.793300	-0.010681
538.793400	-0.021515
538.793500	-0.033112
538.793600	-0.040283
538.793700	-0.041351
538.793800	-0.039215
538.793900	-0.034790
538.794000	-0.021667
538.794100	0.010834
538.794200	0.043030
538.794300	0.052338
538.794400	0.045624
538.794500	0.067139
538.794600	0.220642
538.794700	0.555573
538.794800	0.678406
538.794900	0.653687
538.795000	0.453491
538.795100	-0.061035
538.795200	-0.536804
538.795300	-0.745392
538.795400	-0.856476
538.795500	-0.714569
538.795600	-0.362091
538.795700	-0.119171
538.795800	-0.028381
538.795900	-0.017548
538.796000	-0.028381
538.796100	-0.046082
538.796200	-0.048370
538.796300	-0.040436
538.796400	-0.022888
538.796500	-0.008240
538.796600	-0.008087
538.796700	-0.003815
538.796800	-0.005188
538.796900	-0.018311
538.797000	-0.021667
538.797100	-0.025940
538.797200	-0.028076
538.797300	-0.023956
538.797400	-0.018768
538.797500	-0.007477
538.797600	0.003052
538.797700	-0.001831
538.797800	-0.003510
538.797900	-0.009003
538.798000	-0.012054
538.798100	-0.003967
538.798200	0.004883
538.798300	0.005951
538.798400	0.005646
538.798500	0.007782
538.798600	-0.003967
538.798700	-0.001984
538.798800	0.157776
538.798900	0.736389
538.799000	1.909790
538.799100	2.561798
538.799200	2.866364
538.799300	2.567749
538.799400	0.554047
538.799500	-1.848450
538.799600	-2.904053
538.799700	-3.054657
538.799800	-2.909393
538.799900	-1.793060
538.800000	-0.744171
538.800100	-0.229034
538.800200	-0.056152
538.800300	-0.018311
538.800400	-0.009003
538.800500	-0.005951
538.800600	-0.004578
538.800700	-0.002136
538.800800	-0.007324
538.800900	-0.007629
538.801000	0.006409
538.801100	0.117340
538.801200	0.407410
538.801300	0.809021
538.801400	1.022644
538.801500	0.944366
538.801600	0.545502
538.801700	0.037231
538.801800	-0.363312
538.801900	-0.515137
538.802000	-0.483398
538.802100	-0.371094
538.802200	-0.311890
538.802300	-0.413055
538.802400	-0.552063
538.802500	-0.588531
538.802600	-0.485229
538.802700	-0.268402
538.802800	-0.100403
538.802900	-0.019989
538.803000	0.006409
538.803100	0.015259
538.803200	0.017090
538.803300	0.010529
538.803400	0.005951
538.803500	0.003662
538.803600	-0.004578
538.803700	-0.005188
538.803800	-0.010223
538.803900	-0.003357
538.804000	0.003815
538.804100	0.013885
538.804200	0.006409
538.804300	0.004883
538.804400	0.003662
538.804500	0.001831
538.804600	-0.002441
538.804700	-0.003357
538.804800	-0.007324
538.804900	-0.007324
538.805000	-0.008545
538.805100	-0.007019
538.805200	0.000610
538.805300	0.016937
538.805400	0.024414
538.805500	0.029755
538.805600	0.022583
538.805700	0.011902
538.805800	-0.000305
538.805900	-0.006561
538.806000	0.000000
538.806100	-0.000610
538.806200	0.004730
538.806300	0.008087
538.806400	0.004120
538.806500	-0.007172
538.806600	-0.006714
538.806700	0.002289
538.806800	0.011749
538.806900	0.055542
538.807000	0.188599
538.807100	0.495605
538.807200	0.723877
538.807300	0.713654
538.807400	0.581512
538.807500	0.123291
538.807600	-0.406189
538.807700	-0.657349
538.807800	-0.756683
538.807900	-0.722961
538.808000	-0.411224
538.808100	-0.158539
538.808200	-0.040436
538.808300	-0.009766
538.808400	-0.002289
538.808500	0.003204
538.808600	0.006409
538.808700	0.025482
538.808800	0.043945
538.808900	0.058746
538.809000	0.067139
538.809100	0.052032
538.809200	0.035553
538.809300	0.008087
538.809400	-0.023956
538.809500	-0.044098
538.809600	-0.054169
538.809700	-0.043640
538.809800	-0.028076
538.809900	-0.028687
538.810000	-0.025330
538.810100	-0.028992
538.810200	-0.033264
538.810300	-0.038757
538.810400	-0.028076
538.810500	-0.011749
538.810600	-0.007019
538.810700	-0.011749
538.810800	-0.016632
538.810900	-0.018616
538.811000	-0.012665
538.811100	-0.003815
538.811200	-0.002136
538.811300	-0.002136
538.811400	-0.004883
538.811500	-0.002899
538.811600	-0.005035
538.811700	-0.003815
538.811800	-0.001068
538.811900	-0.001678
538.812000	-0.005646
538.812100	-0.004272
538.812200	-0.005646
538.812300	-0.002136
538.812400	-0.005951
538.812500	-0.008850
538.812600	-0.009460
538.812700	-0.009766
538.812800	-0.012817
538.812900	-0.010376
538.813000	-0.015564
538.813100	-0.012512
538.813200	-0.007935
538.813300	-0.001831
538.813400	0.000458
538.813500	-0.009460
538.813600	-0.014343
538.813700	-0.019531
538.813800	-0.022888
538.813900	-0.027313
538.814000	-0.027313
538.814100	-0.024414
538.814200	-0.021820
538.814300	-0.020447
538.814400	-0.019226
538.814500	-0.016479
538.814600	-0.012817
538.814700	-0.009155
538.814800	-0.010834
538.814900	-0.010529
538.815000	-0.005493
538.815100	-0.013733
538.815200	-0.014496
538.815300	-0.017548
538.815400	-0.020447
538.815500	-0.018005
538.815600	0.002136
538.815700	0.033112
538.815800	0.058289
538.815900	0.070343
538.816000	0.081787
538.816100	0.133209
538.816200	0.194855
538.816300	0.167847
538.816400	0.078583
538.816500	-0.054169
538.816600	-0.163727
538.816700	-0.254517
538.816800	-0.292206
538.816900	-0.248413
538.817000	-0.141602
538.817100	-0.061798
538.817200	-0.035248
538.817300	-0.014343
538.817400	0.009613
538.817500	0.025482
538.817600	0.029755
538.817700	0.037842
538.817800	0.045319
538.817900	0.031128
538.818000	0.008392
538.818100	-0.031281
538.818200	-0.065308
538.818300	-0.081177
538.818400	-0.081329
538.818500	-0.068359
538.818600	-0.040131
538.818700	-0.019379
538.818800	-0.007629
538.818900	0.003357
538.819000	0.012207
538.819100	0.022736
538.819200	0.010223
538.819300	-0.025635
538.819400	-0.052032
538.819500	-0.056915
538.819600	-0.062561
538.819700	-0.048218
538.819800	-0.019836
538.819900	0.000763
538.820000	0.007935
538.820100	0.016937
538.820200	0.032654
538.820300	0.187683
538.820400	0.647888
538.820500	1.538849
538.820600	1.893005
538.820700	1.955109
538.820800	1.464996
538.820900	0.257111
538.821000	-1.007385
538.821100	-2.014008
538.821200	-2.128143
538.821300	-2.018280
538.821400	-1.281433
538.821500	-0.573730
538.821600	-0.189209
538.821700	-0.064087
538.821800	-0.022278
538.821900	-0.010681
538.822000	-0.010986
538.822100	-0.011902
538.822200	-0.016632
538.822300	-0.013123
538.822400	-0.011749
538.822500	-0.013275
538.822600	-0.009613
538.822700	-0.008392
538.822800	0.003815
538.822900	0.005188
538.823000	0.000610
538.823100	-0.006104
538.823200	-0.004425
538.823300	0.086517
538.823400	0.351257
538.823500	0.863190
538.823600	1.100769
538.823700	1.154938
538.823800	0.738831
538.823900	-0.089569
538.824000	-0.898895
538.824100	-1.184998
538.824200	-1.247559
538.824300	-1.072998
538.824400	-0.476990
538.824500	-0.170441
538.824600	-0.050201
538.824700	-0.018616
538.824800	-0.012970
538.824900	-0.011292
538.825000	-0.007019
538.825100	-0.011749
538.825200	-0.004120
538.825300	0.002289
538.825400	0.009460
538.825500	0.019531
538.825600	0.028534
538.825700	0.032043
538.825800	0.036621
538.825900	0.026398
538.826000	0.006714
538.826100	-0.014648
538.826200	-0.033264
538.826300	-0.035858
538.826400	-0.043488
538.826500	-0.043488
538.826600	-0.029755
538.826700	-0.029144
538.826800	-0.019531
538.826900	-0.014496
538.827000	-0.001526
538.827100	-0.001678
538.827200	0.000000
538.827300	0.056915
538.827400	0.252380
538.827500	0.662231
538.827600	0.849762
538.827700	0.827942
538.827800	0.680389
538.827900	0.162659
538.828000	-0.338745
538.828100	-0.577087
538.828200	-0.726318
538.828300	-0.786896
538.828400	-0.531921
538.828500	-0.322723
538.828600	-0.224457
538.828700	-0.179291
538.828800	-0.117645
