377.034500	-0.702820
377.034600	-0.720367
377.034700	-0.702362
377.034800	-0.658722
377.034900	-0.572205
377.035000	-0.455322
377.035100	-0.336151
377.035200	-0.203552
377.035300	-0.084534
377.035400	0.026245
377.035500	0.123901
377.035600	0.205536
377.035700	0.282440
377.035800	0.355988
377.035900	0.432739
377.036000	0.525513
377.036100	0.636444
377.036200	0.759888
377.036300	0.892334
377.036400	1.040192
377.036500	1.163635
377.036600	1.293182
377.036700	1.395111
377.036800	1.482544
377.036900	1.545258
377.037000	1.602020
377.037100	1.654053
377.037200	1.704865
377.037300	1.753540
377.037400	1.788940
377.037500	1.797333
377.037600	1.765442
377.037700	1.692505
377.037800	1.578369
377.037900	1.455231
377.038000	1.319275
377.038100	1.197968
377.038200	1.099548
377.038300	1.029510
377.038400	0.990753
377.038500	0.974426
377.038600	0.966644
377.038700	0.961609
377.038800	0.947418
377.038900	0.891113
377.039000	0.794373
377.039100	0.636902
377.039200	0.425415
377.039300	0.159302
377.039400	-0.138855
377.039500	-0.461731
377.039600	-0.757141
377.039700	-1.035919
377.039800	-1.302032
377.039900	-1.527710
377.040000	-1.739502
377.040100	-1.947784
377.040200	-2.160339
377.040300	-2.350616
377.040400	-2.525482
377.040500	-2.654419
377.040600	-2.743835
377.040700	-2.773437
377.040800	-2.761230
377.040900	-2.711487
377.041000	-2.641296
377.041100	-2.561646
377.041200	-2.478485
377.041300	-2.401886
377.041400	-2.322083
377.041500	-2.253113
377.041600	-2.179718
377.041700	-2.105103
377.041800	-2.024231
377.041900	-1.929169
377.042000	-1.815643
377.042100	-1.681519
377.042200	-1.519470
377.042300	-1.330261
377.042400	-1.118164
377.042500	-0.913086
377.042600	-0.684662
377.042700	-0.478058
377.042800	-0.308228
377.042900	-0.160370
377.043000	-0.030975
377.043100	0.077209
377.043200	0.162354
377.043300	0.238953
377.043400	0.292511
377.043500	0.329132
377.043600	0.367432
377.043700	0.380249
377.043800	0.389404
377.043900	0.399170
377.044000	0.397034
377.044100	0.396881
377.044200	0.398712
377.044300	0.392456
377.044400	0.387878
377.044500	0.386505
377.044600	0.380859
377.044700	0.382996
377.044800	0.379791
377.044900	0.371399
377.045000	0.371094
377.045100	0.372314
377.045200	0.364990
377.045300	0.367126
377.045400	0.356903
377.045500	0.352783
377.045600	0.353394
377.045700	0.356140
377.045800	0.352478
377.045900	0.349121
377.046000	0.340424
377.046100	0.343933
377.046200	0.340424
377.046300	0.340881
377.046400	0.337067
377.046500	0.335999
377.046600	0.338593
377.046700	0.329132
377.046800	0.328827
377.046900	0.328827
377.047000	0.326538
377.047100	0.328369
377.047200	0.322876
377.047300	0.326538
377.047400	0.329742
377.047500	0.325470
377.047600	0.335083
377.047700	0.337982
377.047800	0.347748
377.047900	0.358276
377.048000	0.364990
377.048100	0.382080
377.048200	0.398865
377.048300	0.424500
377.048400	0.448761
377.048500	0.472107
377.048600	0.502777
377.048700	0.523529
377.048800	0.548401
377.048900	0.575409
377.049000	0.598907
377.049100	0.608673
377.049200	0.617981
377.049300	0.612793
377.049400	0.609589
377.049500	0.600586
377.049600	0.588074
377.049700	0.567169
377.049800	0.550232
377.049900	0.527954
377.050000	0.506439
377.050100	0.474243
377.050200	0.455017
377.050300	0.427551
377.050400	0.398102
377.050500	0.370789
377.050600	0.346527
377.050700	0.312347
377.050800	0.275421
377.050900	0.247955
377.051000	0.215302
377.051100	0.184021
377.051200	0.148468
377.051300	0.116577
377.051400	0.089722
377.051500	0.056610
377.051600	0.025787
377.051700	-0.003815
377.051800	-0.032349
377.051900	-0.052185
377.052000	-0.075989
377.052100	-0.100403
377.052200	-0.119629
377.052300	-0.138245
377.052400	-0.161438
377.052500	-0.174561
377.052600	-0.191345
377.052700	-0.205688
377.052800	-0.211639
377.052900	-0.220795
377.053000	-0.224152
377.053100	-0.228882
377.053200	-0.222473
377.053300	-0.217590
377.053400	-0.209503
377.053500	-0.195465
377.053600	-0.178223
377.053700	-0.154572
377.053800	-0.133820
377.053900	-0.098877
377.054000	-0.061493
377.054100	-0.028534
377.054200	0.004730
377.054300	0.038757
377.054400	0.065308
377.054500	0.095215
377.054600	0.114136
377.054700	0.141144
377.054800	0.158081
377.054900	0.172882
377.055000	0.182648
377.055100	0.189972
377.055200	0.199127
377.055300	0.204620
377.055400	0.201263
377.055500	0.205383
377.055600	0.205688
377.055700	0.204773
377.055800	0.210266
377.055900	0.204620
377.056000	0.207520
377.056100	0.201263
377.056200	0.205841
377.056300	0.203857
377.056400	0.198822
377.056500	0.202332
377.056600	0.195618
377.056700	0.197906
377.056800	0.200958
377.056900	0.200806
377.057000	0.190430
377.057100	0.186462
377.057200	0.189972
377.057300	0.185394
377.057400	0.180664
377.057500	0.178070
377.057600	0.167847
377.057700	0.167542
377.057800	0.167999
377.057900	0.160370
377.058000	0.160370
377.058100	0.152893
377.058200	0.150452
377.058300	0.143890
377.058400	0.139771
377.058500	0.135345
377.058600	0.135040
377.058700	0.132141
377.058800	0.135193
377.058900	0.130005
377.059000	0.123749
377.059100	0.127869
377.059200	0.120850
377.059300	0.125122
377.059400	0.122681
377.059500	0.123138
377.059600	0.130005
377.059700	0.127258
377.059800	0.122833
377.059900	0.124512
377.060000	0.127716
377.060100	0.126953
377.060200	0.122681
377.060300	0.124512
377.060400	0.124207
377.060500	0.122070
377.060600	0.122223
377.060700	0.114746
377.060800	0.119324
377.060900	0.123444
377.061000	0.123291
377.061100	0.120392
377.061200	0.122070
377.061300	0.122528
377.061400	0.126801
377.061500	0.132294
377.061600	0.133362
377.061700	0.130768
377.061800	0.128021
377.061900	0.131226
377.062000	0.131989
377.062100	0.135040
377.062200	0.138092
377.062300	0.131378
377.062400	0.136871
377.062500	0.137787
377.062600	0.141144
377.062700	0.135040
377.062800	0.137787
377.062900	0.136871
377.063000	0.136871
377.063100	0.130310
377.063200	0.128479
377.063300	0.125885
377.063400	0.122528
377.063500	0.126495
377.063600	0.126495
377.063700	0.127106
377.063800	0.124512
377.063900	0.117950
377.064000	0.118713
377.064100	0.122223
377.064200	0.118256
377.064300	0.118866
377.064400	0.116272
377.064500	0.112457
377.064600	0.115509
377.064700	0.112915
377.064800	0.106506
377.064900	0.108032
377.065000	0.104065
377.065100	0.104675
377.065200	0.103607
377.065300	0.104065
377.065400	0.103607
377.065500	0.104675
377.065600	0.097656
377.065700	0.096588
377.065800	0.098114
377.065900	0.098724
377.066000	0.095062
377.066100	0.097351
377.066200	0.098724
377.066300	0.096283
377.066400	0.105438
377.066500	0.095062
377.066600	0.099182
377.066700	0.101013
377.066800	0.101166
377.066900	0.095215
377.067000	0.096741
377.067100	0.102692
377.067200	0.098114
377.067300	0.099945
377.067400	0.098114
377.067500	0.094757
377.067600	0.098114
377.067700	0.099182
377.067800	0.098572
377.067900	0.100098
377.068000	0.099182
377.068100	0.098724
377.068200	0.099640
377.068300	0.099487
377.068400	0.099030
377.068500	0.096436
377.068600	0.095978
377.068700	0.105743
377.068800	0.109253
377.068900	0.118713
377.069000	0.122528
377.069100	0.128937
377.069200	0.148010
377.069300	0.155334
377.069400	0.172729
377.069500	0.201111
377.069600	0.218201
377.069700	0.250092
377.069800	0.286102
377.069900	0.323334
377.070000	0.370178
377.070100	0.418091
377.070200	0.464020
377.070300	0.519409
377.070400	0.563354
377.070500	0.592957
377.070600	0.608215
377.070700	0.618439
377.070800	0.615845
377.070900	0.603943
377.071000	0.595245
377.071100	0.578308
377.071200	0.558472
377.071300	0.538940
377.071400	0.508270
377.071500	0.481415
377.071600	0.455170
377.071700	0.412140
377.071800	0.373077
377.071900	0.332184
377.072000	0.290833
377.072100	0.234070
377.072200	0.184021
377.072300	0.131683
377.072400	0.072479
377.072500	0.029755
377.072600	-0.010986
377.072700	-0.046082
377.072800	-0.064697
377.072900	-0.073242
377.073000	-0.069275
377.073100	-0.058441
377.073200	-0.030212
377.073300	-0.004120
377.073400	0.033569
377.073500	0.075989
377.073600	0.112610
377.073700	0.147705
377.073800	0.172272
377.073900	0.202179
377.074000	0.219879
377.074100	0.234070
377.074200	0.249176
377.074300	0.260315
377.074400	0.277252
377.074500	0.296173
377.074600	0.318298
377.074700	0.335846
377.074800	0.346832
377.074900	0.356903
377.075000	0.348663
377.075100	0.328522
377.075200	0.299072
377.075300	0.249634
377.075400	0.192871
377.075500	0.106659
377.075600	0.024414
377.075700	-0.063324
377.075800	-0.160065
377.075900	-0.257721
377.076000	-0.357819
377.076100	-0.453491
377.076200	-0.545959
377.076300	-0.626831
377.076400	-0.691681
377.076500	-0.754242
377.076600	-0.796967
377.076700	-0.834961
377.076800	-0.853119
377.076900	-0.864105
377.077000	-0.873566
377.077100	-0.865326
377.077200	-0.855560
377.077300	-0.836487
377.077400	-0.821686
377.077500	-0.789948
377.077600	-0.752716
377.077700	-0.717163
377.077800	-0.667725
377.077900	-0.609436
377.078000	-0.545807
377.078100	-0.482025
377.078200	-0.408630
377.078300	-0.338135
377.078400	-0.271149
377.078500	-0.197906
377.078600	-0.137024
377.078700	-0.078735
377.078800	-0.017395
377.078900	0.021210
377.079000	0.065460
377.079100	0.104523
377.079200	0.122833
377.079300	0.153809
377.079400	0.172272
377.079500	0.183258
377.079600	0.194092
377.079700	0.204926
377.079800	0.207520
377.079900	0.213623
377.080000	0.214844
377.080100	0.218506
377.080200	0.220947
377.080300	0.218201
377.080400	0.213013
377.080500	0.211182
377.080600	0.208740
377.080700	0.211639
377.080800	0.206757
377.080900	0.200195
377.081000	0.204163
377.081100	0.201721
377.081200	0.197296
377.081300	0.193481
377.081400	0.188599
377.081500	0.183563
377.081600	0.187531
377.081700	0.174866
377.081800	0.175934
377.081900	0.173645
377.082000	0.175476
377.082100	0.169830
377.082200	0.164032
377.082300	0.169525
377.082400	0.161743
377.082500	0.154877
377.082600	0.156708
377.082700	0.156250
377.082800	0.152740
377.082900	0.149231
377.083000	0.147247
377.083100	0.139313
377.083200	0.142822
377.083300	0.139923
377.083400	0.137482
377.083500	0.136871
377.083600	0.139160
377.083700	0.138702
377.083800	0.139771
377.083900	0.142365
377.084000	0.145264
377.084100	0.147858
377.084200	0.140228
377.084300	0.140381
377.084400	0.144958
377.084500	0.145264
377.084600	0.142670
377.084700	0.146332
377.084800	0.143738
377.084900	0.137634
377.085000	0.148010
377.085100	0.149231
377.085200	0.140991
377.085300	0.143127
377.085400	0.138397
377.085500	0.132904
377.085600	0.137482
377.085700	0.139008
377.085800	0.139313
377.085900	0.142822
377.086000	0.140839
377.086100	0.136261
377.086200	0.136871
377.086300	0.134125
377.086400	0.137787
377.086500	0.142059
377.086600	0.143280
377.086700	0.144958
377.086800	0.138397
377.086900	0.145874
377.087000	0.142059
377.087100	0.139313
377.087200	0.145874
377.087300	0.137634
377.087400	0.140686
377.087500	0.145416
377.087600	0.145874
377.087700	0.145569
377.087800	0.150909
377.087900	0.149231
377.088000	0.161743
