301.309700	0.042267
301.309800	0.042419
301.309900	0.040588
301.310000	0.047302
301.310100	0.050049
301.310200	0.043945
301.310300	0.047913
301.310400	0.047760
301.310500	0.044556
301.310600	0.043945
301.310700	0.044098
301.310800	0.039368
301.310900	0.043335
301.311000	0.040588
301.311100	0.038910
301.311200	0.043640
301.311300	0.045471
301.311400	0.047302
301.311500	0.041351
301.311600	0.046692
301.311700	0.048981
301.311800	0.048065
301.311900	0.043945
301.312000	0.044708
301.312100	0.052032
301.312200	0.048676
301.312300	0.050507
301.312400	0.048523
301.312500	0.048981
301.312600	0.047760
301.312700	0.047607
301.312800	0.051270
301.312900	0.042572
301.313000	0.045624
301.313100	0.048523
301.313200	0.048981
301.313300	0.050812
301.313400	0.049133
301.313500	0.046997
301.313600	0.050201
301.313700	0.045929
301.313800	0.051117
301.313900	0.049744
301.314000	0.048828
301.314100	0.049286
301.314200	0.046997
301.314300	0.050659
301.314400	0.049896
301.314500	0.052948
301.314600	0.051727
301.314700	0.048676
301.314800	0.047913
301.314900	0.052490
301.315000	0.053406
301.315100	0.053253
301.315200	0.050049
301.315300	0.050354
301.315400	0.049591
301.315500	0.057678
301.315600	0.052490
301.315700	0.048676
301.315800	0.055695
301.315900	0.053253
301.316000	0.055084
301.316100	0.054321
301.316200	0.048676
301.316300	0.050964
301.316400	0.052643
301.316500	0.049744
301.316600	0.052032
301.316700	0.052948
301.316800	0.050201
301.316900	0.053101
301.317000	0.046539
301.317100	0.052948
301.317200	0.049896
301.317300	0.050354
301.317400	0.052948
301.317500	0.052948
301.317600	0.051422
301.317700	0.053101
301.317800	0.048523
301.317900	0.052643
301.318000	0.052643
301.318100	0.051575
301.318200	0.050354
301.318300	0.050964
301.318400	0.054474
301.318500	0.052032
301.318600	0.049896
301.318700	0.051270
301.318800	0.051727
301.318900	0.048065
301.319000	0.053558
301.319100	0.053406
301.319200	0.048828
301.319300	0.054321
301.319400	0.050201
301.319500	0.049591
301.319600	0.049438
301.319700	0.050507
301.319800	0.049896
301.319900	0.047302
301.320000	0.050964
301.320100	0.051117
301.320200	0.047913
301.320300	0.047302
301.320400	0.053101
301.320500	0.055237
301.320600	0.048065
301.320700	0.050964
301.320800	0.051727
301.320900	0.049133
301.321000	0.051270
301.321100	0.052643
301.321200	0.050201
301.321300	0.050964
301.321400	0.056763
301.321500	0.053101
301.321600	0.050812
301.321700	0.046844
301.321800	0.051880
301.321900	0.049438
301.322000	0.051575
301.322100	0.051880
301.322200	0.053864
301.322300	0.051880
301.322400	0.048981
301.322500	0.046539
301.322600	0.048370
301.322700	0.047302
301.322800	0.047150
301.322900	0.049896
301.323000	0.051270
301.323100	0.052948
301.323200	0.054321
301.323300	0.051575
301.323400	0.053406
301.323500	0.047913
301.323600	0.051422
301.323700	0.046234
301.323800	0.052185
301.323900	0.053406
301.324000	0.050049
301.324100	0.048370
301.324200	0.044861
301.324300	0.049896
301.324400	0.047302
301.324500	0.046387
301.324600	0.048981
301.324700	0.050354
301.324800	0.049896
301.324900	0.047455
301.325000	0.042572
301.325100	0.046082
301.325200	0.050507
301.325300	0.048370
301.325400	0.043793
301.325500	0.047302
301.325600	0.047760
301.325700	0.044403
301.325800	0.043488
301.325900	0.045624
301.326000	0.048065
301.326100	0.051575
301.326200	0.054321
301.326300	0.050812
301.326400	0.047150
301.326500	0.048828
301.326600	0.048828
301.326700	0.044861
301.326800	0.042114
301.326900	0.047302
301.327000	0.047913
301.327100	0.051117
301.327200	0.051575
301.327300	0.048523
301.327400	0.056152
301.327500	0.053253
301.327600	0.047760
301.327700	0.047302
301.327800	0.051727
301.327900	0.048828
301.328000	0.045319
301.328100	0.048218
301.328200	0.046997
301.328300	0.047607
301.328400	0.049896
301.328500	0.048218
301.328600	0.049896
301.328700	0.045624
301.328800	0.047455
301.328900	0.045929
301.329000	0.045166
301.329100	0.042725
301.329200	0.044098
301.329300	0.049591
301.329400	0.051422
301.329500	0.047913
301.329600	0.046234
301.329700	0.051575
301.329800	0.048523
301.329900	0.048065
301.330000	0.054626
301.330100	0.055695
301.330200	0.054321
301.330300	0.048370
301.330400	0.048370
301.330500	0.048370
301.330600	0.052490
301.330700	0.055695
301.330800	0.048218
301.330900	0.047150
301.331000	0.046234
301.331100	0.041962
301.331200	0.045319
301.331300	0.049744
301.331400	0.050354
301.331500	0.048981
301.331600	0.053558
301.331700	0.050049
301.331800	0.050812
301.331900	0.047455
301.332000	0.052185
301.332100	0.048523
301.332200	0.046387
301.332300	0.047607
301.332400	0.044098
301.332500	0.046692
301.332600	0.054321
301.332700	0.055237
301.332800	0.053558
301.332900	0.056152
301.333000	0.053864
301.333100	0.055542
301.333200	0.054474
301.333300	0.048218
301.333400	0.051575
301.333500	0.049438
301.333600	0.053558
301.333700	0.046082
301.333800	0.048981
301.333900	0.045929
301.334000	0.049438
301.334100	0.050354
301.334200	0.049591
301.334300	0.045776
301.334400	0.046692
301.334500	0.050964
301.334600	0.046082
301.334700	0.043488
301.334800	0.048981
301.334900	0.049438
301.335000	0.045319
301.335100	0.044708
301.335200	0.048676
301.335300	0.049438
301.335400	0.055084
301.335500	0.049896
301.335600	0.050049
301.335700	0.052032
301.335800	0.053711
301.335900	0.050201
301.336000	0.056458
301.336100	0.053711
301.336200	0.053253
301.336300	0.051575
301.336400	0.050812
301.336500	0.049286
301.336600	0.048676
301.336700	0.048370
301.336800	0.051575
301.336900	0.052643
301.337000	0.053253
301.337100	0.050659
301.337200	0.049133
301.337300	0.046539
301.337400	0.053253
301.337500	0.043182
301.337600	0.044250
301.337700	0.048523
301.337800	0.048981
301.337900	0.045776
301.338000	0.053101
301.338100	0.048828
301.338200	0.048065
301.338300	0.053101
301.338400	0.053253
301.338500	0.049896
301.338600	0.053101
301.338700	0.051575
301.338800	0.051880
301.338900	0.052338
301.339000	0.051117
301.339100	0.052185
301.339200	0.046692
301.339300	0.051270
301.339400	0.053253
301.339500	0.052795
301.339600	0.056763
301.339700	0.052490
301.339800	0.047913
301.339900	0.055237
301.340000	0.051727
301.340100	0.056000
301.340200	0.047760
301.340300	0.052643
301.340400	0.051880
301.340500	0.054169
301.340600	0.047913
301.340700	0.045929
301.340800	0.047760
301.340900	0.045776
301.341000	0.046387
301.341100	0.048370
301.341200	0.051117
301.341300	0.051270
301.341400	0.051270
301.341500	0.049438
301.341600	0.049286
301.341700	0.048370
301.341800	0.053101
301.341900	0.055389
301.342000	0.052338
301.342100	0.049591
301.342200	0.052338
301.342300	0.048981
301.342400	0.050507
301.342500	0.047607
301.342600	0.046844
301.342700	0.044250
301.342800	0.047913
301.342900	0.046844
301.343000	0.048828
301.343100	0.049744
301.343200	0.046387
301.343300	0.046387
301.343400	0.052185
301.343500	0.045776
301.343600	0.047150
301.343700	0.051422
301.343800	0.046082
301.343900	0.049286
301.344000	0.053406
301.344100	0.049438
301.344200	0.052185
301.344300	0.046387
301.344400	0.044403
301.344500	0.044250
301.344600	0.044403
301.344700	0.042419
301.344800	0.039062
301.344900	0.046692
301.345000	0.043335
301.345100	0.044708
301.345200	0.044861
301.345300	0.043488
301.345400	0.040588
301.345500	0.044403
301.345600	0.047150
301.345700	0.049438
301.345800	0.049896
301.345900	0.044708
301.346000	0.048828
301.346100	0.047760
301.346200	0.041809
301.346300	0.043945
301.346400	0.048370
301.346500	0.043945
301.346600	0.046387
301.346700	0.043945
301.346800	0.046082
301.346900	0.044861
301.347000	0.049591
301.347100	0.047455
301.347200	0.046387
301.347300	0.045013
301.347400	0.049286
301.347500	0.042114
301.347600	0.047760
301.347700	0.045471
301.347800	0.044250
301.347900	0.045319
301.348000	0.042114
301.348100	0.044250
301.348200	0.042877
301.348300	0.045624
301.348400	0.046692
301.348500	0.053864
301.348600	0.050659
301.348700	0.050507
301.348800	0.048065
301.348900	0.049286
301.349000	0.050812
301.349100	0.043488
301.349200	0.045319
301.349300	0.044861
301.349400	0.047302
301.349500	0.044708
301.349600	0.048065
301.349700	0.044098
301.349800	0.042877
301.349900	0.046387
301.350000	0.042114
301.350100	0.047913
301.350200	0.051575
301.350300	0.052338
301.350400	0.044250
301.350500	0.051727
301.350600	0.050354
301.350700	0.048981
301.350800	0.049744
301.350900	0.049896
301.351000	0.053406
301.351100	0.048523
301.351200	0.048676
301.351300	0.050049
301.351400	0.048218
301.351500	0.045471
301.351600	0.049591
301.351700	0.047150
301.351800	0.050201
301.351900	0.048370
301.352000	0.047302
301.352100	0.051270
301.352200	0.052643
301.352300	0.046844
301.352400	0.051575
301.352500	0.049438
301.352600	0.050201
301.352700	0.045013
301.352800	0.045319
301.352900	0.047913
301.353000	0.046997
301.353100	0.049591
301.353200	0.048065
301.353300	0.049438
301.353400	0.050354
301.353500	0.048218
301.353600	0.048065
301.353700	0.048370
301.353800	0.051727
301.353900	0.054474
301.354000	0.051117
301.354100	0.049744
301.354200	0.048981
301.354300	0.049438
301.354400	0.053406
301.354500	0.050507
301.354600	0.049133
301.354700	0.051880
301.354800	0.049744
301.354900	0.047302
301.355000	0.048218
301.355100	0.048218
301.355200	0.048523
301.355300	0.050812
301.355400	0.048523
301.355500	0.052643
301.355600	0.049744
301.355700	0.046387
301.355800	0.049438
301.355900	0.047607
301.356000	0.047302
301.356100	0.049286
301.356200	0.050812
301.356300	0.050964
301.356400	0.047150
301.356500	0.051117
301.356600	0.043335
301.356700	0.045624
301.356800	0.046692
301.356900	0.051270
301.357000	0.052795
301.357100	0.050964
301.357200	0.053558
301.357300	0.048065
301.357400	0.051422
301.357500	0.050049
301.357600	0.045013
301.357700	0.044250
301.357800	0.046997
301.357900	0.044250
301.358000	0.045319
301.358100	0.049438
301.358200	0.050812
301.358300	0.047455
301.358400	0.044250
301.358500	0.048828
301.358600	0.051422
301.358700	0.046539
301.358800	0.047302
301.358900	0.050201
301.359000	0.051880
301.359100	0.044556
301.359200	0.049438
301.359300	0.049133
301.359400	0.052643
301.359500	0.050659
301.359600	0.054779
301.359700	0.050964
301.359800	0.050964
301.359900	0.046692
301.360000	0.052643
301.360100	0.046997
301.360200	0.052032
301.360300	0.052948
301.360400	0.052795
301.360500	0.050812
301.360600	0.050659
301.360700	0.047607
301.360800	0.049591
301.360900	0.048065
301.361000	0.050964
301.361100	0.049286
301.361200	0.049591
301.361300	0.052185
301.361400	0.052795
301.361500	0.047455
301.361600	0.048370
301.361700	0.051880
301.361800	0.050201
301.361900	0.046234
301.362000	0.049286
301.362100	0.048218
301.362200	0.048981
301.362300	0.054932
301.362400	0.054626
301.362500	0.056763
301.362600	0.050049
301.362700	0.054474
301.362800	0.052338
301.362900	0.052185
301.363000	0.052490
301.363100	0.053711
301.363200	0.053406
