104.087300	0.111389
104.087400	0.107117
104.087500	0.110321
104.087600	0.109100
104.087700	0.108185
104.087800	0.105896
104.087900	0.108948
104.088000	0.106506
104.088100	0.111084
104.088200	0.105591
104.088300	0.104523
104.088400	0.101318
104.088500	0.099335
104.088600	0.100861
104.088700	0.101624
104.088800	0.097198
104.088900	0.096588
104.089000	0.098724
104.089100	0.105896
104.089200	0.111542
104.089300	0.110779
104.089400	0.105438
104.089500	0.107574
104.089600	0.108185
104.089700	0.108643
104.089800	0.103455
104.089900	0.103912
104.090000	0.109100
104.090100	0.103302
104.090200	0.106354
104.090300	0.101929
104.090400	0.101624
104.090500	0.101471
104.090600	0.100403
104.090700	0.102081
104.090800	0.099030
104.090900	0.098877
104.091000	0.101013
104.091100	0.094757
104.091200	0.095062
104.091300	0.089569
104.091400	0.091553
104.091500	0.090027
104.091600	0.086975
104.091700	0.089569
104.091800	0.089111
104.091900	0.094604
104.092000	0.095520
104.092100	0.101166
104.092200	0.123138
104.092300	0.156403
104.092400	0.193329
104.092500	0.246582
104.092600	0.303802
104.092700	0.367737
104.092800	0.436707
104.092900	0.493774
104.093000	0.530701
104.093100	0.538940
104.093200	0.529480
104.093300	0.507507
104.093400	0.478210
104.093500	0.430908
104.093600	0.376282
104.093700	0.312653
104.093800	0.230865
104.093900	0.145416
104.094000	0.050049
104.094100	-0.051727
104.094200	-0.143433
104.094300	-0.231628
104.094400	-0.292053
104.094500	-0.349274
104.094600	-0.392761
104.094700	-0.428009
104.094800	-0.451508
104.094900	-0.458984
104.095000	-0.456543
104.095100	-0.439758
104.095200	-0.411835
104.095300	-0.345764
104.095400	-0.280151
104.095500	-0.202637
104.095600	-0.128174
104.095700	-0.060425
104.095800	-0.014801
104.095900	0.016327
104.096000	0.043488
104.096100	0.061188
104.096200	0.075836
104.096300	0.078125
104.096400	0.082092
104.096500	0.084229
104.096600	0.081635
104.096700	0.083771
104.096800	0.091095
104.096900	0.088196
104.097000	0.088196
104.097100	0.091095
104.097200	0.098267
104.097300	0.096588
104.097400	0.092316
104.097500	0.104218
104.097600	0.104065
104.097700	0.116425
104.097800	0.109100
104.097900	0.106506
104.098000	0.102997
104.098100	0.105591
104.098200	0.102081
104.098300	0.095520
104.098400	0.089111
104.098500	0.099030
104.098600	0.092316
104.098700	0.089417
104.098800	0.088501
104.098900	0.085907
104.099000	0.083923
104.099100	0.074768
104.099200	0.075226
104.099300	0.073242
104.099400	0.067291
104.099500	0.066071
104.099600	0.063782
104.099700	0.063629
104.099800	0.063019
104.099900	0.058746
104.100000	0.059509
104.100100	0.056763
104.100200	0.058899
104.100300	0.053864
104.100400	0.056763
104.100500	0.055389
104.100600	0.056610
104.100700	0.058289
104.100800	0.056152
104.100900	0.057983
104.101000	0.061493
104.101100	0.061340
104.101200	0.061035
104.101300	0.072479
104.101400	0.078735
104.101500	0.079193
104.101600	0.083313
104.101700	0.093994
104.101800	0.096893
104.101900	0.091705
104.102000	0.101166
104.102100	0.095215
104.102200	0.092468
104.102300	0.093994
104.102400	0.097198
104.102500	0.096588
104.102600	0.094452
104.102700	0.092773
104.102800	0.095673
104.102900	0.095673
104.103000	0.092468
104.103100	0.088348
104.103200	0.082397
104.103300	0.075073
104.103400	0.073090
104.103500	0.074768
104.103600	0.062866
104.103700	0.072021
104.103800	0.078125
104.103900	0.069580
104.104000	0.068665
104.104100	0.067444
104.104200	0.064697
104.104300	0.065613
104.104400	0.070953
104.104500	0.064240
104.104600	0.080261
104.104700	0.078125
104.104800	0.071411
104.104900	0.062714
104.105000	0.053864
104.105100	0.050049
104.105200	0.046387
104.105300	0.041962
104.105400	0.035553
104.105500	0.035706
104.105600	0.028534
104.105700	0.020599
104.105800	0.017395
104.105900	0.028687
104.106000	0.027161
104.106100	0.028229
104.106200	0.033417
104.106300	0.038757
104.106400	0.038757
104.106500	0.040283
104.106600	0.039673
104.106700	0.042725
104.106800	0.047913
104.106900	0.055237
104.107000	0.058441
104.107100	0.060425
104.107200	0.068665
104.107300	0.066071
104.107400	0.066376
104.107500	0.064240
104.107600	0.068054
104.107700	0.068359
104.107800	0.067902
104.107900	0.065613
104.108000	0.064392
104.108100	0.070038
104.108200	0.068970
104.108300	0.071259
104.108400	0.076904
104.108500	0.094757
104.108600	0.128937
104.108700	0.184021
104.108800	0.259552
104.108900	0.362854
104.109000	0.481567
104.109100	0.624084
104.109200	0.763550
104.109300	0.894318
104.109400	1.000519
104.109500	1.086426
104.109600	1.147919
104.109700	1.212769
104.109800	1.275787
104.109900	1.333923
104.110000	1.391144
104.110100	1.439514
104.110200	1.448517
104.110300	1.415405
104.110400	1.313934
104.110500	1.117859
104.110600	0.860443
104.110700	0.569000
104.110800	0.292053
104.110900	0.064392
104.111000	-0.110168
104.111100	-0.250549
104.111200	-0.367584
104.111300	-0.487823
104.111400	-0.638733
104.111500	-0.801239
104.111600	-0.997009
104.111700	-1.156006
104.111800	-1.298828
104.111900	-1.371765
104.112000	-1.388855
104.112100	-1.355286
104.112200	-1.306915
104.112300	-1.246185
104.112400	-1.201477
104.112500	-1.199036
104.112600	-1.100922
104.112700	-1.064911
104.112800	-1.034546
104.112900	-0.983429
104.113000	-0.894928
104.113100	-0.759125
104.113200	-0.594788
104.113300	-0.443573
104.113400	-0.300903
104.113500	-0.192413
104.113600	-0.103760
104.113700	-0.034485
104.113800	0.022430
104.113900	0.060577
104.114000	0.090332
104.114100	0.102234
104.114200	0.118866
104.114300	0.121613
104.114400	0.125580
104.114500	0.121002
104.114600	0.120697
104.114700	0.107880
104.114800	0.108490
104.114900	0.102692
104.115000	0.098267
104.115100	0.100861
104.115200	0.097046
104.115300	0.094299
104.115400	0.090942
104.115500	0.089111
104.115600	0.089264
104.115700	0.097046
104.115800	0.100708
104.115900	0.099640
104.116000	0.100708
104.116100	0.098572
104.116200	0.101318
104.116300	0.101318
104.116400	0.099792
104.116500	0.099640
104.116600	0.088348
104.116700	0.083923
104.116800	0.085297
104.116900	0.085449
104.117000	0.087433
104.117100	0.092010
104.117200	0.082397
104.117300	0.082092
104.117400	0.079498
104.117500	0.082397
104.117600	0.081177
104.117700	0.085907
104.117800	0.090179
104.117900	0.109863
104.118000	0.132751
104.118100	0.163879
104.118200	0.198517
104.118300	0.249023
104.118400	0.299072
104.118500	0.364075
104.118600	0.429687
104.118700	0.485382
104.118800	0.519409
104.118900	0.539093
104.119000	0.527802
104.119100	0.503082
104.119200	0.479431
104.119300	0.442047
104.119400	0.401764
104.119500	0.366821
104.119600	0.326843
104.119700	0.281982
104.119800	0.234070
104.119900	0.186920
104.120000	0.139923
104.120100	0.087280
104.120200	0.033112
104.120300	-0.012817
104.120400	-0.059662
104.120500	-0.099182
104.120600	-0.136108
104.120700	-0.184784
104.120800	-0.212860
104.120900	-0.240021
104.121000	-0.273743
104.121100	-0.304413
104.121200	-0.329437
104.121300	-0.357513
104.121400	-0.377808
104.121500	-0.385132
104.121600	-0.378571
104.121700	-0.360107
104.121800	-0.302887
104.121900	-0.245514
104.122000	-0.189362
104.122100	-0.144196
104.122200	-0.096588
104.122300	-0.074463
104.122400	-0.049744
104.122500	-0.029449
104.122600	-0.021210
104.122700	-0.021362
104.122800	-0.020447
104.122900	-0.024567
104.123000	-0.020905
104.123100	-0.007629
104.123200	-0.002747
104.123300	0.015259
104.123400	0.021210
104.123500	0.034332
104.123600	0.037994
104.123700	0.042725
104.123800	0.046844
104.123900	0.043488
104.124000	0.032959
104.124100	0.033112
104.124200	0.029755
104.124300	0.032959
104.124400	0.041962
104.124500	0.050049
104.124600	0.061340
104.124700	0.078735
104.124800	0.086517
104.124900	0.092926
104.125000	0.099640
104.125100	0.102386
104.125200	0.109558
104.125300	0.115814
104.125400	0.116119
104.125500	0.113525
104.125600	0.113525
104.125700	0.111389
104.125800	0.109558
104.125900	0.106659
104.126000	0.109406
104.126100	0.106354
104.126200	0.106506
104.126300	0.103302
104.126400	0.100861
104.126500	0.102997
104.126600	0.099640
104.126700	0.100708
104.126800	0.094604
104.126900	0.097961
104.127000	0.096588
104.127100	0.094757
104.127200	0.098877
104.127300	0.104370
104.127400	0.104218
104.127500	0.104523
104.127600	0.096893
104.127700	0.099792
104.127800	0.100250
104.127900	0.101471
104.128000	0.093689
104.128100	0.093231
104.128200	0.098572
104.128300	0.101776
104.128400	0.096741
104.128500	0.098572
104.128600	0.097809
104.128700	0.102081
104.128800	0.095215
104.128900	0.102081
104.129000	0.092468
104.129100	0.102081
104.129200	0.099487
104.129300	0.096741
104.129400	0.095215
104.129500	0.095825
104.129600	0.093689
104.129700	0.084839
104.129800	0.088196
104.129900	0.081787
104.130000	0.076904
104.130100	0.071564
104.130200	0.072479
104.130300	0.065460
104.130400	0.061035
104.130500	0.058289
104.130600	0.061798
104.130700	0.063629
104.130800	0.054779
104.130900	0.057831
104.131000	0.051270
104.131100	0.055847
104.131200	0.044708
104.131300	0.045319
104.131400	0.045929
104.131500	0.041962
104.131600	0.046539
104.131700	0.044556
104.131800	0.046539
104.131900	0.047302
104.132000	0.048828
104.132100	0.049591
104.132200	0.056610
104.132300	0.058746
104.132400	0.054321
104.132500	0.057983
104.132600	0.067749
104.132700	0.072479
104.132800	0.076752
104.132900	0.083466
104.133000	0.093689
104.133100	0.106049
104.133200	0.127106
104.133300	0.156555
104.133400	0.197449
104.133500	0.243073
104.133600	0.308990
104.133700	0.375366
104.133800	0.444946
104.133900	0.498810
104.134000	0.536804
104.134100	0.546112
104.134200	0.540314
104.134300	0.530396
104.134400	0.510864
104.134500	0.484161
104.134600	0.441132
104.134700	0.388794
104.134800	0.310364
104.134900	0.224915
104.135000	0.125885
104.135100	0.033722
104.135200	-0.057983
104.135300	-0.144958
104.135400	-0.238800
104.135500	-0.318146
104.135600	-0.385742
104.135700	-0.453033
104.135800	-0.489960
104.135900	-0.503845
104.136000	-0.496521
104.136100	-0.481415
104.136200	-0.457458
104.136300	-0.431061
104.136400	-0.393829
104.136500	-0.350037
104.136600	-0.287628
104.136700	-0.213470
104.136800	-0.144958
104.136900	-0.085449
104.137000	-0.028229
104.137100	0.006866
104.137200	0.039520
104.137300	0.056458
104.137400	0.075989
104.137500	0.078583
104.137600	0.083313
104.137700	0.086975
104.137800	0.088196
104.137900	0.087280
104.138000	0.088501
104.138100	0.090485
104.138200	0.088959
104.138300	0.097198
104.138400	0.098572
104.138500	0.094757
104.138600	0.096588
104.138700	0.092621
104.138800	0.093384
104.138900	0.094757
104.139000	0.106049
104.139100	0.112457
104.139200	0.118866
104.139300	0.129700
104.139400	0.128632
104.139500	0.129852
104.139600	0.120239
104.139700	0.113068
104.139800	0.110626
104.139900	0.106964
104.140000	0.106354
104.140100	0.104523
104.140200	0.102081
104.140300	0.099487
104.140400	0.093079
104.140500	0.075226
104.140600	0.067291
104.140700	0.043335
104.140800	0.026703
