462.589700	-0.009613
462.589800	0.008698
462.589900	0.025330
462.590000	0.030518
462.590100	0.034332
462.590200	0.031281
462.590300	0.035858
462.590400	0.036621
462.590500	0.038757
462.590600	0.036926
462.590700	0.039062
462.590800	0.043335
462.590900	0.042419
462.591000	0.045776
462.591100	0.046234
462.591200	0.043793
462.591300	0.031281
462.591400	0.031128
462.591500	0.028839
462.591600	0.026855
462.591700	0.027924
462.591800	0.024872
462.591900	0.025330
462.592000	0.025330
462.592100	0.025177
462.592200	0.026703
462.592300	0.027161
462.592400	0.023499
462.592500	0.027161
462.592600	0.026245
462.592700	0.027771
462.592800	0.029755
462.592900	0.036774
462.593000	0.041504
462.593100	0.047607
462.593200	0.066071
462.593300	0.063324
462.593400	0.072632
462.593500	0.074463
462.593600	0.072937
462.593700	0.076294
462.593800	0.119171
462.593900	0.222931
462.594000	0.341034
462.594100	0.403442
462.594200	0.400696
462.594300	0.303802
462.594400	0.124664
462.594500	-0.104980
462.594600	-0.294952
462.594700	-0.384064
462.594800	-0.386200
462.594900	-0.338287
462.595000	-0.224304
462.595100	-0.114746
462.595200	-0.041351
462.595300	0.000916
462.595400	0.032501
462.595500	0.045319
462.595600	0.061035
462.595700	0.070953
462.595800	0.092926
462.595900	0.132446
462.596000	0.225983
462.596100	0.402527
462.596200	0.587463
462.596300	0.637817
462.596400	0.557404
462.596500	0.423584
462.596600	0.247040
462.596700	0.050659
462.596800	-0.151062
462.596900	-0.328674
462.597000	-0.475922
462.597100	-0.581055
462.597200	-0.623627
462.597300	-0.537262
462.597400	-0.355072
462.597500	-0.179291
462.597600	-0.073547
462.597700	-0.017700
462.597800	0.007019
462.597900	0.022278
462.598000	0.036926
462.598100	0.046082
462.598200	0.050201
462.598300	0.057526
462.598400	0.093842
462.598500	0.185699
462.598600	0.343475
462.598700	0.523834
462.598800	0.643921
462.598900	0.671692
462.599000	0.576172
462.599100	0.323792
462.599200	-0.029602
462.599300	-0.356903
462.599400	-0.553284
462.599500	-0.629578
462.599600	-0.606995
462.599700	-0.489502
462.599800	-0.303040
462.599900	-0.135498
462.600000	-0.030060
462.600100	0.020142
462.600200	0.032501
462.600300	0.044708
462.600400	0.053406
462.600500	0.059204
462.600600	0.084839
462.600700	0.110321
462.600800	0.139160
462.600900	0.147247
462.601000	0.138550
462.601100	0.103912
462.601200	0.058441
462.601300	0.006866
462.601400	-0.038452
462.601500	-0.061188
462.601600	-0.059509
462.601700	-0.040588
462.601800	-0.010986
462.601900	0.020447
462.602000	0.042267
462.602100	0.050201
462.602200	0.045013
462.602300	0.048218
462.602400	0.056152
462.602500	0.057220
462.602600	0.056610
462.602700	0.055389
462.602800	0.043945
462.602900	0.039673
462.603000	0.043640
462.603100	0.043640
462.603200	0.044708
462.603300	0.048370
462.603400	0.043488
462.603500	0.038757
462.603600	0.034485
462.603700	0.027924
462.603800	0.024109
462.603900	0.030060
462.604000	0.030518
462.604100	0.036621
462.604200	0.038147
462.604300	0.041351
462.604400	0.048370
462.604500	0.041809
462.604600	0.049286
462.604700	0.051270
462.604800	0.061493
462.604900	0.071716
462.605000	0.074921
462.605100	0.073090
462.605200	0.075531
462.605300	0.074005
462.605400	0.065308
462.605500	0.049286
462.605600	0.025024
462.605700	0.024261
462.605800	0.057983
462.605900	0.113525
462.606000	0.170593
462.606100	0.186310
462.606200	0.189514
462.606300	0.148773
462.606400	0.107269
462.606500	0.116272
462.606600	0.210876
462.606700	0.372009
462.606800	0.496216
462.606900	0.549164
462.607000	0.512695
462.607100	0.344238
462.607200	0.048218
462.607300	-0.285339
462.607400	-0.536041
462.607500	-0.665741
462.607600	-0.682068
462.607700	-0.591278
462.607800	-0.403137
462.607900	-0.187378
462.608000	-0.036469
462.608100	0.040436
462.608200	0.064240
462.608300	0.068359
462.608400	0.070190
462.608500	0.065613
462.608600	0.048828
462.608700	0.044098
462.608800	0.037079
462.608900	0.026855
462.609000	0.017548
462.609100	0.021820
462.609200	0.021820
462.609300	0.021820
462.609400	0.021515
462.609500	0.020447
462.609600	0.031738
462.609700	0.032959
462.609800	0.033875
462.609900	0.038300
462.610000	0.043030
462.610100	0.043182
462.610200	0.041504
462.610300	0.041656
462.610400	0.048523
462.610500	0.044708
462.610600	0.044708
462.610700	0.042725
462.610800	0.042725
462.610900	0.047150
462.611000	0.047302
462.611100	0.045776
462.611200	0.039825
462.611300	0.031128
462.611400	0.022583
462.611500	0.023804
462.611600	0.029297
462.611700	0.028839
462.611800	0.033112
462.611900	0.036926
462.612000	0.036774
462.612100	0.033417
462.612200	0.043945
462.612300	0.046082
462.612400	0.042725
462.612500	0.039215
462.612600	0.038757
462.612700	0.042419
462.612800	0.040894
462.612900	0.035400
462.613000	0.033875
462.613100	0.037689
462.613200	0.037384
462.613300	0.043945
462.613400	0.054626
462.613500	0.095825
462.613600	0.222168
462.613700	0.448761
462.613800	0.718842
462.613900	0.910645
462.614000	0.970764
462.614100	0.862732
462.614200	0.545349
462.614300	0.082245
462.614400	-0.408783
462.614500	-0.746307
462.614600	-0.925446
462.614700	-0.945892
462.614800	-0.816193
462.614900	-0.574646
462.615000	-0.303650
462.615100	-0.112152
462.615200	-0.019379
462.615300	0.020752
462.615400	0.036163
462.615500	0.047913
462.615600	0.087891
462.615700	0.173035
462.615800	0.286713
462.615900	0.381165
462.616000	0.397491
462.616100	0.358887
462.616200	0.272369
462.616300	0.164490
462.616400	0.046539
462.616500	-0.081940
462.616600	-0.199280
462.616700	-0.291748
462.616800	-0.342560
462.616900	-0.346527
462.617000	-0.274200
462.617100	-0.139465
462.617200	0.007477
462.617300	0.129700
462.617400	0.186768
462.617500	0.198517
462.617600	0.189056
462.617700	0.170593
462.617800	0.169525
462.617900	0.202789
462.618000	0.279846
462.618100	0.301056
462.618200	0.255127
462.618300	0.201416
462.618400	0.163269
462.618500	0.102692
462.618600	0.013580
462.618700	-0.084381
462.618800	-0.182037
462.618900	-0.282288
462.619000	-0.356445
462.619100	-0.420532
462.619200	-0.415039
462.619300	-0.289917
462.619400	-0.131226
462.619500	-0.003967
462.619600	0.076141
462.619700	0.105896
462.619800	0.105896
462.619900	0.072784
462.620000	0.035553
462.620100	0.008545
462.620200	-0.008698
462.620300	-0.013885
462.620400	-0.004272
462.620500	0.022125
462.620600	0.045166
462.620700	0.063629
462.620800	0.073853
462.620900	0.078583
462.621000	0.072174
462.621100	0.065002
462.621200	0.063324
462.621300	0.054932
462.621400	0.046082
462.621500	0.045929
462.621600	0.056610
462.621700	0.117340
462.621800	0.258942
462.621900	0.526428
462.622000	0.891113
462.622100	1.145935
462.622200	1.204529
462.622300	1.175842
462.622400	1.025696
462.622500	0.611572
462.622600	0.107422
462.622700	-0.418396
462.622800	-0.858002
462.622900	-1.114197
462.623000	-1.137543
462.623100	-1.057281
462.623200	-0.915680
462.623300	-0.632019
462.623400	-0.334473
462.623500	-0.115356
462.623600	-0.003357
462.623700	0.043945
462.623800	0.054779
462.623900	0.058746
462.624000	0.061188
462.624100	0.051270
462.624200	0.037689
462.624300	0.039368
462.624400	0.038452
462.624500	0.041199
462.624600	0.042267
462.624700	0.044250
462.624800	0.053101
462.624900	0.053864
462.625000	0.056763
462.625100	0.060120
462.625200	0.059357
462.625300	0.061798
462.625400	0.060577
462.625500	0.063629
462.625600	0.056915
462.625700	0.053864
462.625800	0.047760
462.625900	0.049133
462.626000	0.042267
462.626100	0.042419
462.626200	0.045624
462.626300	0.041809
462.626400	0.041962
462.626500	0.047455
462.626600	0.049438
462.626700	0.043640
462.626800	0.044708
462.626900	0.048370
462.627000	0.039062
462.627100	0.039978
462.627200	0.037079
462.627300	0.049133
462.627400	0.055847
462.627500	0.065155
462.627600	0.076447
462.627700	0.081635
462.627800	0.079956
462.627900	0.080719
462.628000	0.077362
462.628100	0.061646
462.628200	0.045166
462.628300	0.020294
462.628400	0.003357
462.628500	-0.003967
462.628600	0.002747
462.628700	-0.003967
462.628800	0.004425
462.628900	0.020142
462.629000	0.028076
462.629100	0.040283
462.629200	0.041809
462.629300	0.046082
462.629400	0.045929
462.629500	0.038910
462.629600	0.034943
462.629700	0.030365
462.629800	0.033264
462.629900	0.031891
462.630000	0.033112
462.630100	0.038147
462.630200	0.039062
462.630300	0.046692
462.630400	0.053558
462.630500	0.055695
462.630600	0.063019
462.630700	0.063934
462.630800	0.060577
462.630900	0.054932
462.631000	0.044098
462.631100	0.038452
462.631200	0.023193
462.631300	0.021362
462.631400	0.022736
462.631500	0.025024
462.631600	0.026093
462.631700	0.030212
462.631800	0.037842
462.631900	0.035706
462.632000	0.036469
462.632100	0.038757
462.632200	0.034943
462.632300	0.035095
462.632400	0.028687
462.632500	0.029755
462.632600	0.031281
462.632700	0.034180
462.632800	0.041504
462.632900	0.066528
462.633000	0.145721
462.633100	0.286255
462.633200	0.442505
462.633300	0.513916
462.633400	0.500336
462.633500	0.381927
462.633600	0.152283
462.633700	-0.105286
462.633800	-0.348663
462.633900	-0.465393
462.634000	-0.468140
462.634100	-0.407867
462.634200	-0.271454
462.634300	-0.139160
462.634400	-0.040436
462.634500	0.007629
462.634600	0.039673
462.634700	0.063019
462.634800	0.089264
462.634900	0.111542
462.635000	0.113678
462.635100	0.112762
462.635200	0.092010
462.635300	0.056458
462.635400	0.018311
462.635500	-0.010223
462.635600	-0.018158
462.635700	-0.018005
462.635800	-0.008850
462.635900	0.027008
462.636000	0.051575
462.636100	0.059967
462.636200	0.062408
462.636300	0.055084
462.636400	0.036163
462.636500	0.013885
462.636600	-0.005188
462.636700	-0.011139
462.636800	-0.007935
462.636900	-0.010223
462.637000	0.001984
462.637100	0.027771
462.637200	0.034943
462.637300	0.037079
462.637400	0.037231
462.637500	0.042419
462.637600	0.044861
462.637700	0.041962
462.637800	0.036469
462.637900	0.037842
462.638000	0.046082
462.638100	0.041656
462.638200	0.050812
462.638300	0.062866
462.638400	0.068817
462.638500	0.073547
462.638600	0.068817
462.638700	0.059357
462.638800	0.052643
462.638900	0.050049
462.639000	0.057526
462.639100	0.063782
462.639200	0.067139
462.639300	0.060120
462.639400	0.052490
462.639500	0.036621
462.639600	0.009308
462.639700	-0.013275
462.639800	-0.014801
462.639900	-0.025177
462.640000	-0.020752
462.640100	-0.003204
462.640200	0.023193
462.640300	0.040436
462.640400	0.045166
462.640500	0.049591
462.640600	0.050659
462.640700	0.049286
462.640800	0.047607
462.640900	0.053101
462.641000	0.050201
462.641100	0.047150
462.641200	0.042877
462.641300	0.042114
462.641400	0.039368
462.641500	0.040894
462.641600	0.063477
462.641700	0.115814
462.641800	0.176392
462.641900	0.196838
462.642000	0.175476
462.642100	0.125732
462.642200	0.052032
462.642300	-0.006561
462.642400	-0.054321
462.642500	-0.068512
462.642600	-0.054779
462.642700	-0.015717
462.642800	0.027466
462.642900	0.055389
462.643000	0.066528
462.643100	0.057678
462.643200	0.044556
