198.244100	0.054474
198.244200	0.042419
198.244300	0.041962
198.244400	0.033722
198.244500	0.028839
198.244600	0.027313
198.244700	0.025940
198.244800	0.031281
198.244900	0.034332
198.245000	0.028534
198.245100	0.035553
198.245200	0.033112
198.245300	0.027161
198.245400	0.024872
198.245500	0.024261
198.245600	0.016174
198.245700	0.011749
198.245800	0.014496
198.245900	0.003967
198.246000	0.005188
198.246100	0.005798
198.246200	0.009766
198.246300	0.008850
198.246400	0.019073
198.246500	0.021210
198.246600	0.028534
198.246700	0.031281
198.246800	0.034790
198.246900	0.037384
198.247000	0.038605
198.247100	0.033264
198.247200	0.035400
198.247300	0.034790
198.247400	0.035553
198.247500	0.039215
198.247600	0.036316
198.247700	0.035706
198.247800	0.039368
198.247900	0.038757
198.248000	0.041656
198.248100	0.037842
198.248200	0.038300
198.248300	0.041962
198.248400	0.044556
198.248500	0.044708
198.248600	0.040741
198.248700	0.044556
198.248800	0.043793
198.248900	0.035706
198.249000	0.035706
198.249100	0.026398
198.249200	0.030365
198.249300	0.028839
198.249400	0.028687
198.249500	0.033569
198.249600	0.037079
198.249700	0.042572
198.249800	0.048828
198.249900	0.059357
198.250000	0.059357
198.250100	0.060730
198.250200	0.072632
198.250300	0.075531
198.250400	0.064392
198.250500	0.047455
198.250600	0.026855
198.250700	0.016327
198.250800	0.017242
198.250900	0.010529
198.251000	0.005188
198.251100	0.025635
198.251200	0.064240
198.251300	0.151367
198.251400	0.273743
198.251500	0.427856
198.251600	0.542603
198.251700	0.609283
198.251800	0.606842
198.251900	0.544891
198.252000	0.436401
198.252100	0.279236
198.252200	0.086823
198.252300	-0.114746
198.252400	-0.294800
198.252500	-0.442200
198.252600	-0.545349
198.252700	-0.606537
198.252800	-0.611115
198.252900	-0.564728
198.253000	-0.472870
198.253100	-0.339661
198.253200	-0.212860
198.253300	-0.105286
198.253400	-0.039215
198.253500	-0.002594
198.253600	0.011444
198.253700	0.015869
198.253800	0.021210
198.253900	0.024261
198.254000	0.034332
198.254100	0.032959
198.254200	0.036469
198.254300	0.048370
198.254400	0.038757
198.254500	0.034637
198.254600	0.028076
198.254700	0.021362
198.254800	0.015717
198.254900	0.005493
198.255000	0.003662
198.255100	0.005493
198.255200	0.003815
198.255300	0.011139
198.255400	0.018005
198.255500	0.019379
198.255600	0.023956
198.255700	0.030212
198.255800	0.031738
198.255900	0.034332
198.256000	0.032959
198.256100	0.029602
198.256200	0.030365
198.256300	0.041046
198.256400	0.044556
198.256500	0.056610
198.256600	0.074921
198.256700	0.081635
198.256800	0.090637
198.256900	0.086212
198.257000	0.091858
198.257100	0.080109
198.257200	0.053558
198.257300	0.017548
198.257400	-0.013123
198.257500	-0.032959
198.257600	-0.040741
198.257700	-0.038605
198.257800	-0.026703
198.257900	0.002441
198.258000	0.055695
198.258100	0.129700
198.258200	0.202484
198.258300	0.248413
198.258400	0.264740
198.258500	0.264282
198.258600	0.248871
198.258700	0.193481
198.258800	0.108490
198.258900	0.018768
198.259000	-0.075684
198.259100	-0.152588
198.259200	-0.208740
198.259300	-0.231171
198.259400	-0.224152
198.259500	-0.216370
198.259600	-0.186462
198.259700	-0.126648
198.259800	-0.066833
198.259900	-0.027771
198.260000	0.010529
198.260100	0.025635
198.260200	0.030212
198.260300	0.039062
198.260400	0.040283
198.260500	0.039673
198.260600	0.033112
198.260700	0.030670
198.260800	0.030823
198.260900	0.025635
198.261000	0.025482
198.261100	0.020599
198.261200	0.020447
198.261300	0.025482
198.261400	0.029144
198.261500	0.031128
198.261600	0.030365
198.261700	0.037994
198.261800	0.050812
198.261900	0.062408
198.262000	0.087891
198.262100	0.116882
198.262200	0.136719
198.262300	0.142822
198.262400	0.133209
198.262500	0.115967
198.262600	0.082245
198.262700	0.041962
198.262800	-0.002899
198.262900	-0.046539
198.263000	-0.066376
198.263100	-0.073547
198.263200	-0.070343
198.263300	-0.066223
198.263400	-0.046692
198.263500	-0.024414
198.263600	-0.012054
198.263700	0.001221
198.263800	0.015869
198.263900	0.033264
198.264000	0.069122
198.264100	0.149841
198.264200	0.258331
198.264300	0.430145
198.264400	0.625458
198.264500	0.726318
198.264600	0.702209
198.264700	0.634155
198.264800	0.539246
198.264900	0.417175
198.265000	0.263214
198.265100	0.070801
198.265200	-0.133362
198.265300	-0.308838
198.265400	-0.439301
198.265500	-0.531921
198.265600	-0.612793
198.265700	-0.678253
198.265800	-0.703735
198.265900	-0.598145
198.266000	-0.415802
198.266100	-0.240479
198.266200	-0.107422
198.266300	-0.020752
198.266400	0.027924
198.266500	0.039062
198.266600	0.043640
198.266700	0.051270
198.266800	0.047150
198.266900	0.053711
198.267000	0.048218
198.267100	0.042725
198.267200	0.042267
198.267300	0.044556
198.267400	0.038147
198.267500	0.043182
198.267600	0.039978
198.267700	0.040588
198.267800	0.039062
198.267900	0.030518
198.268000	0.034180
198.268100	0.039062
198.268200	0.038605
198.268300	0.034485
198.268400	0.027924
198.268500	0.026855
198.268600	0.026550
198.268700	0.028229
198.268800	0.030518
198.268900	0.032043
198.269000	0.035095
198.269100	0.025482
198.269200	0.027008
198.269300	0.028381
198.269400	0.025024
198.269500	0.020294
198.269600	0.028687
198.269700	0.020142
198.269800	0.028534
198.269900	0.032806
198.270000	0.033569
198.270100	0.047455
198.270200	0.078125
198.270300	0.133514
198.270400	0.227814
198.270500	0.364990
198.270600	0.537567
198.270700	0.642700
198.270800	0.628052
198.270900	0.570068
198.271000	0.492554
198.271100	0.386047
198.271200	0.263672
198.271300	0.099335
198.271400	-0.068970
198.271500	-0.229797
198.271600	-0.350494
198.271700	-0.437164
198.271800	-0.504913
198.271900	-0.567627
198.272000	-0.605469
198.272100	-0.550995
198.272200	-0.401001
198.272300	-0.250092
198.272400	-0.126495
198.272500	-0.044098
198.272600	0.003815
198.272700	0.019226
198.272800	0.030060
198.272900	0.021515
198.273000	0.021057
198.273100	0.020752
198.273200	0.020599
198.273300	0.019989
198.273400	0.019989
198.273500	0.025940
198.273600	0.021362
198.273700	0.027008
198.273800	0.023346
198.273900	0.023804
198.274000	0.023193
198.274100	0.025024
198.274200	0.034637
198.274300	0.035400
198.274400	0.033722
198.274500	0.034637
198.274600	0.046539
198.274700	0.048676
198.274800	0.049438
198.274900	0.048828
198.275000	0.050659
198.275100	0.044098
198.275200	0.041656
198.275300	0.031281
198.275400	0.024719
198.275500	0.026550
198.275600	0.023956
198.275700	0.019684
198.275800	0.023804
198.275900	0.029144
198.276000	0.028534
198.276100	0.027466
198.276200	0.036469
198.276300	0.031128
198.276400	0.033569
198.276500	0.031128
198.276600	0.032806
198.276700	0.056915
198.276800	0.130768
198.276900	0.283356
198.277000	0.520935
198.277100	0.848846
198.277200	1.179657
198.277300	1.372681
198.277400	1.479797
198.277500	1.623688
198.277600	1.778107
198.277700	1.740417
198.277800	1.444397
198.277900	0.948792
198.278000	0.210876
198.278100	-0.493317
198.278200	-0.856018
198.278300	-0.974731
198.278400	-1.137848
198.278500	-1.507111
198.278600	-1.862030
198.278700	-2.018127
198.278800	-1.968994
198.278900	-1.850281
198.279000	-1.654816
198.279100	-1.424103
198.279200	-1.241760
198.279300	-1.163635
198.279400	-0.890808
198.279500	-0.590363
198.279600	-0.313721
198.279700	-0.095673
198.279800	0.045929
198.279900	0.111694
198.280000	0.135651
198.280100	0.144348
198.280200	0.136108
198.280300	0.130005
198.280400	0.123291
198.280500	0.122833
198.280600	0.118866
198.280700	0.113831
198.280800	0.117340
198.280900	0.122986
198.281000	0.125732
198.281100	0.132751
198.281200	0.136108
198.281300	0.130463
198.281400	0.129395
198.281500	0.127411
198.281600	0.121918
198.281700	0.117035
198.281800	0.113220
198.281900	0.103302
198.282000	0.110016
198.282100	0.104980
198.282200	0.098877
198.282300	0.097961
198.282400	0.098572
198.282500	0.108643
198.282600	0.115967
198.282700	0.132141
198.282800	0.140076
198.282900	0.138550
198.283000	0.135193
198.283100	0.137482
198.283200	0.141144
198.283300	0.149078
198.283400	0.157013
198.283500	0.168762
198.283600	0.182343
198.283700	0.173340
198.283800	0.163116
198.283900	0.145416
198.284000	0.132294
198.284100	0.105591
198.284200	0.056458
198.284300	0.007324
198.284400	-0.059204
198.284500	-0.094604
198.284600	-0.102844
198.284700	-0.106659
198.284800	-0.092010
198.284900	-0.071411
198.285000	-0.039978
198.285100	-0.006409
198.285200	0.017090
198.285300	0.039062
198.285400	0.051270
198.285500	0.059052
198.285600	0.058289
198.285700	0.061188
198.285800	0.065765
198.285900	0.067902
198.286000	0.075836
198.286100	0.074768
198.286200	0.077209
198.286300	0.080414
198.286400	0.080414
198.286500	0.080566
198.286600	0.078735
198.286700	0.081787
198.286800	0.078125
198.286900	0.081329
198.287000	0.086212
198.287100	0.083313
198.287200	0.080414
198.287300	0.080566
198.287400	0.077515
198.287500	0.079956
198.287600	0.077820
198.287700	0.077362
198.287800	0.075531
198.287900	0.071716
198.288000	0.063782
198.288100	0.067444
198.288200	0.059204
198.288300	0.066528
198.288400	0.065155
198.288500	0.063171
198.288600	0.065460
198.288700	0.061798
198.288800	0.068207
198.288900	0.067444
198.289000	0.064850
198.289100	0.064392
198.289200	0.058136
198.289300	0.059814
198.289400	0.061646
198.289500	0.061188
198.289600	0.063629
198.289700	0.065918
198.289800	0.075073
198.289900	0.074768
198.290000	0.083618
198.290100	0.096130
198.290200	0.098572
198.290300	0.107727
198.290400	0.111084
198.290500	0.089722
198.290600	0.063934
198.290700	0.033875
198.290800	0.017090
198.290900	-0.000458
198.291000	0.000610
198.291100	0.001831
198.291200	0.003967
198.291300	0.025940
198.291400	0.045471
198.291500	0.048370
198.291600	0.045624
198.291700	0.039520
198.291800	0.040283
198.291900	0.032806
198.292000	0.030823
198.292100	0.025177
198.292200	0.033722
198.292300	0.035706
198.292400	0.075684
198.292500	0.133972
198.292600	0.215912
198.292700	0.308990
198.292800	0.394592
198.292900	0.442963
198.293000	0.447845
198.293100	0.408630
198.293200	0.342102
198.293300	0.261841
198.293400	0.163422
198.293500	0.065155
198.293600	-0.051117
198.293700	-0.145111
198.293800	-0.237579
198.293900	-0.304260
198.294000	-0.354462
198.294100	-0.374146
198.294200	-0.368805
198.294300	-0.326538
198.294400	-0.258636
198.294500	-0.163269
198.294600	-0.086975
198.294700	-0.027466
198.294800	0.007935
198.294900	0.032196
198.295000	0.036316
198.295100	0.040741
198.295200	0.043793
198.295300	0.052032
198.295400	0.059204
198.295500	0.071564
198.295600	0.085449
198.295700	0.090637
198.295800	0.089874
198.295900	0.085754
198.296000	0.076752
198.296100	0.065155
198.296200	0.052338
198.296300	0.028839
198.296400	0.008545
198.296500	-0.007782
198.296600	-0.025482
198.296700	-0.031128
198.296800	-0.037842
198.296900	-0.025787
198.297000	-0.017090
198.297100	-0.002441
198.297200	0.007629
198.297300	0.024109
198.297400	0.041656
198.297500	0.067596
198.297600	0.089111
