134.500100	0.015869
134.500200	0.013275
134.500300	0.005646
134.500400	0.002289
134.500500	0.004272
134.500600	-0.000458
134.500700	-0.006409
134.500800	-0.008850
134.500900	-0.015564
134.501000	-0.025177
134.501100	-0.029755
134.501200	-0.030365
134.501300	-0.035095
134.501400	-0.035095
134.501500	-0.041656
134.501600	-0.045776
134.501700	-0.048676
134.501800	-0.041809
134.501900	-0.041504
134.502000	-0.037384
134.502100	-0.031891
134.502200	-0.034485
134.502300	-0.032043
134.502400	-0.027771
134.502500	-0.021667
134.502600	-0.019836
134.502700	-0.014648
134.502800	-0.005951
134.502900	0.014496
134.503000	0.037842
134.503100	0.063324
134.503200	0.102386
134.503300	0.146790
134.503400	0.179596
134.503500	0.196838
134.503600	0.196686
134.503700	0.182648
134.503800	0.158386
134.503900	0.135040
134.504000	0.092468
134.504100	0.055695
134.504200	0.007935
134.504300	-0.044250
134.504400	-0.097961
134.504500	-0.138397
134.504600	-0.185852
134.504700	-0.215607
134.504800	-0.236511
134.504900	-0.250702
134.505000	-0.254822
134.505100	-0.250702
134.505200	-0.239716
134.505300	-0.209656
134.505400	-0.176086
134.505500	-0.131836
134.505600	-0.091095
134.505700	-0.061035
134.505800	-0.037079
134.505900	-0.023499
134.506000	-0.008698
134.506100	-0.010071
134.506200	-0.010986
134.506300	-0.001678
134.506400	0.002747
134.506500	0.006714
134.506600	0.015411
134.506700	0.018311
134.506800	0.021973
134.506900	0.018921
134.507000	0.026855
134.507100	0.023956
134.507200	0.014038
134.507300	0.012970
134.507400	0.007172
134.507500	0.002594
134.507600	0.001831
134.507700	0.002899
134.507800	-0.002899
134.507900	-0.001526
134.508000	-0.005798
134.508100	-0.013275
134.508200	-0.007019
134.508300	-0.010681
134.508400	-0.011597
134.508500	-0.009308
134.508600	-0.006714
134.508700	-0.011902
134.508800	-0.006561
134.508900	-0.005188
134.509000	-0.008392
134.509100	-0.005951
134.509200	-0.006714
134.509300	-0.012054
134.509400	-0.000763
134.509500	-0.002594
134.509600	-0.002747
134.509700	-0.004120
134.509800	-0.007629
134.509900	-0.001373
134.510000	-0.012207
134.510100	-0.009460
134.510200	-0.009003
134.510300	-0.010071
134.510400	-0.009613
134.510500	-0.009918
134.510600	-0.008545
134.510700	-0.014191
134.510800	-0.014038
134.510900	-0.010071
134.511000	-0.009155
134.511100	-0.015106
134.511200	-0.013275
134.511300	-0.009155
134.511400	-0.010376
134.511500	-0.010376
134.511600	-0.011597
134.511700	-0.009918
134.511800	-0.011139
134.511900	-0.012970
134.512000	-0.017090
134.512100	-0.012512
134.512200	-0.016174
134.512300	-0.010834
134.512400	-0.009613
134.512500	-0.013275
134.512600	-0.012054
134.512700	-0.009613
134.512800	-0.007172
134.512900	-0.010071
134.513000	-0.007019
134.513100	-0.010071
134.513200	-0.014801
134.513300	-0.013885
134.513400	-0.011749
134.513500	-0.007477
134.513600	-0.010986
134.513700	-0.013580
134.513800	-0.014496
134.513900	-0.017548
134.514000	-0.023346
134.514100	-0.022583
134.514200	-0.022583
134.514300	-0.023956
134.514400	-0.023499
134.514500	-0.018921
134.514600	-0.022888
134.514700	-0.026093
134.514800	-0.021210
134.514900	-0.022583
134.515000	-0.019531
134.515100	-0.022430
134.515200	-0.027466
134.515300	-0.023956
134.515400	-0.028992
134.515500	-0.020905
134.515600	-0.023346
134.515700	-0.017700
134.515800	-0.015717
134.515900	-0.006561
134.516000	-0.003357
134.516100	-0.009766
134.516200	-0.003052
134.516300	-0.006866
134.516400	-0.005798
134.516500	-0.006256
134.516600	-0.014343
134.516700	-0.017242
134.516800	-0.015411
134.516900	-0.017242
134.517000	-0.019379
134.517100	-0.027618
134.517200	-0.028381
134.517300	-0.028839
134.517400	-0.027924
134.517500	-0.034027
134.517600	-0.039978
134.517700	-0.042419
134.517800	-0.041504
134.517900	-0.041046
134.518000	-0.044556
134.518100	-0.046997
134.518200	-0.043640
134.518300	-0.045471
134.518400	-0.044250
134.518500	-0.044861
134.518600	-0.042114
134.518700	-0.031891
134.518800	-0.028992
134.518900	-0.023651
134.519000	-0.024567
134.519100	-0.014801
134.519200	-0.018005
134.519300	-0.005035
134.519400	-0.001221
134.519500	0.003967
134.519600	0.028076
134.519700	0.066376
134.519800	0.125275
134.519900	0.193787
134.520000	0.299988
134.520100	0.427704
134.520200	0.604553
134.520300	0.788269
134.520400	0.950317
134.520500	1.044922
134.520600	1.083527
134.520700	1.083374
134.520800	1.056061
134.520900	1.022339
134.521000	0.969391
134.521100	0.878601
134.521200	0.718231
134.521300	0.495911
134.521400	0.249176
134.521500	0.007172
134.521600	-0.234222
134.521700	-0.466309
134.521800	-0.694275
134.521900	-0.921631
134.522000	-1.109467
134.522100	-1.172791
134.522200	-1.282043
134.522300	-1.269684
134.522400	-1.221313
134.522500	-1.193542
134.522600	-1.104736
134.522700	-1.023712
134.522800	-0.911255
134.522900	-0.757141
134.523000	-0.588837
134.523100	-0.425873
134.523200	-0.294800
134.523300	-0.186005
134.523400	-0.103912
134.523500	-0.054169
134.523600	-0.029755
134.523700	-0.014343
134.523800	-0.004730
134.523900	-0.011749
134.524000	-0.009460
134.524100	-0.010986
134.524200	-0.009308
134.524300	-0.006561
134.524400	-0.004272
134.524500	0.002899
134.524600	0.013580
134.524700	0.031128
134.524800	0.056000
134.524900	0.085602
134.525000	0.123138
134.525100	0.165253
134.525200	0.220490
134.525300	0.257721
134.525400	0.279541
134.525500	0.285950
134.525600	0.288544
134.525700	0.288086
134.525800	0.279236
134.525900	0.247345
134.526000	0.189819
134.526100	0.114594
134.526200	0.034485
134.526300	-0.043945
134.526400	-0.115356
134.526500	-0.195007
134.526600	-0.257263
134.526700	-0.289612
134.526800	-0.304108
134.526900	-0.295715
134.527000	-0.296173
134.527100	-0.287933
134.527200	-0.278168
134.527300	-0.248871
134.527400	-0.201721
134.527500	-0.151062
134.527600	-0.099792
134.527700	-0.066681
134.527800	-0.038300
134.527900	-0.017395
134.528000	-0.001984
134.528100	0.001526
134.528200	0.000458
134.528300	-0.000610
134.528400	0.003204
134.528500	-0.002747
134.528600	0.000305
134.528700	0.003204
134.528800	0.002594
134.528900	0.000458
134.529000	-0.005188
134.529100	-0.006104
134.529200	-0.003052
134.529300	-0.000305
134.529400	0.002594
134.529500	0.002594
134.529600	-0.000153
134.529700	0.005188
134.529800	0.014801
134.529900	0.023346
134.530000	0.033112
134.530100	0.051270
134.530200	0.069885
134.530300	0.093231
134.530400	0.118103
134.530500	0.135956
134.530600	0.146027
134.530700	0.159760
134.530800	0.151672
134.530900	0.146637
134.531000	0.128174
134.531100	0.096893
134.531200	0.068970
134.531300	0.030670
134.531400	-0.007629
134.531500	-0.055084
134.531600	-0.099487
134.531700	-0.139008
134.531800	-0.164185
134.531900	-0.178223
134.532000	-0.187988
134.532100	-0.186768
134.532200	-0.179596
134.532300	-0.168152
134.532400	-0.145264
134.532500	-0.114899
134.532600	-0.088196
134.532700	-0.069733
134.532800	-0.046844
134.532900	-0.032501
134.533000	-0.020905
134.533100	-0.021820
134.533200	-0.016174
134.533300	-0.010681
134.533400	-0.011139
134.533500	-0.011139
134.533600	-0.004730
134.533700	-0.001373
134.533800	-0.005188
134.533900	-0.003815
134.534000	-0.002289
134.534100	-0.009460
134.534200	-0.010834
134.534300	-0.003052
134.534400	-0.001221
134.534500	-0.005188
134.534600	-0.004425
134.534700	-0.006104
134.534800	-0.009155
134.534900	-0.008392
134.535000	-0.006866
134.535100	-0.004272
134.535200	-0.003815
134.535300	-0.004120
134.535400	0.001373
134.535500	0.006866
134.535600	0.022125
134.535700	0.026093
134.535800	0.034332
134.535900	0.042877
134.536000	0.048828
134.536100	0.049744
134.536200	0.049438
134.536300	0.046234
134.536400	0.037994
134.536500	0.030670
134.536600	0.027161
134.536700	0.002136
134.536800	-0.015106
134.536900	-0.032806
134.537000	-0.045471
134.537100	-0.056458
134.537200	-0.065613
134.537300	-0.072784
134.537400	-0.076447
134.537500	-0.073853
134.537600	-0.067596
134.537700	-0.068665
134.537800	-0.052185
134.537900	-0.036469
134.538000	-0.022736
134.538100	-0.018005
134.538200	-0.008392
134.538300	0.001221
134.538400	0.003357
134.538500	0.010986
134.538600	0.009613
134.538700	0.007172
134.538800	0.003510
134.538900	-0.001831
134.539000	-0.010071
134.539100	-0.017700
134.539200	-0.014648
134.539300	-0.008545
134.539400	-0.022888
134.539500	-0.023499
134.539600	-0.026398
134.539700	-0.034180
134.539800	-0.029602
134.539900	-0.037842
134.540000	-0.038147
134.540100	-0.036621
134.540200	-0.045471
134.540300	-0.040283
134.540400	-0.042419
134.540500	-0.034637
134.540600	-0.036316
134.540700	-0.036011
134.540800	-0.039520
134.540900	-0.035248
134.541000	-0.033569
134.541100	-0.027161
134.541200	-0.023956
134.541300	-0.023651
134.541400	-0.023956
134.541500	-0.024719
134.541600	-0.025177
134.541700	-0.019226
134.541800	-0.022736
134.541900	-0.021210
134.542000	-0.021210
134.542100	-0.020905
134.542200	-0.021820
134.542300	-0.019379
134.542400	-0.016327
134.542500	-0.021210
134.542600	-0.021210
134.542700	-0.017090
134.542800	-0.009918
134.542900	0.000000
134.543000	-0.004730
134.543100	-0.005493
134.543200	0.004883
134.543300	0.014038
134.543400	0.020142
134.543500	0.022125
134.543600	0.031433
134.543700	0.025787
134.543800	0.028534
134.543900	0.025940
134.544000	0.019989
134.544100	0.008392
134.544200	-0.001831
134.544300	-0.018921
134.544400	-0.033875
134.544500	-0.044556
134.544600	-0.048065
134.544700	-0.054321
134.544800	-0.063324
134.544900	-0.062256
134.545000	-0.061340
134.545100	-0.074463
134.545200	-0.075378
134.545300	-0.076141
134.545400	-0.068359
134.545500	-0.057831
134.545600	-0.044098
134.545700	-0.029907
134.545800	-0.021973
134.545900	-0.017853
134.546000	-0.014038
134.546100	-0.018463
134.546200	-0.009918
134.546300	-0.009460
134.546400	-0.010986
134.546500	-0.002136
134.546600	-0.009918
134.546700	-0.013275
134.546800	-0.011292
134.546900	-0.010681
134.547000	-0.009918
134.547100	-0.014191
134.547200	-0.010223
134.547300	-0.012665
134.547400	-0.015259
134.547500	-0.008392
134.547600	-0.010986
134.547700	-0.003052
134.547800	-0.000458
134.547900	0.006714
134.548000	0.012665
134.548100	0.008240
134.548200	0.013123
134.548300	0.013123
134.548400	0.007324
134.548500	0.010681
134.548600	0.007477
134.548700	0.016479
134.548800	0.014648
134.548900	0.014648
134.549000	0.011749
134.549100	0.013885
134.549200	0.003052
134.549300	-0.008545
134.549400	-0.017700
134.549500	-0.023346
134.549600	-0.029449
134.549700	-0.035095
134.549800	-0.040894
134.549900	-0.044556
134.550000	-0.051727
134.550100	-0.056763
134.550200	-0.057526
134.550300	-0.069275
134.550400	-0.067291
134.550500	-0.061188
134.550600	-0.060883
134.550700	-0.061951
134.550800	-0.056610
134.550900	-0.056458
134.551000	-0.055542
134.551100	-0.055237
134.551200	-0.061493
134.551300	-0.062103
134.551400	-0.060120
134.551500	-0.058441
134.551600	-0.052795
134.551700	-0.049133
134.551800	-0.047455
134.551900	-0.042725
134.552000	-0.040894
134.552100	-0.036926
134.552200	-0.029144
134.552300	-0.024719
134.552400	-0.023651
134.552500	-0.024109
134.552600	-0.018005
134.552700	-0.019989
134.552800	-0.021820
134.552900	-0.025330
134.553000	-0.023499
134.553100	-0.015411
134.553200	-0.019531
134.553300	-0.018616
134.553400	-0.021515
134.553500	-0.020752
134.553600	-0.023956
