534.474500	-0.115051
534.474600	-0.019226
534.474700	0.014191
534.474800	0.013733
534.474900	0.012665
534.475000	0.013275
534.475100	0.019226
534.475200	0.019684
534.475300	0.034790
534.475400	0.053864
534.475500	0.070496
534.475600	0.053406
534.475700	0.024261
534.475800	0.001678
534.475900	-0.008850
534.476000	-0.006256
534.476100	-0.003357
534.476200	0.011444
534.476300	0.019226
534.476400	0.045776
534.476500	0.149231
534.476600	0.327911
534.476700	0.482330
534.476800	0.492554
534.476900	0.331421
534.477000	0.038452
534.477100	-0.251160
534.477200	-0.431519
534.477300	-0.472412
534.477400	-0.375061
534.477500	-0.212402
534.477600	-0.093079
534.477700	-0.028076
534.477800	-0.009155
534.477900	0.002747
534.478000	0.003052
534.478100	0.007019
534.478200	0.006104
534.478300	0.008850
534.478400	0.009155
534.478500	0.008392
534.478600	0.009003
534.478700	0.019836
534.478800	0.028076
534.478900	0.032959
534.479000	0.025330
534.479100	0.028076
534.479200	0.029907
534.479300	0.042419
534.479400	0.059662
534.479500	0.064087
534.479600	0.047913
534.479700	0.006866
534.479800	-0.038605
534.479900	-0.051270
534.480000	0.097656
534.480100	0.544434
534.480200	0.995636
534.480300	1.062927
534.480400	0.585175
534.480500	-0.207520
534.480600	-0.876007
534.480700	-1.122894
534.480800	-0.910950
534.480900	-0.313721
534.481000	0.420380
534.481100	1.198425
534.481200	1.567993
534.481300	1.540222
534.481400	1.202087
534.481500	0.335999
534.481600	-0.499268
534.481700	-0.926361
534.481800	-1.144257
534.481900	-1.184998
534.482000	-0.840454
534.482100	-0.571899
534.482200	-0.343475
534.482300	-0.115967
534.482400	0.044708
534.482500	0.095978
534.482600	-0.015259
534.482700	-0.243073
534.482800	-0.464783
534.482900	-0.583954
534.483000	-0.533295
534.483100	-0.309753
534.483200	-0.109253
534.483300	-0.025635
534.483400	-0.014038
534.483500	-0.019531
534.483600	-0.017090
534.483700	-0.007782
534.483800	0.007172
534.483900	0.013428
534.484000	0.009155
534.484100	0.012512
534.484200	0.020294
534.484300	0.023346
534.484400	0.029297
534.484500	0.029449
534.484600	0.060272
534.484700	0.117645
534.484800	0.158386
534.484900	0.162811
534.485000	0.091705
534.485100	-0.045471
534.485200	-0.147400
534.485300	-0.166931
534.485400	-0.112762
534.485500	-0.027924
534.485600	0.026855
534.485700	0.033417
534.485800	0.011444
534.485900	-0.019836
534.486000	-0.038452
534.486100	-0.042877
534.486200	-0.038300
534.486300	-0.018311
534.486400	-0.010681
534.486500	0.000000
534.486600	0.007629
534.486700	0.044556
534.486800	0.124207
534.486900	0.225067
534.487000	0.278931
534.487100	0.274506
534.487200	0.194092
534.487300	0.054169
534.487400	-0.093842
534.487500	-0.246277
534.487600	-0.316010
534.487700	-0.270691
534.487800	-0.165710
534.487900	-0.069427
534.488000	-0.016174
534.488100	-0.005493
534.488200	-0.011902
534.488300	-0.015106
534.488400	-0.014648
534.488500	-0.007782
534.488600	-0.006714
534.488700	-0.005188
534.488800	0.006409
534.488900	0.021057
534.489000	0.049133
534.489100	0.084229
534.489200	0.114899
534.489300	0.106201
534.489400	0.114594
534.489500	0.128174
534.489600	0.107269
534.489700	0.078125
534.489800	0.028381
534.489900	-0.057373
534.490000	-0.116119
534.490100	-0.141754
534.490200	-0.138397
534.490300	-0.106812
534.490400	-0.019073
534.490500	0.049591
534.490600	0.054932
534.490700	-0.010071
534.490800	-0.074463
534.490900	-0.100555
534.491000	-0.089722
534.491100	-0.050201
534.491200	-0.014038
534.491300	-0.009308
534.491400	-0.002441
534.491500	-0.002747
534.491600	-0.005646
534.491700	-0.011292
534.491800	-0.013123
534.491900	-0.006561
534.492000	0.000916
534.492100	0.007935
534.492200	0.006866
534.492300	0.004578
534.492400	0.020294
534.492500	0.112457
534.492600	0.360413
534.492700	0.637665
534.492800	0.675812
534.492900	0.605927
534.493000	0.230408
534.493100	-0.271454
534.493200	-0.549927
534.493300	-0.663300
534.493400	-0.565796
534.493500	-0.016785
534.493600	0.671082
534.493700	0.953064
534.493800	1.084900
534.493900	0.762634
534.494000	-0.128326
534.494100	-0.842743
534.494200	-1.044312
534.494300	-1.085205
534.494400	-0.877380
534.494500	-0.410767
534.494600	-0.149841
534.494700	-0.041809
534.494800	-0.010834
534.494900	0.000916
534.495000	0.004883
534.495100	0.002747
534.495200	0.007782
534.495300	0.008087
534.495400	0.029907
534.495500	0.270996
534.495600	1.022949
534.495700	2.116394
534.495800	2.458344
534.495900	2.462006
534.496000	1.192780
534.496100	-0.712128
534.496200	-2.221680
534.496300	-2.606506
534.496400	-2.527466
534.496500	-1.550903
534.496600	-0.636597
534.496700	-0.184937
534.496800	-0.045929
534.496900	-0.009613
534.497000	-0.001068
534.497100	0.001831
534.497200	0.009155
534.497300	0.009460
534.497400	0.010681
534.497500	0.008850
534.497600	0.011749
534.497700	0.009766
534.497800	0.008850
534.497900	0.003662
534.498000	0.002899
534.498100	0.001068
534.498200	-0.001221
534.498300	-0.005798
534.498400	-0.002899
534.498500	0.003357
534.498600	0.001678
534.498700	0.007477
534.498800	0.009766
534.498900	0.055237
534.499000	0.198059
534.499100	0.469513
534.499200	0.540161
534.499300	0.442657
534.499400	0.263977
534.499500	0.022430
534.499600	-0.214081
534.499700	-0.381012
534.499800	-0.504761
534.499900	-0.424194
534.500000	-0.114136
534.500100	0.106812
534.500200	0.143738
534.500300	0.008698
534.500400	-0.159760
534.500500	-0.233002
534.500600	-0.221252
534.500700	-0.137634
534.500800	-0.059662
534.500900	-0.021667
534.501000	-0.021667
534.501100	-0.020447
534.501200	-0.008087
534.501300	0.002899
534.501400	0.010834
534.501500	0.000000
534.501600	-0.012360
534.501700	-0.031281
534.501800	-0.030518
534.501900	-0.020447
534.502000	-0.001068
534.502100	0.009918
534.502200	0.012360
534.502300	0.041809
534.502400	0.155029
534.502500	0.398560
534.502600	0.603333
534.502700	0.550995
534.502800	0.399323
534.502900	0.193787
534.503000	-0.046692
534.503100	-0.271606
534.503200	-0.459595
534.503300	-0.619965
534.503400	-0.635986
534.503500	-0.401154
534.503600	-0.181274
534.503700	-0.046844
534.503800	0.005951
534.503900	0.024872
534.504000	0.025177
534.504100	0.034027
534.504200	0.027161
534.504300	0.019073
534.504400	0.018158
534.504500	0.040741
534.504600	0.059967
534.504700	0.087280
534.504800	0.112305
534.504900	0.107880
534.505000	0.162506
534.505100	0.329437
534.505200	0.559692
534.505300	0.509338
534.505400	0.344391
534.505500	0.099030
534.505600	-0.184631
534.505700	-0.427856
534.505800	-0.586395
534.505900	-0.705566
534.506000	-0.552216
534.506100	-0.290833
534.506200	-0.107574
534.506300	-0.031891
534.506400	-0.007019
534.506500	0.010986
534.506600	0.009308
534.506700	0.006104
534.506800	0.001831
534.506900	-0.003967
534.507000	-0.011444
534.507100	-0.018158
534.507200	-0.022736
534.507300	-0.016327
534.507400	-0.012207
534.507500	0.006561
534.507600	0.147095
534.507700	0.575562
534.507800	1.061707
534.507900	1.269226
534.508000	0.969391
534.508100	0.026398
534.508200	-0.899200
534.508300	-1.186066
534.508400	-1.229248
534.508500	-0.749664
534.508600	-0.281982
534.508700	-0.084839
534.508800	-0.027618
534.508900	-0.014038
534.509000	-0.007172
534.509100	0.002289
534.509200	0.003510
534.509300	0.006256
534.509400	0.003357
534.509500	0.006714
534.509600	0.004425
534.509700	0.007629
534.509800	0.029755
534.509900	0.151978
534.510000	0.465851
534.510100	0.848541
534.510200	1.027069
534.510300	0.845795
534.510400	0.279846
534.510500	-0.368347
534.510600	-0.851898
534.510700	-0.990143
534.510800	-0.729370
534.510900	-0.121307
534.511000	0.484161
534.511100	0.785980
534.511200	0.690308
534.511300	0.222321
534.511400	-0.336456
534.511500	-0.733643
534.511600	-0.856628
534.511700	-0.720978
534.511800	-0.417938
534.511900	-0.166473
534.512000	-0.035858
534.512100	-0.000610
534.512200	0.011292
534.512300	0.019684
534.512400	0.015717
534.512500	0.012360
534.512600	0.009155
534.512700	0.012512
534.512800	0.014496
534.512900	0.017395
534.513000	0.019836
534.513100	0.014801
534.513200	0.004730
534.513300	0.003357
534.513400	0.073090
534.513500	0.308075
534.513600	0.635529
534.513700	0.807037
534.513800	0.713043
534.513900	0.334320
534.514000	-0.054016
534.514100	-0.278320
534.514200	-0.374603
534.514300	-0.387268
534.514400	-0.368958
534.514500	-0.415039
534.514600	-0.459747
534.514700	-0.424347
534.514800	-0.277100
534.514900	-0.122070
534.515000	-0.037842
534.515100	-0.012207
534.515200	-0.005188
534.515300	-0.003510
534.515400	-0.002747
534.515500	-0.002594
534.515600	-0.000916
534.515700	-0.000610
534.515800	-0.000916
534.515900	-0.002899
534.516000	0.000610
534.516100	0.004730
534.516200	0.015411
534.516300	0.028839
534.516400	0.042725
534.516500	0.054016
534.516600	0.091705
534.516700	0.219879
534.516800	0.557861
534.516900	1.114502
534.517000	1.291962
534.517100	1.068420
534.517200	0.710449
534.517300	0.229950
534.517400	-0.267639
534.517500	-0.722351
534.517600	-1.107483
534.517700	-1.353455
534.517800	-1.211090
534.517900	-0.716705
534.518000	-0.294037
534.518100	-0.051422
534.518200	0.067139
534.518300	0.105896
534.518400	0.081177
534.518500	0.041199
534.518600	-0.006409
534.518700	-0.061951
534.518800	-0.098572
534.518900	-0.124969
534.519000	-0.132751
534.519100	-0.101013
534.519200	-0.050659
534.519300	-0.025330
534.519400	-0.009766
534.519500	-0.003357
534.519600	-0.001068
534.519700	-0.001984
534.519800	0.002747
534.519900	0.002441
534.520000	0.014038
534.520100	0.014648
534.520200	0.012054
534.520300	0.008850
534.520400	0.014343
534.520500	0.019073
534.520600	0.026093
534.520700	0.021973
534.520800	0.013733
534.520900	0.007629
534.521000	0.003967
534.521100	0.001831
534.521200	-0.001373
534.521300	-0.008850
534.521400	-0.013885
534.521500	-0.027313
534.521600	-0.053711
534.521700	-0.056305
534.521800	-0.039062
534.521900	-0.035706
534.522000	-0.032196
534.522100	-0.025024
534.522200	-0.015717
534.522300	-0.010223
534.522400	-0.014496
534.522500	-0.009613
534.522600	-0.004730
534.522700	-0.000916
534.522800	0.007782
534.522900	0.015106
534.523000	0.013275
534.523100	0.010071
534.523200	0.009918
534.523300	0.005798
534.523400	-0.001221
534.523500	-0.005493
534.523600	-0.011139
534.523700	-0.014343
534.523800	-0.012970
534.523900	-0.015411
534.524000	-0.004120
534.524100	0.000610
534.524200	0.047913
534.524300	0.197144
534.524400	0.428467
534.524500	0.559692
534.524600	0.488281
534.524700	0.200958
534.524800	-0.183105
534.524900	-0.489655
534.525000	-0.614777
534.525100	-0.518188
534.525200	-0.278931
534.525300	-0.069427
534.525400	0.049133
534.525500	0.206604
534.525600	0.515747
534.525700	0.823822
534.525800	0.910034
534.525900	0.715179
534.526000	0.253143
534.526100	-0.258942
534.526200	-0.716705
534.526300	-0.942688
534.526400	-0.886688
534.526500	-0.601959
534.526600	-0.299225
534.526700	-0.109558
534.526800	-0.037079
534.526900	-0.012054
534.527000	-0.004425
534.527100	-0.009613
534.527200	-0.012360
534.527300	-0.019531
534.527400	-0.013580
534.527500	-0.009613
534.527600	0.006409
534.527700	0.083008
534.527800	0.316467
534.527900	0.664215
534.528000	0.925293
