494.845700	0.043793
494.845800	0.029449
494.845900	0.032501
494.846000	0.042114
494.846100	0.044708
494.846200	0.052795
494.846300	0.059509
494.846400	0.069427
494.846500	0.077820
494.846600	0.089264
494.846700	0.097504
494.846800	0.098724
494.846900	0.092163
494.847000	0.075378
494.847100	0.068512
494.847200	0.057220
494.847300	0.065002
494.847400	0.078278
494.847500	0.090027
494.847600	0.088654
494.847700	0.076294
494.847800	0.061798
494.847900	0.050049
494.848000	0.043488
494.848100	0.043640
494.848200	0.054932
494.848300	0.065002
494.848400	0.075226
494.848500	0.086975
494.848600	0.093994
494.848700	0.092163
494.848800	0.091858
494.848900	0.080872
494.849000	0.064697
494.849100	0.057831
494.849200	0.066681
494.849300	0.078430
494.849400	0.128479
494.849500	0.252075
494.849600	0.413666
494.849700	0.520477
494.849800	0.526886
494.849900	0.358582
494.850000	0.041351
494.850100	-0.254669
494.850200	-0.401764
494.850300	-0.404053
494.850400	-0.296021
494.850500	-0.121765
494.850600	-0.001221
494.850700	0.052490
494.850800	0.075226
494.850900	0.090942
494.851000	0.110626
494.851100	0.123596
494.851200	0.126038
494.851300	0.121460
494.851400	0.096130
494.851500	0.049438
494.851600	0.024261
494.851700	0.013885
494.851800	0.007935
494.851900	0.056152
494.852000	0.168457
494.852100	0.317078
494.852200	0.449371
494.852300	0.467834
494.852400	0.398712
494.852500	0.267792
494.852600	0.101166
494.852700	-0.066223
494.852800	-0.217438
494.852900	-0.318298
494.853000	-0.338440
494.853100	-0.258789
494.853200	-0.112152
494.853300	-0.010681
494.853400	0.039673
494.853500	0.068359
494.853600	0.083313
494.853700	0.076904
494.853800	0.065002
494.853900	0.055542
494.854000	0.046387
494.854100	0.046997
494.854200	0.037842
494.854300	0.040588
494.854400	0.052948
494.854500	0.069427
494.854600	0.127106
494.854700	0.289001
494.854800	0.638885
494.854900	1.179047
494.855000	1.699066
494.855100	1.963806
494.855200	1.902466
494.855300	1.501160
494.855400	0.833588
494.855500	0.057526
494.855600	-0.725098
494.855700	-1.419678
494.855800	-1.851807
494.855900	-1.908264
494.856000	-1.661072
494.856100	-1.232758
494.856200	-0.718231
494.856300	-0.307007
494.856400	-0.074158
494.856500	0.072479
494.856600	0.274048
494.856700	0.655518
494.856800	1.188354
494.856900	1.529388
494.857000	1.616516
494.857100	1.421509
494.857200	0.818939
494.857300	0.024719
494.857400	-0.795898
494.857500	-1.183319
494.857600	-1.470947
494.857700	-1.367645
494.857800	-1.121368
494.857900	-0.545044
494.858000	-0.227356
494.858100	-0.066376
494.858200	0.014191
494.858300	0.039673
494.858400	0.056305
494.858500	0.067444
494.858600	0.073700
494.858700	0.084381
494.858800	0.106506
494.858900	0.173645
494.859000	0.327301
494.859100	0.614777
494.859200	0.934296
494.859300	1.104431
494.859400	1.053314
494.859500	0.763702
494.859600	0.291748
494.859700	-0.241699
494.859800	-0.705109
494.859900	-0.950317
494.860000	-0.964813
494.860100	-0.787354
494.860200	-0.462952
494.860300	-0.173645
494.860400	0.001373
494.860500	0.073700
494.860600	0.097961
494.860700	0.100861
494.860800	0.098419
494.860900	0.096436
494.861000	0.088348
494.861100	0.077667
494.861200	0.071869
494.861300	0.073547
494.861400	0.071869
494.861500	0.073242
494.861600	0.073547
494.861700	0.082397
494.861800	0.090332
494.861900	0.093079
494.862000	0.093079
494.862100	0.083008
494.862200	0.079651
494.862300	0.083618
494.862400	0.085754
494.862500	0.086060
494.862600	0.082397
494.862700	0.079193
494.862800	0.072937
494.862900	0.075226
494.863000	0.074158
494.863100	0.069733
494.863200	0.067291
494.863300	0.080566
494.863400	0.083618
494.863500	0.086212
494.863600	0.085144
494.863700	0.086212
494.863800	0.086365
494.863900	0.082245
494.864000	0.079498
494.864100	0.080414
494.864200	0.075836
494.864300	0.076752
494.864400	0.072479
494.864500	0.078735
494.864600	0.089264
494.864700	0.093536
494.864800	0.130920
494.864900	0.210876
494.865000	0.347595
494.865100	0.445251
494.865200	0.449677
494.865300	0.365906
494.865400	0.195923
494.865500	-0.007477
494.865600	-0.187988
494.865700	-0.287781
494.865800	-0.298004
494.865900	-0.211182
494.866000	-0.084839
494.866100	0.006256
494.866200	0.042877
494.866300	0.053864
494.866400	0.055695
494.866500	0.097809
494.866600	0.245972
494.866700	0.551300
494.866800	0.929565
494.866900	1.185150
494.867000	1.332092
494.867100	1.154938
494.867200	0.489349
494.867300	-0.340424
494.867400	-0.908508
494.867500	-1.103210
494.867600	-1.053619
494.867700	-0.745392
494.867800	-0.074310
494.867900	0.392609
494.868000	0.708923
494.868100	1.053619
494.868200	1.316986
494.868300	1.305084
494.868400	0.975037
494.868500	0.256042
494.868600	-0.597839
494.868700	-1.175385
494.868800	-1.607819
494.868900	-1.457214
494.869000	-1.197815
494.869100	-0.573578
494.869200	-0.201263
494.869300	-0.021667
494.869400	0.032806
494.869500	0.046692
494.869600	0.058899
494.869700	0.082550
494.869800	0.105743
494.869900	0.126648
494.870000	0.139008
494.870100	0.142517
494.870200	0.130463
494.870300	0.105896
494.870400	0.076447
494.870500	0.066681
494.870600	0.134277
494.870700	0.285950
494.870800	0.416870
494.870900	0.437012
494.871000	0.365448
494.871100	0.208740
494.871200	0.041504
494.871300	-0.040894
494.871400	0.096588
494.871500	0.469666
494.871600	0.914612
494.871700	1.149445
494.871800	1.060944
494.871900	0.601196
494.872000	-0.123901
494.872100	-0.803375
494.872200	-1.180267
494.872300	-1.336212
494.872400	-1.198120
494.872500	-0.672760
494.872600	-0.226440
494.872700	0.035553
494.872800	0.152130
494.872900	0.180969
494.873000	0.191040
494.873100	0.161438
494.873200	0.117950
494.873300	0.079193
494.873400	0.056915
494.873500	0.092316
494.873600	0.172729
494.873700	0.217743
494.873800	0.244446
494.873900	0.233307
494.874000	0.142822
494.874100	0.032654
494.874200	-0.070190
494.874300	-0.104675
494.874400	-0.095520
494.874500	-0.070038
494.874600	-0.018768
494.874700	0.031891
494.874800	0.057983
494.874900	0.085144
494.875000	0.121307
494.875100	0.150909
494.875200	0.171814
494.875300	0.174561
494.875400	0.150757
494.875500	0.105743
494.875600	0.055847
494.875700	0.005035
494.875800	-0.018921
494.875900	-0.010223
494.876000	0.013733
494.876100	0.046692
494.876200	0.070190
494.876300	0.081482
494.876400	0.091248
494.876500	0.095367
494.876600	0.094299
494.876700	0.087280
494.876800	0.084534
494.876900	0.079346
494.877000	0.079346
494.877100	0.079803
494.877200	0.083008
494.877300	0.085297
494.877400	0.092316
494.877500	0.097046
494.877600	0.094910
494.877700	0.094604
494.877800	0.100250
494.877900	0.096893
494.878000	0.096893
494.878100	0.090485
494.878200	0.094910
494.878300	0.092163
494.878400	0.089111
494.878500	0.090942
494.878600	0.090332
494.878700	0.094910
494.878800	0.106812
494.878900	0.121155
494.879000	0.131531
494.879100	0.134430
494.879200	0.142059
494.879300	0.127106
494.879400	0.095215
494.879500	0.063019
494.879600	0.039215
494.879700	0.030060
494.879800	0.028992
494.879900	0.039368
494.880000	0.046539
494.880100	0.059662
494.880200	0.079956
494.880300	0.100861
494.880400	0.135803
494.880500	0.159607
494.880600	0.157013
494.880700	0.146637
494.880800	0.137634
494.880900	0.124207
494.881000	0.112762
494.881100	0.102692
494.881200	0.093231
494.881300	0.049286
494.881400	0.041046
494.881500	0.037689
494.881600	0.029755
494.881700	0.034790
494.881800	0.042572
494.881900	0.060883
494.882000	0.081482
494.882100	0.113373
494.882200	0.111694
494.882300	0.078888
494.882400	0.035248
494.882500	0.010529
494.882600	0.017700
494.882700	0.036469
494.882800	0.058899
494.882900	0.079041
494.883000	0.084686
494.883100	0.086517
494.883200	0.093689
494.883300	0.132599
494.883400	0.219421
494.883500	0.405426
494.883600	0.684509
494.883700	0.940552
494.883800	1.028900
494.883900	0.879364
494.884000	0.447693
494.884100	-0.137787
494.884200	-0.675659
494.884300	-0.939484
494.884400	-0.947723
494.884500	-0.741730
494.884600	-0.405731
494.884700	-0.126038
494.884800	0.019379
494.884900	0.071411
494.885000	0.080566
494.885100	0.063019
494.885200	0.057068
494.885300	0.043182
494.885400	0.048370
494.885500	0.045471
494.885600	0.063629
494.885700	0.075073
494.885800	0.083008
494.885900	0.097504
494.886000	0.104218
494.886100	0.109253
494.886200	0.112610
494.886300	0.122833
494.886400	0.137634
494.886500	0.144806
494.886600	0.136871
494.886700	0.127258
494.886800	0.097809
494.886900	0.052643
494.887000	0.033264
494.887100	0.033264
494.887200	0.030060
494.887300	0.047302
494.887400	0.070190
494.887500	0.081177
494.887600	0.080261
494.887700	0.069122
494.887800	0.061340
494.887900	0.057373
494.888000	0.046387
494.888100	0.048370
494.888200	0.058899
494.888300	0.064545
494.888400	0.072174
494.888500	0.074615
494.888600	0.074615
494.888700	0.076141
494.888800	0.080414
494.888900	0.088501
494.889000	0.083008
494.889100	0.079041
494.889200	0.082550
494.889300	0.078735
494.889400	0.076904
494.889500	0.070343
494.889600	0.070801
494.889700	0.071869
494.889800	0.071259
494.889900	0.075684
494.890000	0.072784
494.890100	0.070801
494.890200	0.069427
494.890300	0.068817
494.890400	0.071411
494.890500	0.069580
494.890600	0.066833
494.890700	0.072174
494.890800	0.073090
494.890900	0.079041
494.891000	0.080261
494.891100	0.082092
494.891200	0.081940
494.891300	0.070801
494.891400	0.072174
494.891500	0.079498
494.891600	0.089264
494.891700	0.092621
494.891800	0.099792
494.891900	0.110321
494.892000	0.107422
494.892100	0.089111
494.892200	0.068207
494.892300	0.050659
494.892400	0.049133
494.892500	0.068512
494.892600	0.132446
494.892700	0.279236
494.892800	0.475311
494.892900	0.583649
494.893000	0.561981
494.893100	0.426178
494.893200	0.202179
494.893300	-0.038757
494.893400	-0.268250
494.893500	-0.417175
494.893600	-0.449524
494.893700	-0.331268
494.893800	-0.119476
494.893900	0.057220
494.894000	0.137329
494.894100	0.138550
494.894200	0.097961
494.894300	0.035706
494.894400	-0.008698
494.894500	-0.034943
494.894600	-0.028076
494.894700	-0.018921
494.894800	0.005493
494.894900	0.031586
494.895000	0.055542
494.895100	0.066223
494.895200	0.077057
494.895300	0.087280
494.895400	0.083160
494.895500	0.084534
494.895600	0.091705
494.895700	0.101318
494.895800	0.103607
494.895900	0.099182
494.896000	0.120392
494.896100	0.201874
494.896200	0.386353
494.896300	0.542755
494.896400	0.656891
494.896500	0.745544
494.896600	0.727234
494.896700	0.854492
494.896800	1.070709
494.896900	1.073151
494.897000	1.077881
494.897100	0.900269
494.897200	0.280609
494.897300	-0.507660
494.897400	-1.163635
494.897500	-1.564331
494.897600	-1.532288
494.897700	-1.431732
494.897800	-1.184692
494.897900	-0.483398
494.898000	-0.134735
494.898100	0.018616
494.898200	0.063477
494.898300	0.075226
494.898400	0.076599
494.898500	0.081177
494.898600	0.079041
494.898700	0.080872
494.898800	0.079803
494.898900	0.084991
494.899000	0.085449
494.899100	0.090637
494.899200	0.100250
