558.589700	-0.126648
558.589800	-0.131989
558.589900	-0.129700
558.590000	-0.130768
558.590100	-0.126953
558.590200	-0.126495
558.590300	-0.131836
558.590400	-0.133362
558.590500	-0.129089
558.590600	-0.127411
558.590700	-0.129852
558.590800	-0.130920
558.590900	-0.132599
558.591000	-0.133972
558.591100	-0.128479
558.591200	-0.131226
558.591300	-0.131073
558.591400	-0.130463
558.591500	-0.134583
558.591600	-0.135193
558.591700	-0.134125
558.591800	-0.133362
558.591900	-0.134735
558.592000	-0.133667
558.592100	-0.132599
558.592200	-0.131073
558.592300	-0.126038
558.592400	-0.126190
558.592500	-0.124207
558.592600	-0.124207
558.592700	-0.123291
558.592800	-0.122070
558.592900	-0.125732
558.593000	-0.125732
558.593100	-0.120239
558.593200	-0.123596
558.593300	-0.120239
558.593400	-0.122681
558.593500	-0.119171
558.593600	-0.126801
558.593700	-0.121918
558.593800	-0.123291
558.593900	-0.125275
558.594000	-0.127869
558.594100	-0.128326
558.594200	-0.126801
558.594300	-0.124054
558.594400	-0.125732
558.594500	-0.128326
558.594600	-0.119476
558.594700	-0.126648
558.594800	-0.122681
558.594900	-0.126801
558.595000	-0.126343
558.595100	-0.125580
558.595200	-0.127563
558.595300	-0.129395
558.595400	-0.122070
558.595500	-0.120850
558.595600	-0.121002
558.595700	-0.127563
558.595800	-0.125275
558.595900	-0.124817
558.596000	-0.124207
558.596100	-0.121918
558.596200	-0.127411
558.596300	-0.121155
558.596400	-0.121307
558.596500	-0.125427
558.596600	-0.121613
558.596700	-0.119171
558.596800	-0.121307
558.596900	-0.122223
558.597000	-0.119629
558.597100	-0.126190
558.597200	-0.123749
558.597300	-0.119324
558.597400	-0.114899
558.597500	-0.122223
558.597600	-0.113220
558.597700	-0.113983
558.597800	-0.116577
558.597900	-0.119629
558.598000	-0.115509
558.598100	-0.119934
558.598200	-0.120392
558.598300	-0.119476
558.598400	-0.120239
558.598500	-0.123138
558.598600	-0.119629
558.598700	-0.121765
558.598800	-0.126495
558.598900	-0.123749
558.599000	-0.122833
558.599100	-0.119019
558.599200	-0.120087
558.599300	-0.113678
558.599400	-0.112000
558.599500	-0.112762
558.599600	-0.110931
558.599700	-0.119934
558.599800	-0.123138
558.599900	-0.111694
558.600000	-0.110626
558.600100	-0.116577
558.600200	-0.117187
558.600300	-0.114746
558.600400	-0.115662
558.600500	-0.119019
558.600600	-0.119629
558.600700	-0.120087
558.600800	-0.118713
558.600900	-0.119019
558.601000	-0.114746
558.601100	-0.122833
558.601200	-0.124512
558.601300	-0.119324
558.601400	-0.114899
558.601500	-0.128174
558.601600	-0.117950
558.601700	-0.118256
558.601800	-0.118103
558.601900	-0.122375
558.602000	-0.122681
558.602100	-0.121460
558.602200	-0.120392
558.602300	-0.121155
558.602400	-0.115814
558.602500	-0.112305
558.602600	-0.113373
558.602700	-0.115051
558.602800	-0.116882
558.602900	-0.121307
558.603000	-0.118103
558.603100	-0.115814
558.603200	-0.119629
558.603300	-0.123291
558.603400	-0.115204
558.603500	-0.121613
558.603600	-0.118713
558.603700	-0.122223
558.603800	-0.121918
558.603900	-0.122986
558.604000	-0.121002
558.604100	-0.126038
558.604200	-0.119629
558.604300	-0.125885
558.604400	-0.125427
558.604500	-0.120239
558.604600	-0.122986
558.604700	-0.118866
558.604800	-0.123749
558.604900	-0.120392
558.605000	-0.120544
558.605100	-0.120392
558.605200	-0.121918
558.605300	-0.121307
558.605400	-0.118408
558.605500	-0.124359
558.605600	-0.125275
558.605700	-0.122833
558.605800	-0.126343
558.605900	-0.120850
558.606000	-0.122375
558.606100	-0.125580
558.606200	-0.119324
558.606300	-0.120850
558.606400	-0.120239
558.606500	-0.121765
558.606600	-0.121918
558.606700	-0.124817
558.606800	-0.120697
558.606900	-0.122986
558.607000	-0.121307
558.607100	-0.115662
558.607200	-0.121002
558.607300	-0.122681
558.607400	-0.111084
558.607500	-0.113525
558.607600	-0.111694
558.607700	-0.115051
558.607800	-0.119629
558.607900	-0.130310
558.608000	-0.121765
558.608100	-0.121155
558.608200	-0.122223
558.608300	-0.125122
558.608400	-0.119019
558.608500	-0.123444
558.608600	-0.120087
558.608700	-0.123444
558.608800	-0.119934
558.608900	-0.113831
558.609000	-0.122833
558.609100	-0.124207
558.609200	-0.127869
558.609300	-0.123138
558.609400	-0.126343
558.609500	-0.123138
558.609600	-0.122528
558.609700	-0.123596
558.609800	-0.121765
558.609900	-0.126343
558.610000	-0.119476
558.610100	-0.131683
558.610200	-0.129700
558.610300	-0.127716
558.610400	-0.125732
558.610500	-0.124359
558.610600	-0.125732
558.610700	-0.124207
558.610800	-0.126038
558.610900	-0.129089
558.611000	-0.123901
558.611100	-0.124817
558.611200	-0.126648
558.611300	-0.130920
558.611400	-0.123749
558.611500	-0.121155
558.611600	-0.125275
558.611700	-0.120087
558.611800	-0.127563
558.611900	-0.126343
558.612000	-0.121613
558.612100	-0.120087
558.612200	-0.117340
558.612300	-0.117950
558.612400	-0.122070
558.612500	-0.124512
558.612600	-0.121155
558.612700	-0.120850
558.612800	-0.123596
558.612900	-0.124359
558.613000	-0.125580
558.613100	-0.126038
558.613200	-0.117035
558.613300	-0.124207
558.613400	-0.123749
558.613500	-0.125885
558.613600	-0.127563
558.613700	-0.129089
558.613800	-0.123291
558.613900	-0.122681
558.614000	-0.121460
558.614100	-0.120087
558.614200	-0.121307
558.614300	-0.119476
558.614400	-0.118713
558.614500	-0.123596
558.614600	-0.124512
558.614700	-0.129395
558.614800	-0.122528
558.614900	-0.127258
558.615000	-0.123138
558.615100	-0.120392
558.615200	-0.120087
558.615300	-0.120239
558.615400	-0.119324
558.615500	-0.119476
558.615600	-0.113373
558.615700	-0.119019
558.615800	-0.121918
558.615900	-0.119934
558.616000	-0.121918
558.616100	-0.119629
558.616200	-0.121460
558.616300	-0.121002
558.616400	-0.118713
558.616500	-0.118103
558.616600	-0.118408
558.616700	-0.115051
558.616800	-0.116882
558.616900	-0.119934
558.617000	-0.112610
558.617100	-0.112915
558.617200	-0.114746
558.617300	-0.115051
558.617400	-0.115967
558.617500	-0.112915
558.617600	-0.120850
558.617700	-0.126801
558.617800	-0.122833
558.617900	-0.119476
558.618000	-0.118408
558.618100	-0.121765
558.618200	-0.124054
558.618300	-0.121460
558.618400	-0.115967
558.618500	-0.122681
558.618600	-0.122986
558.618700	-0.118561
558.618800	-0.125122
558.618900	-0.126801
558.619000	-0.120392
558.619100	-0.121460
558.619200	-0.125122
558.619300	-0.124664
558.619400	-0.124512
558.619500	-0.118103
558.619600	-0.111694
558.619700	-0.115662
558.619800	-0.116577
558.619900	-0.122986
558.620000	-0.122070
558.620100	-0.114441
558.620200	-0.119476
558.620300	-0.120087
558.620400	-0.127563
558.620500	-0.118866
558.620600	-0.120392
558.620700	-0.121155
558.620800	-0.118713
558.620900	-0.120087
558.621000	-0.118256
558.621100	-0.119019
558.621200	-0.122986
558.621300	-0.124512
558.621400	-0.120392
558.621500	-0.117493
558.621600	-0.131531
558.621700	-0.125580
558.621800	-0.128784
558.621900	-0.130615
558.622000	-0.132446
558.622100	-0.126801
558.622200	-0.122070
558.622300	-0.115814
558.622400	-0.117340
558.622500	-0.122070
558.622600	-0.122223
558.622700	-0.117187
558.622800	-0.116730
558.622900	-0.126190
558.623000	-0.123291
558.623100	-0.119019
558.623200	-0.123138
558.623300	-0.123291
558.623400	-0.122070
558.623500	-0.128326
558.623600	-0.119324
558.623700	-0.113373
558.623800	-0.118103
558.623900	-0.121460
558.624000	-0.124969
558.624100	-0.123749
558.624200	-0.127869
558.624300	-0.124817
558.624400	-0.122223
558.624500	-0.131378
558.624600	-0.129395
558.624700	-0.129700
558.624800	-0.126953
558.624900	-0.127563
558.625000	-0.132294
558.625100	-0.131989
558.625200	-0.125885
558.625300	-0.128937
558.625400	-0.126343
558.625500	-0.126801
558.625600	-0.129852
558.625700	-0.130920
558.625800	-0.125580
558.625900	-0.130463
558.626000	-0.127106
558.626100	-0.128632
558.626200	-0.127563
558.626300	-0.127106
558.626400	-0.124207
558.626500	-0.132904
558.626600	-0.124359
558.626700	-0.119171
558.626800	-0.116425
558.626900	-0.124359
558.627000	-0.129089
558.627100	-0.121002
558.627200	-0.124512
558.627300	-0.125427
558.627400	-0.124664
558.627500	-0.120850
558.627600	-0.123749
558.627700	-0.124817
558.627800	-0.124817
558.627900	-0.124512
558.628000	-0.119934
558.628100	-0.124512
558.628200	-0.127869
558.628300	-0.127716
558.628400	-0.116730
558.628500	-0.122986
558.628600	-0.121765
558.628700	-0.119629
558.628800	-0.119171
558.628900	-0.124359
558.629000	-0.122070
558.629100	-0.126801
558.629200	-0.122833
558.629300	-0.124054
558.629400	-0.122986
558.629500	-0.128632
558.629600	-0.123444
558.629700	-0.122833
558.629800	-0.119781
558.629900	-0.130463
558.630000	-0.125427
558.630100	-0.126343
558.630200	-0.123901
558.630300	-0.127106
558.630400	-0.127258
558.630500	-0.125885
558.630600	-0.126953
558.630700	-0.122833
558.630800	-0.124359
558.630900	-0.127869
558.631000	-0.127563
558.631100	-0.132446
558.631200	-0.129852
558.631300	-0.134430
558.631400	-0.125580
558.631500	-0.118103
558.631600	-0.112610
558.631700	-0.115814
558.631800	-0.116272
558.631900	-0.124207
558.632000	-0.119324
558.632100	-0.126953
558.632200	-0.126038
558.632300	-0.121307
558.632400	-0.118103
558.632500	-0.118103
558.632600	-0.122681
558.632700	-0.121765
558.632800	-0.116882
558.632900	-0.113983
558.633000	-0.121002
558.633100	-0.120239
558.633200	-0.118408
558.633300	-0.121460
558.633400	-0.119476
558.633500	-0.120697
558.633600	-0.123596
558.633700	-0.128937
558.633800	-0.124054
558.633900	-0.126038
558.634000	-0.120544
558.634100	-0.120392
558.634200	-0.118866
558.634300	-0.122833
558.634400	-0.116577
558.634500	-0.113983
558.634600	-0.110168
558.634700	-0.118866
558.634800	-0.111694
558.634900	-0.119476
558.635000	-0.118256
558.635100	-0.119019
558.635200	-0.112610
558.635300	-0.121918
558.635400	-0.121155
558.635500	-0.116577
558.635600	-0.115509
558.635700	-0.125732
558.635800	-0.121613
558.635900	-0.122223
558.636000	-0.124207
558.636100	-0.123138
558.636200	-0.122681
558.636300	-0.117645
558.636400	-0.117035
558.636500	-0.113983
558.636600	-0.111389
558.636700	-0.112000
558.636800	-0.114594
558.636900	-0.117187
558.637000	-0.118408
558.637100	-0.114899
558.637200	-0.115662
558.637300	-0.116577
558.637400	-0.116577
558.637500	-0.114899
558.637600	-0.115662
558.637700	-0.117340
558.637800	-0.117187
558.637900	-0.115356
558.638000	-0.113068
558.638100	-0.114899
558.638200	-0.114136
558.638300	-0.113220
558.638400	-0.112152
558.638500	-0.118713
558.638600	-0.119781
558.638700	-0.120392
558.638800	-0.122986
558.638900	-0.117493
558.639000	-0.119019
558.639100	-0.118408
558.639200	-0.116272
558.639300	-0.118866
558.639400	-0.118408
558.639500	-0.116730
558.639600	-0.123596
558.639700	-0.123291
558.639800	-0.114746
558.639900	-0.117950
558.640000	-0.118103
558.640100	-0.117340
558.640200	-0.115051
558.640300	-0.117493
558.640400	-0.115662
558.640500	-0.120850
558.640600	-0.117035
558.640700	-0.120087
558.640800	-0.114746
558.640900	-0.115662
558.641000	-0.117950
558.641100	-0.115051
558.641200	-0.111542
558.641300	-0.115051
558.641400	-0.116272
558.641500	-0.120544
558.641600	-0.116425
558.641700	-0.124969
558.641800	-0.129547
558.641900	-0.123901
558.642000	-0.121155
558.642100	-0.124207
558.642200	-0.129395
558.642300	-0.124207
558.642400	-0.126495
558.642500	-0.130463
558.642600	-0.129700
558.642700	-0.131378
558.642800	-0.130615
558.642900	-0.126190
558.643000	-0.125732
558.643100	-0.127411
558.643200	-0.128174
