497.764100	0.323029
497.764200	0.043488
497.764300	-0.229797
497.764400	-0.455322
497.764500	-0.649109
497.764600	-0.798492
497.764700	-0.817719
497.764800	-0.541992
497.764900	-0.278320
497.765000	-0.097961
497.765100	-0.020142
497.765200	0.005646
497.765300	0.005188
497.765400	0.002747
497.765500	0.002899
497.765600	0.008240
497.765700	0.021362
497.765800	0.059052
497.765900	0.133209
497.766000	0.183563
497.766100	0.209656
497.766200	0.158844
497.766300	0.039062
497.766400	-0.091553
497.766500	-0.156097
497.766600	-0.168152
497.766700	-0.141754
497.766800	-0.071564
497.766900	-0.013733
497.767000	0.013275
497.767100	0.023499
497.767200	0.028076
497.767300	0.028534
497.767400	0.022583
497.767500	0.017090
497.767600	0.010681
497.767700	0.002441
497.767800	-0.002899
497.767900	-0.009460
497.768000	-0.012360
497.768100	-0.008850
497.768200	-0.005646
497.768300	-0.001526
497.768400	0.000153
497.768500	-0.004730
497.768600	0.001068
497.768700	0.000916
497.768800	0.003967
497.768900	0.009918
497.769000	0.020752
497.769100	0.023041
497.769200	0.017700
497.769300	0.017090
497.769400	0.008087
497.769500	-0.021515
497.769600	-0.032959
497.769700	-0.033264
497.769800	-0.030365
497.769900	-0.027466
497.770000	-0.018616
497.770100	-0.012512
497.770200	-0.006104
497.770300	-0.010986
497.770400	-0.016174
497.770500	-0.015869
497.770600	-0.014801
497.770700	-0.019684
497.770800	-0.015717
497.770900	-0.013428
497.771000	-0.009003
497.771100	-0.009155
497.771200	-0.003510
497.771300	-0.001068
497.771400	-0.003662
497.771500	-0.008240
497.771600	-0.010681
497.771700	-0.010834
497.771800	-0.008698
497.771900	-0.005493
497.772000	-0.006561
497.772100	-0.002136
497.772200	0.003967
497.772300	0.003662
497.772400	0.006104
497.772500	0.003967
497.772600	-0.003204
497.772700	-0.016327
497.772800	-0.019836
497.772900	-0.027161
497.773000	-0.018768
497.773100	-0.017548
497.773200	-0.016632
497.773300	-0.011444
497.773400	-0.011444
497.773500	-0.025635
497.773600	-0.015564
497.773700	0.074310
497.773800	0.334625
497.773900	0.858612
497.774000	1.291351
497.774100	1.479645
497.774200	1.443787
497.774300	0.856934
497.774400	-0.002747
497.774500	-0.868530
497.774600	-1.454773
497.774700	-1.655731
497.774800	-1.597595
497.774900	-1.201782
497.775000	-0.621185
497.775100	-0.278778
497.775200	-0.088348
497.775300	-0.009308
497.775400	0.013580
497.775500	0.014343
497.775600	0.013580
497.775700	0.001831
497.775800	-0.015259
497.775900	-0.019989
497.776000	-0.027618
497.776100	-0.020447
497.776200	-0.014496
497.776300	-0.009613
497.776400	-0.004272
497.776500	-0.002136
497.776600	0.001068
497.776700	-0.004272
497.776800	-0.007324
497.776900	-0.005188
497.777000	-0.005798
497.777100	-0.008087
497.777200	-0.012360
497.777300	-0.016632
497.777400	-0.014801
497.777500	-0.017395
497.777600	-0.021667
497.777700	-0.015259
497.777800	-0.017548
497.777900	-0.016327
497.778000	-0.009460
497.778100	-0.004883
497.778200	0.001221
497.778300	0.003967
497.778400	0.006409
497.778500	0.010223
497.778600	0.006866
497.778700	0.009155
497.778800	0.005493
497.778900	-0.004730
497.779000	-0.004120
497.779100	-0.008392
497.779200	-0.008698
497.779300	-0.011139
497.779400	-0.001831
497.779500	0.018921
497.779600	0.034027
497.779700	0.031281
497.779800	0.011444
497.779900	-0.012665
497.780000	-0.041199
497.780100	-0.064850
497.780200	-0.074005
497.780300	-0.075684
497.780400	-0.047455
497.780500	-0.019836
497.780600	-0.005188
497.780700	0.001373
497.780800	0.005035
497.780900	-0.005646
497.781000	-0.011902
497.781100	-0.010529
497.781200	-0.015564
497.781300	-0.022278
497.781400	-0.022736
497.781500	-0.015259
497.781600	-0.015411
497.781700	-0.012970
497.781800	-0.015869
497.781900	-0.013275
497.782000	-0.021210
497.782100	-0.016479
497.782200	-0.011139
497.782300	-0.005341
497.782400	-0.007782
497.782500	-0.005646
497.782600	-0.010071
497.782700	-0.014496
497.782800	-0.012512
497.782900	-0.010986
497.783000	-0.014496
497.783100	-0.014801
497.783200	-0.014343
497.783300	-0.009766
497.783400	-0.006409
497.783500	0.015259
497.783600	0.041199
497.783700	0.052490
497.783800	0.052185
497.783900	0.035400
497.784000	-0.012054
497.784100	-0.054016
497.784200	-0.072632
497.784300	-0.073395
497.784400	-0.059509
497.784500	-0.038910
497.784600	-0.022583
497.784700	-0.021362
497.784800	-0.027008
497.784900	-0.023651
497.785000	-0.022278
497.785100	-0.021210
497.785200	-0.020447
497.785300	-0.021515
497.785400	-0.017700
497.785500	-0.010223
497.785600	-0.008698
497.785700	-0.006104
497.785800	-0.009308
497.785900	-0.009308
497.786000	-0.019684
497.786100	-0.021515
497.786200	-0.021515
497.786300	-0.022125
497.786400	-0.019836
497.786500	-0.018768
497.786600	-0.016785
497.786700	-0.011597
497.786800	-0.000458
497.786900	0.060883
497.787000	0.220184
497.787100	0.496063
497.787200	0.737915
497.787300	0.810852
497.787400	0.652771
497.787500	0.245819
497.787600	-0.225525
497.787700	-0.620422
497.787800	-0.823669
497.787900	-0.818176
497.788000	-0.626831
497.788100	-0.364380
497.788200	-0.157928
497.788300	-0.047455
497.788400	-0.019836
497.788500	-0.020142
497.788600	-0.025940
497.788700	-0.027313
497.788800	-0.031281
497.788900	-0.031128
497.789000	-0.025177
497.789100	-0.026855
497.789200	-0.026855
497.789300	-0.021362
497.789400	-0.025024
497.789500	-0.024261
497.789600	-0.022430
497.789700	-0.024109
497.789800	-0.022278
497.789900	-0.021820
497.790000	-0.015564
497.790100	-0.010376
497.790200	-0.016479
497.790300	-0.009155
497.790400	-0.014343
497.790500	-0.018921
497.790600	-0.016785
497.790700	-0.016937
497.790800	-0.014343
497.790900	0.000763
497.791000	0.037842
497.791100	0.067902
497.791200	0.080872
497.791300	0.058594
497.791400	-0.021057
497.791500	-0.099792
497.791600	-0.140381
497.791700	-0.147858
497.791800	-0.129700
497.791900	-0.086060
497.792000	-0.053711
497.792100	-0.036011
497.792200	-0.031433
497.792300	-0.029907
497.792400	-0.030975
497.792500	-0.028839
497.792600	-0.023499
497.792700	-0.020905
497.792800	-0.016479
497.792900	-0.020752
497.793000	-0.012817
497.793100	-0.027313
497.793200	-0.019836
497.793300	-0.013428
497.793400	-0.002289
497.793500	0.005646
497.793600	0.008392
497.793700	0.009308
497.793800	0.004120
497.793900	-0.011597
497.794000	-0.021820
497.794100	-0.032654
497.794200	-0.032349
497.794300	-0.031891
497.794400	-0.036316
497.794500	-0.044556
497.794600	-0.049438
497.794700	-0.052185
497.794800	-0.051422
497.794900	-0.045776
497.795000	-0.038757
497.795100	-0.031738
497.795200	-0.021973
497.795300	-0.022430
497.795400	-0.021820
497.795500	-0.019836
497.795600	-0.023651
497.795700	-0.024872
497.795800	-0.022583
497.795900	-0.022125
497.796000	-0.016785
497.796100	-0.018616
497.796200	-0.012512
497.796300	-0.013123
497.796400	-0.011749
497.796500	-0.010529
497.796600	-0.010376
497.796700	-0.015259
497.796800	-0.019379
497.796900	-0.012207
497.797000	-0.017395
497.797100	-0.023346
497.797200	-0.028381
497.797300	-0.032196
497.797400	-0.030823
497.797500	-0.028381
497.797600	-0.035706
497.797700	-0.032196
497.797800	-0.028839
497.797900	-0.028839
497.798000	-0.026703
497.798100	-0.021973
497.798200	-0.017700
497.798300	-0.012054
497.798400	-0.012665
497.798500	-0.013275
497.798600	-0.018158
497.798700	-0.026245
497.798800	-0.025635
497.798900	-0.023346
497.799000	-0.025177
497.799100	-0.025330
497.799200	-0.018616
497.799300	-0.012970
497.799400	-0.013885
497.799500	-0.011444
497.799600	-0.010529
497.799700	-0.012665
497.799800	-0.013123
497.799900	-0.012970
497.800000	-0.013885
497.800100	-0.012360
497.800200	-0.013580
497.800300	-0.008698
497.800400	-0.004578
497.800500	-0.014954
497.800600	-0.011292
497.800700	-0.017853
497.800800	-0.020599
497.800900	-0.023956
497.801000	-0.012970
497.801100	-0.013123
497.801200	-0.017700
497.801300	-0.016479
497.801400	-0.010681
497.801500	-0.020599
497.801600	-0.026093
497.801700	-0.042114
497.801800	-0.056763
497.801900	-0.063324
497.802000	-0.061798
497.802100	-0.051270
497.802200	-0.042725
497.802300	-0.039825
497.802400	-0.032959
497.802500	-0.024414
497.802600	-0.025787
497.802700	-0.025177
497.802800	-0.021515
497.802900	-0.024719
497.803000	-0.020599
497.803100	-0.019531
497.803200	-0.017395
497.803300	-0.023956
497.803400	-0.027618
497.803500	-0.039978
497.803600	-0.045013
497.803700	-0.042572
497.803800	-0.037842
497.803900	-0.031738
497.804000	-0.032501
497.804100	-0.026703
497.804200	-0.028229
497.804300	-0.033112
497.804400	-0.035553
497.804500	-0.036163
497.804600	-0.034180
497.804700	-0.034027
497.804800	-0.026550
497.804900	-0.022736
497.805000	-0.021515
497.805100	-0.021667
497.805200	-0.021362
497.805300	-0.024567
497.805400	-0.023041
497.805500	-0.017700
497.805600	-0.012817
497.805700	-0.004578
497.805800	-0.008698
497.805900	0.001068
497.806000	-0.006256
497.806100	-0.015564
497.806200	-0.024261
497.806300	-0.026550
497.806400	-0.018921
497.806500	0.003357
497.806600	0.028229
497.806700	0.044250
497.806800	0.050049
497.806900	0.020599
497.807000	-0.025024
497.807100	-0.032043
497.807200	0.050812
497.807300	0.247803
497.807400	0.404510
497.807500	0.397949
497.807600	0.318451
497.807700	0.173340
497.807800	-0.012817
497.807900	-0.194244
497.808000	-0.338135
497.808100	-0.449219
497.808200	-0.529633
497.808300	-0.457611
497.808400	-0.276642
497.808500	-0.131226
497.808600	-0.051117
497.808700	-0.027161
497.808800	-0.018616
497.808900	-0.001831
497.809000	0.002136
497.809100	0.025330
497.809200	0.131226
497.809300	0.419922
497.809400	0.964661
497.809500	1.446381
497.809600	1.613770
497.809700	1.483154
497.809800	0.914307
497.809900	0.077972
497.810000	-0.731201
497.810100	-1.463470
497.810200	-1.728210
497.810300	-1.617279
497.810400	-1.246185
497.810500	-0.715637
497.810600	-0.322876
497.810700	-0.123291
497.810800	-0.043945
497.810900	-0.019531
497.811000	-0.007019
497.811100	-0.008545
497.811200	-0.001068
497.811300	-0.003510
497.811400	-0.001526
497.811500	-0.001831
497.811600	0.002136
497.811700	-0.006866
497.811800	0.001221
497.811900	-0.004425
497.812000	-0.002441
497.812100	-0.005646
497.812200	-0.009766
497.812300	-0.010376
497.812400	-0.003662
497.812500	-0.010834
497.812600	-0.002289
497.812700	-0.007629
497.812800	-0.004425
497.812900	-0.000763
497.813000	-0.003204
497.813100	-0.003510
497.813200	-0.006104
497.813300	-0.010681
497.813400	-0.019989
497.813500	-0.027618
497.813600	-0.032043
497.813700	-0.031891
497.813800	-0.026093
497.813900	-0.027161
497.814000	-0.020905
497.814100	-0.016785
497.814200	-0.020447
497.814300	-0.012817
497.814400	-0.012970
497.814500	-0.012817
497.814600	-0.011902
497.814700	-0.014648
497.814800	-0.014801
497.814900	-0.006866
497.815000	-0.009308
497.815100	-0.007477
497.815200	-0.005493
497.815300	-0.004578
497.815400	-0.005951
497.815500	0.002594
497.815600	0.000763
497.815700	0.000000
497.815800	-0.006561
497.815900	-0.005341
497.816000	0.006256
497.816100	0.052795
497.816200	0.107880
497.816300	0.147247
497.816400	0.133514
497.816500	0.036316
497.816600	-0.082855
497.816700	-0.172882
497.816800	-0.187073
497.816900	-0.184326
497.817000	-0.140228
497.817100	-0.084991
497.817200	-0.046539
497.817300	-0.031738
497.817400	-0.031433
497.817500	-0.027924
497.817600	-0.025482
