328.036100	0.173340
328.036200	0.158081
328.036300	0.135498
328.036400	0.110779
328.036500	0.090790
328.036600	0.082092
328.036700	0.068512
328.036800	0.061951
328.036900	0.056152
328.037000	0.048828
328.037100	0.048523
328.037200	0.045166
328.037300	0.050964
328.037400	0.051117
328.037500	0.054779
328.037600	0.064850
328.037700	0.067444
328.037800	0.069122
328.037900	0.072937
328.038000	0.069733
328.038100	0.069580
328.038200	0.065155
328.038300	0.062714
328.038400	0.054932
328.038500	0.048981
328.038600	0.040131
328.038700	0.035400
328.038800	0.027924
328.038900	0.021667
328.039000	0.015869
328.039100	0.006866
328.039200	-0.002289
328.039300	-0.011749
328.039400	-0.026245
328.039500	-0.036926
328.039600	-0.046539
328.039700	-0.055542
328.039800	-0.058746
328.039900	-0.061035
328.040000	-0.057373
328.040100	-0.054321
328.040200	-0.043182
328.040300	-0.032654
328.040400	-0.018616
328.040500	-0.003052
328.040600	0.016174
328.040700	0.032196
328.040800	0.048065
328.040900	0.071869
328.041000	0.092773
328.041100	0.106354
328.041200	0.116882
328.041300	0.130920
328.041400	0.139771
328.041500	0.140991
328.041600	0.145721
328.041700	0.144196
328.041800	0.135651
328.041900	0.135803
328.042000	0.126190
328.042100	0.114594
328.042200	0.104980
328.042300	0.092163
328.042400	0.082245
328.042500	0.068817
328.042600	0.062714
328.042700	0.051727
328.042800	0.040741
328.042900	0.032501
328.043000	0.032349
328.043100	0.029449
328.043200	0.025940
328.043300	0.026093
328.043400	0.027771
328.043500	0.022888
328.043600	0.030670
328.043700	0.034637
328.043800	0.035095
328.043900	0.035706
328.044000	0.037537
328.044100	0.043488
328.044200	0.045471
328.044300	0.043640
328.044400	0.043335
328.044500	0.037384
328.044600	0.018005
328.044700	-0.014038
328.044800	-0.051117
328.044900	-0.096130
328.045000	-0.145111
328.045100	-0.196228
328.045200	-0.237732
328.045300	-0.267029
328.045400	-0.283966
328.045500	-0.283203
328.045600	-0.273590
328.045700	-0.254822
328.045800	-0.232391
328.045900	-0.192566
328.046000	-0.156097
328.046100	-0.102997
328.046200	-0.042267
328.046300	0.026093
328.046400	0.098267
328.046500	0.163727
328.046600	0.223083
328.046700	0.274200
328.046800	0.313873
328.046900	0.332794
328.047000	0.348816
328.047100	0.355682
328.047200	0.350494
328.047300	0.339966
328.047400	0.311432
328.047500	0.275574
328.047600	0.224915
328.047700	0.176849
328.047800	0.124664
328.047900	0.080261
328.048000	0.045624
328.048100	0.023041
328.048200	0.011597
328.048300	0.006104
328.048400	0.003815
328.048500	0.007477
328.048600	0.012665
328.048700	0.018311
328.048800	0.030060
328.048900	0.035706
328.049000	0.047302
328.049100	0.057068
328.049200	0.067749
328.049300	0.077820
328.049400	0.083008
328.049500	0.079956
328.049600	0.086212
328.049700	0.092316
328.049800	0.094757
328.049900	0.094757
328.050000	0.094910
328.050100	0.088959
328.050200	0.083923
328.050300	0.076294
328.050400	0.074005
328.050500	0.068817
328.050600	0.057373
328.050700	0.056763
328.050800	0.055695
328.050900	0.054016
328.051000	0.045166
328.051100	0.044098
328.051200	0.042419
328.051300	0.041046
328.051400	0.038910
328.051500	0.036011
328.051600	0.033417
328.051700	0.032959
328.051800	0.026245
328.051900	0.024109
328.052000	0.018311
328.052100	0.003967
328.052200	-0.016479
328.052300	-0.047150
328.052400	-0.091858
328.052500	-0.161438
328.052600	-0.250702
328.052700	-0.364532
328.052800	-0.510406
328.052900	-0.684509
328.053000	-0.857849
328.053100	-1.044922
328.053200	-1.193085
328.053300	-1.295624
328.053400	-1.348267
328.053500	-1.335907
328.053600	-1.292725
328.053700	-1.231384
328.053800	-1.089783
328.053900	-0.955811
328.054000	-0.781403
328.054100	-0.582581
328.054200	-0.359650
328.054300	-0.132141
328.054400	0.090790
328.054500	0.333557
328.054600	0.565186
328.054700	0.793762
328.054800	1.004181
328.054900	1.195831
328.055000	1.364441
328.055100	1.512146
328.055200	1.639099
328.055300	1.739655
328.055400	1.802368
328.055500	1.826630
328.055600	1.789703
328.055700	1.673431
328.055800	1.477203
328.055900	1.224976
328.056000	0.947571
328.056100	0.694885
328.056200	0.473633
328.056300	0.307770
328.056400	0.175781
328.056500	0.082703
328.056600	0.031738
328.056700	-0.010986
328.056800	-0.029907
328.056900	-0.037079
328.057000	-0.045013
328.057100	-0.044556
328.057200	-0.048981
328.057300	-0.046997
328.057400	-0.043488
328.057500	-0.044556
328.057600	-0.051117
328.057700	-0.046234
328.057800	-0.052032
328.057900	-0.045929
328.058000	-0.046539
328.058100	-0.045929
328.058200	-0.042572
328.058300	-0.046692
328.058400	-0.043030
328.058500	-0.038910
328.058600	-0.035095
328.058700	-0.032806
328.058800	-0.038605
328.058900	-0.032806
328.059000	-0.031128
328.059100	-0.029297
328.059200	-0.028534
328.059300	-0.030670
328.059400	-0.025787
328.059500	-0.025482
328.059600	-0.025940
328.059700	-0.036163
328.059800	-0.036621
328.059900	-0.034180
328.060000	-0.035095
328.060100	-0.037842
328.060200	-0.031128
328.060300	-0.030060
328.060400	-0.027161
328.060500	-0.026398
328.060600	-0.026550
328.060700	-0.029755
328.060800	-0.024719
328.060900	-0.027618
328.061000	-0.021515
328.061100	-0.016174
328.061200	-0.016327
328.061300	-0.018921
328.061400	-0.013275
328.061500	-0.013885
328.061600	-0.011444
328.061700	-0.009308
328.061800	-0.001221
328.061900	0.003510
328.062000	0.005341
328.062100	0.009613
328.062200	0.016937
328.062300	0.021667
328.062400	0.018005
328.062500	0.023193
328.062600	0.027008
328.062700	0.022736
328.062800	0.027466
328.062900	0.032501
328.063000	0.041504
328.063100	0.039825
328.063200	0.043793
328.063300	0.043640
328.063400	0.046997
328.063500	0.048370
328.063600	0.046692
328.063700	0.044403
328.063800	0.045471
328.063900	0.041351
328.064000	0.037079
328.064100	0.036926
328.064200	0.031738
328.064300	0.033569
328.064400	0.028839
328.064500	0.029297
328.064600	0.026550
328.064700	0.019684
328.064800	0.024261
328.064900	0.020905
328.065000	0.020752
328.065100	0.016174
328.065200	0.012360
328.065300	0.016022
328.065400	0.017242
328.065500	0.015564
328.065600	0.016022
328.065700	0.014954
328.065800	0.012512
328.065900	0.010986
328.066000	0.011292
328.066100	0.016785
328.066200	0.016632
328.066300	0.018921
328.066400	0.016022
328.066500	0.016174
328.066600	0.016022
328.066700	0.013580
328.066800	0.017242
328.066900	0.013885
328.067000	0.014648
328.067100	0.018158
328.067200	0.016174
328.067300	0.013123
328.067400	0.009003
328.067500	0.004120
328.067600	-0.004120
328.067700	-0.007324
328.067800	-0.016174
328.067900	-0.016785
328.068000	-0.012817
328.068100	-0.018158
328.068200	-0.013885
328.068300	-0.017395
328.068400	-0.012970
328.068500	-0.012817
328.068600	-0.009918
328.068700	-0.010529
328.068800	-0.002289
328.068900	0.008392
328.069000	0.022125
328.069100	0.031433
328.069200	0.042267
328.069300	0.048218
328.069400	0.056458
328.069500	0.065308
328.069600	0.069885
328.069700	0.066528
328.069800	0.062561
328.069900	0.066071
328.070000	0.072937
328.070100	0.070953
328.070200	0.067596
328.070300	0.065308
328.070400	0.060425
328.070500	0.056458
328.070600	0.043182
328.070700	0.039673
328.070800	0.035706
328.070900	0.032959
328.071000	0.033417
328.071100	0.033722
328.071200	0.024261
328.071300	0.025177
328.071400	0.027466
328.071500	0.026855
328.071600	0.030823
328.071700	0.029297
328.071800	0.023804
328.071900	0.022125
328.072000	0.023499
328.072100	0.026398
328.072200	0.020905
328.072300	0.027618
328.072400	0.021210
328.072500	0.018005
328.072600	0.006866
328.072700	0.011597
328.072800	0.004272
328.072900	0.002136
328.073000	0.001984
328.073100	0.000000
328.073200	-0.003662
328.073300	0.005798
328.073400	-0.000916
328.073500	-0.000610
328.073600	0.001678
328.073700	0.009155
328.073800	0.007324
328.073900	0.011597
328.074000	0.012970
328.074100	0.017242
328.074200	0.018158
328.074300	0.024261
328.074400	0.026245
328.074500	0.024109
328.074600	0.020447
328.074700	0.025940
328.074800	0.016479
328.074900	0.016937
328.075000	0.014801
328.075100	0.007935
328.075200	-0.000305
328.075300	-0.009460
328.075400	-0.010834
328.075500	-0.008850
328.075600	-0.012817
328.075700	-0.002289
328.075800	-0.001373
328.075900	-0.000610
328.076000	-0.006561
328.076100	-0.010376
328.076200	-0.015259
328.076300	-0.010071
328.076400	-0.007019
328.076500	-0.002136
328.076600	0.009613
328.076700	0.026855
328.076800	0.050659
328.076900	0.065613
328.077000	0.084534
328.077100	0.101013
328.077200	0.109406
328.077300	0.115356
328.077400	0.120544
328.077500	0.118103
328.077600	0.117493
328.077700	0.112610
328.077800	0.111237
328.077900	0.104370
328.078000	0.094910
328.078100	0.083923
328.078200	0.083466
328.078300	0.074768
328.078400	0.064545
328.078500	0.054932
328.078600	0.046692
328.078700	0.036774
328.078800	0.036011
328.078900	0.032654
328.079000	0.030518
328.079100	0.025787
328.079200	0.023193
328.079300	0.024872
328.079400	0.023193
328.079500	0.025330
328.079600	0.021515
328.079700	0.019684
328.079800	0.019684
328.079900	0.023041
328.080000	0.025635
328.080100	0.026398
328.080200	0.023651
328.080300	0.026703
328.080400	0.025940
328.080500	0.030670
328.080600	0.030975
328.080700	0.034637
328.080800	0.036469
328.080900	0.037994
328.081000	0.040741
328.081100	0.042114
328.081200	0.042725
328.081300	0.046997
328.081400	0.046234
328.081500	0.046387
328.081600	0.047760
328.081700	0.051117
328.081800	0.046997
328.081900	0.046387
328.082000	0.046692
328.082100	0.052185
328.082200	0.051422
328.082300	0.046844
328.082400	0.046539
328.082500	0.056000
328.082600	0.052795
328.082700	0.054626
328.082800	0.055237
328.082900	0.057831
328.083000	0.054626
328.083100	0.051575
328.083200	0.050049
328.083300	0.052338
328.083400	0.049896
328.083500	0.046082
328.083600	0.049286
328.083700	0.050049
328.083800	0.043335
328.083900	0.050812
328.084000	0.047150
328.084100	0.047150
328.084200	0.046997
328.084300	0.046539
328.084400	0.045319
328.084500	0.043335
328.084600	0.034637
328.084700	0.036316
328.084800	0.026703
328.084900	0.017700
328.085000	0.016174
328.085100	0.012665
328.085200	0.007172
328.085300	-0.005493
328.085400	-0.006256
328.085500	-0.003052
328.085600	0.001678
328.085700	0.002136
328.085800	0.005188
328.085900	0.010376
328.086000	0.015869
328.086100	0.013580
328.086200	0.020294
328.086300	0.015717
328.086400	0.020142
328.086500	0.028839
328.086600	0.018463
328.086700	0.021210
328.086800	0.012207
328.086900	-0.004883
328.087000	-0.028534
328.087100	-0.069275
328.087200	-0.130157
328.087300	-0.200195
328.087400	-0.293884
328.087500	-0.389404
328.087600	-0.490112
328.087700	-0.581970
328.087800	-0.654907
328.087900	-0.708313
328.088000	-0.740051
328.088100	-0.755310
328.088200	-0.755768
328.088300	-0.734406
328.088400	-0.695496
328.088500	-0.621948
328.088600	-0.521545
328.088700	-0.384521
328.088800	-0.233154
328.088900	-0.061035
328.089000	0.115509
328.089100	0.295715
328.089200	0.471497
328.089300	0.633850
328.089400	0.780182
328.089500	0.894928
328.089600	0.969238
