353.840900	-0.037842
353.841000	-0.030823
353.841100	-0.029297
353.841200	-0.027771
353.841300	-0.026398
353.841400	-0.026398
353.841500	-0.023346
353.841600	-0.024414
353.841700	-0.019989
353.841800	-0.019989
353.841900	-0.019379
353.842000	-0.018768
353.842100	-0.021820
353.842200	-0.018463
353.842300	-0.023499
353.842400	-0.020599
353.842500	-0.020752
353.842600	-0.021667
353.842700	-0.021362
353.842800	-0.027618
353.842900	-0.018005
353.843000	-0.015259
353.843100	-0.019073
353.843200	-0.015564
353.843300	-0.016022
353.843400	-0.017548
353.843500	-0.015259
353.843600	-0.018158
353.843700	-0.014191
353.843800	-0.014801
353.843900	-0.008698
353.844000	-0.010681
353.844100	-0.012054
353.844200	-0.009613
353.844300	-0.006104
353.844400	-0.003815
353.844500	-0.006409
353.844600	-0.007019
353.844700	-0.008545
353.844800	-0.004425
353.844900	-0.005798
353.845000	-0.010071
353.845100	-0.004425
353.845200	-0.004425
353.845300	-0.004425
353.845400	-0.006104
353.845500	-0.006561
353.845600	-0.003204
353.845700	-0.001526
353.845800	0.000305
353.845900	-0.002899
353.846000	0.000153
353.846100	0.002136
353.846200	0.005646
353.846300	-0.001068
353.846400	0.000305
353.846500	0.005798
353.846600	0.007782
353.846700	0.000763
353.846800	0.002594
353.846900	0.000763
353.847000	0.004120
353.847100	0.007019
353.847200	0.005646
353.847300	0.000916
353.847400	0.003357
353.847500	0.009003
353.847600	0.009918
353.847700	0.007935
353.847800	0.009613
353.847900	0.008545
353.848000	0.009003
353.848100	0.013885
353.848200	0.007629
353.848300	0.009155
353.848400	0.013885
353.848500	0.012512
353.848600	0.009155
353.848700	0.014954
353.848800	0.013885
353.848900	0.007172
353.849000	0.010529
353.849100	0.016022
353.849200	0.014038
353.849300	0.019073
353.849400	0.017242
353.849500	0.023346
353.849600	0.019836
353.849700	0.021973
353.849800	0.023956
353.849900	0.022125
353.850000	0.021515
353.850100	0.020752
353.850200	0.022736
353.850300	0.021362
353.850400	0.022125
353.850500	0.024872
353.850600	0.022125
353.850700	0.024414
353.850800	0.023499
353.850900	0.023041
353.851000	0.021667
353.851100	0.025024
353.851200	0.028534
353.851300	0.024872
353.851400	0.023499
353.851500	0.024872
353.851600	0.030212
353.851700	0.029755
353.851800	0.024719
353.851900	0.020752
353.852000	0.020447
353.852100	0.022430
353.852200	0.022125
353.852300	0.027771
353.852400	0.026550
353.852500	0.024414
353.852600	0.021057
353.852700	0.026703
353.852800	0.025177
353.852900	0.028076
353.853000	0.019531
353.853100	0.024719
353.853200	0.025177
353.853300	0.028229
353.853400	0.025330
353.853500	0.030212
353.853600	0.028992
353.853700	0.028687
353.853800	0.029144
353.853900	0.028839
353.854000	0.027771
353.854100	0.025787
353.854200	0.025482
353.854300	0.024414
353.854400	0.025177
353.854500	0.029297
353.854600	0.027161
353.854700	0.026093
353.854800	0.024261
353.854900	0.026703
353.855000	0.031586
353.855100	0.028839
353.855200	0.024109
353.855300	0.027008
353.855400	0.023193
353.855500	0.026855
353.855600	0.029755
353.855700	0.027008
353.855800	0.028534
353.855900	0.031128
353.856000	0.032043
353.856100	0.034943
353.856200	0.031281
353.856300	0.031128
353.856400	0.033722
353.856500	0.032349
353.856600	0.034027
353.856700	0.034790
353.856800	0.036926
353.856900	0.032806
353.857000	0.030823
353.857100	0.031738
353.857200	0.029907
353.857300	0.030060
353.857400	0.030975
353.857500	0.030975
353.857600	0.032806
353.857700	0.034332
353.857800	0.029144
353.857900	0.032043
353.858000	0.030823
353.858100	0.028381
353.858200	0.028229
353.858300	0.033264
353.858400	0.030060
353.858500	0.029755
353.858600	0.031433
353.858700	0.031738
353.858800	0.026855
353.858900	0.031128
353.859000	0.029144
353.859100	0.028839
353.859200	0.030975
353.859300	0.032806
353.859400	0.031738
353.859500	0.035553
353.859600	0.027161
353.859700	0.030670
353.859800	0.025177
353.859900	0.023499
353.860000	0.028687
353.860100	0.032349
353.860200	0.033569
353.860300	0.033722
353.860400	0.032349
353.860500	0.028839
353.860600	0.027466
353.860700	0.033569
353.860800	0.032959
353.860900	0.032501
353.861000	0.030975
353.861100	0.032654
353.861200	0.030365
353.861300	0.024261
353.861400	0.033569
353.861500	0.032196
353.861600	0.034027
353.861700	0.037384
353.861800	0.036774
353.861900	0.034637
353.862000	0.036926
353.862100	0.034485
353.862200	0.035248
353.862300	0.033875
353.862400	0.030212
353.862500	0.036469
353.862600	0.035095
353.862700	0.036316
353.862800	0.029755
353.862900	0.031281
353.863000	0.034790
353.863100	0.032043
353.863200	0.036163
353.863300	0.037994
353.863400	0.036163
353.863500	0.036621
353.863600	0.035706
353.863700	0.033417
353.863800	0.030975
353.863900	0.035400
353.864000	0.031891
353.864100	0.030060
353.864200	0.029297
353.864300	0.030365
353.864400	0.025482
353.864500	0.030670
353.864600	0.026245
353.864700	0.026245
353.864800	0.030670
353.864900	0.035858
353.865000	0.035858
353.865100	0.032654
353.865200	0.032806
353.865300	0.033417
353.865400	0.032806
353.865500	0.031433
353.865600	0.034943
353.865700	0.038757
353.865800	0.034332
353.865900	0.029144
353.866000	0.032349
353.866100	0.032806
353.866200	0.030670
353.866300	0.032196
353.866400	0.023804
353.866500	0.027466
353.866600	0.030670
353.866700	0.027466
353.866800	0.021973
353.866900	0.024109
353.867000	0.030365
353.867100	0.023956
353.867200	0.023041
353.867300	0.027924
353.867400	0.030212
353.867500	0.031586
353.867600	0.021973
353.867700	0.027771
353.867800	0.025024
353.867900	0.024414
353.868000	0.024109
353.868100	0.024261
353.868200	0.031281
353.868300	0.029297
353.868400	0.033417
353.868500	0.029144
353.868600	0.028534
353.868700	0.027008
353.868800	0.032196
353.868900	0.030518
353.869000	0.023499
353.869100	0.026093
353.869200	0.025177
353.869300	0.022583
353.869400	0.027924
353.869500	0.022736
353.869600	0.024872
353.869700	0.023804
353.869800	0.025635
353.869900	0.023956
353.870000	0.024109
353.870100	0.025177
353.870200	0.023499
353.870300	0.024261
353.870400	0.026703
353.870500	0.026550
353.870600	0.021667
353.870700	0.021057
353.870800	0.023193
353.870900	0.018921
353.871000	0.016937
353.871100	0.018158
353.871200	0.019531
353.871300	0.015259
353.871400	0.018768
353.871500	0.015869
353.871600	0.013885
353.871700	0.012207
353.871800	0.013275
353.871900	0.016632
353.872000	0.013123
353.872100	0.012665
353.872200	0.010223
353.872300	0.012207
353.872400	0.008087
353.872500	0.010376
353.872600	0.011444
353.872700	0.007629
353.872800	0.007324
353.872900	0.010986
353.873000	0.006104
353.873100	0.005646
353.873200	0.006409
353.873300	0.007324
353.873400	0.009918
353.873500	0.007324
353.873600	0.003967
353.873700	0.004425
353.873800	0.002899
353.873900	0.002441
353.874000	0.002747
353.874100	0.001526
353.874200	0.002441
353.874300	0.007629
353.874400	0.008698
353.874500	0.001068
353.874600	-0.002594
353.874700	0.000610
353.874800	-0.002136
353.874900	0.002899
353.875000	0.002136
353.875100	0.000153
353.875200	-0.004120
353.875300	0.001678
353.875400	-0.001984
353.875500	-0.005646
353.875600	-0.003052
353.875700	-0.005646
353.875800	-0.003510
353.875900	0.003510
353.876000	-0.000458
353.876100	-0.002899
353.876200	-0.003052
353.876300	-0.002899
353.876400	-0.004425
353.876500	0.000916
353.876600	-0.000458
353.876700	0.005341
353.876800	0.009003
353.876900	0.010986
353.877000	0.010223
353.877100	0.009308
353.877200	0.011902
353.877300	0.008392
353.877400	0.009003
353.877500	0.009918
353.877600	0.010681
353.877700	0.013123
353.877800	0.010986
353.877900	0.011902
353.878000	0.007477
353.878100	0.009155
353.878200	0.008698
353.878300	0.006714
353.878400	0.001221
353.878500	0.002136
353.878600	-0.002441
353.878700	0.000610
353.878800	-0.003204
353.878900	-0.005951
353.879000	-0.007629
353.879100	-0.008850
353.879200	-0.012054
353.879300	-0.013733
353.879400	-0.020752
353.879500	-0.021362
353.879600	-0.019684
353.879700	-0.028839
353.879800	-0.027161
353.879900	-0.038605
353.880000	-0.044708
353.880100	-0.047607
353.880200	-0.055237
353.880300	-0.056305
353.880400	-0.055237
353.880500	-0.069275
353.880600	-0.079956
353.880700	-0.085754
353.880800	-0.096130
353.880900	-0.102081
353.881000	-0.104370
353.881100	-0.116425
353.881200	-0.125580
353.881300	-0.129089
353.881400	-0.143127
353.881500	-0.149689
353.881600	-0.157776
353.881700	-0.164185
353.881800	-0.169067
353.881900	-0.175018
353.882000	-0.189056
353.882100	-0.194855
353.882200	-0.205536
353.882300	-0.206909
353.882400	-0.211182
353.882500	-0.213470
353.882600	-0.226898
353.882700	-0.231018
353.882800	-0.235443
353.882900	-0.234833
353.883000	-0.238190
353.883100	-0.248108
353.883200	-0.246429
353.883300	-0.250549
353.883400	-0.249634
353.883500	-0.249176
353.883600	-0.253601
353.883700	-0.254211
353.883800	-0.255737
353.883900	-0.258026
353.884000	-0.257874
353.884100	-0.254364
353.884200	-0.249481
353.884300	-0.246277
353.884400	-0.247803
353.884500	-0.241394
353.884600	-0.245819
353.884700	-0.238953
353.884800	-0.245361
353.884900	-0.237427
353.885000	-0.234070
353.885100	-0.236511
353.885200	-0.230255
353.885300	-0.230865
353.885400	-0.229340
353.885500	-0.227051
353.885600	-0.215302
353.885700	-0.215149
353.885800	-0.209808
353.885900	-0.205994
353.886000	-0.197144
353.886100	-0.194397
353.886200	-0.187836
353.886300	-0.181122
353.886400	-0.170746
353.886500	-0.161285
353.886600	-0.156860
353.886700	-0.144806
353.886800	-0.140381
353.886900	-0.128021
353.887000	-0.117035
353.887100	-0.103302
353.887200	-0.091095
353.887300	-0.072327
353.887400	-0.062256
353.887500	-0.045471
353.887600	-0.030518
353.887700	-0.016327
353.887800	-0.001831
353.887900	0.012665
353.888000	0.030060
353.888100	0.049438
353.888200	0.065002
353.888300	0.074768
353.888400	0.098877
353.888500	0.114441
353.888600	0.133820
353.888700	0.157928
353.888800	0.171967
353.888900	0.186920
353.889000	0.209198
353.889100	0.222015
353.889200	0.237427
353.889300	0.258789
353.889400	0.270691
353.889500	0.285034
353.889600	0.297394
353.889700	0.314941
353.889800	0.333099
353.889900	0.351105
353.890000	0.364380
353.890100	0.377502
353.890200	0.387115
353.890300	0.396576
353.890400	0.412750
353.890500	0.426636
353.890600	0.438843
353.890700	0.446320
353.890800	0.455933
353.890900	0.467834
353.891000	0.475922
353.891100	0.486755
353.891200	0.490875
353.891300	0.498962
353.891400	0.506287
353.891500	0.519409
353.891600	0.520020
353.891700	0.522156
353.891800	0.524597
353.891900	0.528259
353.892000	0.528870
353.892100	0.529480
353.892200	0.528107
353.892300	0.523834
353.892400	0.527954
353.892500	0.521545
353.892600	0.519867
353.892700	0.515289
353.892800	0.509644
353.892900	0.505066
353.893000	0.500793
353.893100	0.495758
353.893200	0.491486
353.893300	0.484467
353.893400	0.478973
353.893500	0.472565
353.893600	0.468597
353.893700	0.462799
353.893800	0.455322
353.893900	0.450439
353.894000	0.444031
353.894100	0.433044
353.894200	0.428314
353.894300	0.418396
353.894400	0.411682
