286.717700	0.066681
286.717800	0.067444
286.717900	0.070801
286.718000	0.067749
286.718100	0.072479
286.718200	0.068054
286.718300	0.068665
286.718400	0.066528
286.718500	0.069427
286.718600	0.066986
286.718700	0.065002
286.718800	0.066376
286.718900	0.070038
286.719000	0.073700
286.719100	0.066986
286.719200	0.065918
286.719300	0.060120
286.719400	0.065155
286.719500	0.065155
286.719600	0.069427
286.719700	0.066681
286.719800	0.065460
286.719900	0.068665
286.720000	0.065155
286.720100	0.068665
286.720200	0.074005
286.720300	0.071106
286.720400	0.069885
286.720500	0.068054
286.720600	0.070953
286.720700	0.073853
286.720800	0.070038
286.720900	0.074921
286.721000	0.071106
286.721100	0.070496
286.721200	0.060883
286.721300	0.069122
286.721400	0.070496
286.721500	0.070648
286.721600	0.070496
286.721700	0.072174
286.721800	0.068359
286.721900	0.067596
286.722000	0.069885
286.722100	0.067902
286.722200	0.071411
286.722300	0.071411
286.722400	0.065918
286.722500	0.068054
286.722600	0.069427
286.722700	0.062866
286.722800	0.066071
286.722900	0.067902
286.723000	0.074921
286.723100	0.071564
286.723200	0.071716
286.723300	0.071411
286.723400	0.069885
286.723500	0.072174
286.723600	0.073242
286.723700	0.079498
286.723800	0.075836
286.723900	0.073853
286.724000	0.070648
286.724100	0.073700
286.724200	0.066833
286.724300	0.069122
286.724400	0.074158
286.724500	0.073242
286.724600	0.074310
286.724700	0.069885
286.724800	0.071869
286.724900	0.070801
286.725000	0.070038
286.725100	0.069427
286.725200	0.075073
286.725300	0.070801
286.725400	0.073242
286.725500	0.072174
286.725600	0.068054
286.725700	0.072479
286.725800	0.069275
286.725900	0.067444
286.726000	0.068054
286.726100	0.069275
286.726200	0.066986
286.726300	0.071106
286.726400	0.075378
286.726500	0.067902
286.726600	0.069733
286.726700	0.070801
286.726800	0.070343
286.726900	0.067596
286.727000	0.074463
286.727100	0.065002
286.727200	0.063629
286.727300	0.071411
286.727400	0.063629
286.727500	0.061646
286.727600	0.070496
286.727700	0.069122
286.727800	0.066833
286.727900	0.067749
286.728000	0.066223
286.728100	0.068970
286.728200	0.071259
286.728300	0.067139
286.728400	0.071411
286.728500	0.067596
286.728600	0.063934
286.728700	0.062714
286.728800	0.062561
286.728900	0.063171
286.729000	0.061646
286.729100	0.066681
286.729200	0.062561
286.729300	0.064087
286.729400	0.061188
286.729500	0.064697
286.729600	0.061493
286.729700	0.065460
286.729800	0.066681
286.729900	0.066071
286.730000	0.066376
286.730100	0.067444
286.730200	0.067139
286.730300	0.066681
286.730400	0.063477
286.730500	0.064697
286.730600	0.064240
286.730700	0.070648
286.730800	0.067444
286.730900	0.069580
286.731000	0.072327
286.731100	0.063019
286.731200	0.064850
286.731300	0.060883
286.731400	0.061951
286.731500	0.068665
286.731600	0.067139
286.731700	0.061188
286.731800	0.061035
286.731900	0.061798
286.732000	0.061646
286.732100	0.064545
286.732200	0.068970
286.732300	0.072327
286.732400	0.076752
286.732500	0.073853
286.732600	0.069122
286.732700	0.066528
286.732800	0.069427
286.732900	0.068359
286.733000	0.069427
286.733100	0.070801
286.733200	0.067749
286.733300	0.070190
286.733400	0.070648
286.733500	0.070496
286.733600	0.070190
286.733700	0.068054
286.733800	0.065460
286.733900	0.065155
286.734000	0.063324
286.734100	0.063934
286.734200	0.061798
286.734300	0.068207
286.734400	0.060577
286.734500	0.068512
286.734600	0.069885
286.734700	0.068665
286.734800	0.064392
286.734900	0.069275
286.735000	0.065308
286.735100	0.072174
286.735200	0.069427
286.735300	0.073547
286.735400	0.068207
286.735500	0.069580
286.735600	0.071564
286.735700	0.070801
286.735800	0.070953
286.735900	0.070343
286.736000	0.067902
286.736100	0.070038
286.736200	0.072327
286.736300	0.070038
286.736400	0.070801
286.736500	0.068665
286.736600	0.066833
286.736700	0.069580
286.736800	0.068512
286.736900	0.065918
286.737000	0.067749
286.737100	0.070038
286.737200	0.065918
286.737300	0.067291
286.737400	0.068817
286.737500	0.067749
286.737600	0.068359
286.737700	0.068665
286.737800	0.069275
286.737900	0.068359
286.738000	0.072479
286.738100	0.061035
286.738200	0.069122
286.738300	0.066833
286.738400	0.067139
286.738500	0.064392
286.738600	0.068359
286.738700	0.070343
286.738800	0.074005
286.738900	0.068970
286.739000	0.068054
286.739100	0.069733
286.739200	0.069580
286.739300	0.071259
286.739400	0.065613
286.739500	0.066071
286.739600	0.067444
286.739700	0.064392
286.739800	0.064087
286.739900	0.064392
286.740000	0.063171
286.740100	0.065918
286.740200	0.064392
286.740300	0.065613
286.740400	0.066681
286.740500	0.065308
286.740600	0.068359
286.740700	0.068970
286.740800	0.073700
286.740900	0.074768
286.741000	0.075073
286.741100	0.072021
286.741200	0.070496
286.741300	0.073242
286.741400	0.074310
286.741500	0.070343
286.741600	0.073395
286.741700	0.071411
286.741800	0.068512
286.741900	0.071869
286.742000	0.068665
286.742100	0.069733
286.742200	0.074005
286.742300	0.072784
286.742400	0.069122
286.742500	0.064545
286.742600	0.071869
286.742700	0.077057
286.742800	0.078278
286.742900	0.072937
286.743000	0.072632
286.743100	0.066833
286.743200	0.070953
286.743300	0.063629
286.743400	0.063019
286.743500	0.067444
286.743600	0.068817
286.743700	0.068512
286.743800	0.066376
286.743900	0.071411
286.744000	0.071411
286.744100	0.072021
286.744200	0.069885
286.744300	0.073242
286.744400	0.068970
286.744500	0.067902
286.744600	0.068359
286.744700	0.068665
286.744800	0.073853
286.744900	0.068970
286.745000	0.065918
286.745100	0.070038
286.745200	0.069122
286.745300	0.066376
286.745400	0.068359
286.745500	0.071106
286.745600	0.070648
286.745700	0.065155
286.745800	0.072632
286.745900	0.068817
286.746000	0.067596
286.746100	0.065155
286.746200	0.071259
286.746300	0.075836
286.746400	0.073700
286.746500	0.069733
286.746600	0.067444
286.746700	0.066833
286.746800	0.065765
286.746900	0.066833
286.747000	0.071411
286.747100	0.075226
286.747200	0.071564
286.747300	0.066833
286.747400	0.069427
286.747500	0.067596
286.747600	0.065613
286.747700	0.069122
286.747800	0.068512
286.747900	0.069885
286.748000	0.070343
286.748100	0.069427
286.748200	0.070801
286.748300	0.069580
286.748400	0.073395
286.748500	0.069733
286.748600	0.070343
286.748700	0.072479
286.748800	0.070801
286.748900	0.066071
286.749000	0.069580
286.749100	0.068817
286.749200	0.065460
286.749300	0.067596
286.749400	0.066681
286.749500	0.071411
286.749600	0.068665
286.749700	0.071869
286.749800	0.069733
286.749900	0.066223
286.750000	0.066376
286.750100	0.065155
286.750200	0.069122
286.750300	0.061798
286.750400	0.061340
286.750500	0.067596
286.750600	0.068970
286.750700	0.068817
286.750800	0.068512
286.750900	0.067902
286.751000	0.069580
286.751100	0.070038
286.751200	0.068817
286.751300	0.075378
286.751400	0.068512
286.751500	0.065002
286.751600	0.067596
286.751700	0.070496
286.751800	0.066528
286.751900	0.064392
286.752000	0.070648
286.752100	0.070190
286.752200	0.067444
286.752300	0.069427
286.752400	0.067444
286.752500	0.065918
286.752600	0.066986
286.752700	0.065918
286.752800	0.075989
286.752900	0.075684
286.753000	0.075836
286.753100	0.069733
286.753200	0.071106
286.753300	0.071106
286.753400	0.073700
286.753500	0.071869
286.753600	0.070953
286.753700	0.069122
286.753800	0.070343
286.753900	0.065765
286.754000	0.065765
286.754100	0.067444
286.754200	0.068512
286.754300	0.069427
286.754400	0.070343
286.754500	0.070496
286.754600	0.071716
286.754700	0.067444
286.754800	0.069580
286.754900	0.065460
286.755000	0.070801
286.755100	0.065002
286.755200	0.068359
286.755300	0.067749
286.755400	0.065002
286.755500	0.070190
286.755600	0.067596
286.755700	0.070801
286.755800	0.068665
286.755900	0.070190
286.756000	0.074921
286.756100	0.065308
286.756200	0.068207
286.756300	0.066681
286.756400	0.065765
286.756500	0.063324
286.756600	0.064240
286.756700	0.063477
286.756800	0.067139
286.756900	0.063629
286.757000	0.073395
286.757100	0.067444
286.757200	0.067902
286.757300	0.067596
286.757400	0.061951
286.757500	0.058594
286.757600	0.059204
286.757700	0.063477
286.757800	0.064697
286.757900	0.064697
286.758000	0.065918
286.758100	0.066833
286.758200	0.063934
286.758300	0.062256
286.758400	0.064392
286.758500	0.066223
286.758600	0.068359
286.758700	0.069885
286.758800	0.065460
286.758900	0.065918
286.759000	0.064545
286.759100	0.062103
286.759200	0.067749
286.759300	0.066071
286.759400	0.065460
286.759500	0.066986
286.759600	0.070343
286.759700	0.064850
286.759800	0.063934
286.759900	0.066681
286.760000	0.065155
286.760100	0.065002
286.760200	0.068512
286.760300	0.063019
286.760400	0.063782
286.760500	0.063934
286.760600	0.061951
286.760700	0.061951
286.760800	0.061493
286.760900	0.066986
286.761000	0.064850
286.761100	0.060577
286.761200	0.066681
286.761300	0.061951
286.761400	0.063324
286.761500	0.062103
286.761600	0.065918
286.761700	0.061340
286.761800	0.064697
286.761900	0.060120
286.762000	0.060577
286.762100	0.059509
286.762200	0.058136
286.762300	0.063477
286.762400	0.063171
286.762500	0.060883
286.762600	0.062103
286.762700	0.059814
286.762800	0.067444
286.762900	0.065002
286.763000	0.068054
286.763100	0.063171
286.763200	0.059814
286.763300	0.060730
286.763400	0.065918
286.763500	0.065002
286.763600	0.062408
286.763700	0.064392
286.763800	0.057678
286.763900	0.067291
286.764000	0.062408
286.764100	0.059204
286.764200	0.062866
286.764300	0.057678
286.764400	0.058899
286.764500	0.057373
286.764600	0.059204
286.764700	0.062561
286.764800	0.066833
286.764900	0.063324
286.765000	0.063171
286.765100	0.061188
286.765200	0.062408
286.765300	0.061951
286.765400	0.059814
286.765500	0.065918
286.765600	0.065155
286.765700	0.059357
286.765800	0.061951
286.765900	0.060730
286.766000	0.056915
286.766100	0.061951
286.766200	0.063171
286.766300	0.066681
286.766400	0.066681
286.766500	0.071716
286.766600	0.056610
286.766700	0.057373
286.766800	0.057220
286.766900	0.062103
286.767000	0.064545
286.767100	0.063934
286.767200	0.059662
286.767300	0.062714
286.767400	0.062103
286.767500	0.062714
286.767600	0.061493
286.767700	0.061035
286.767800	0.068054
286.767900	0.068359
286.768000	0.066223
286.768100	0.065002
286.768200	0.067291
286.768300	0.065460
286.768400	0.065613
286.768500	0.065308
286.768600	0.063324
286.768700	0.061340
286.768800	0.059662
286.768900	0.060730
286.769000	0.061035
286.769100	0.061493
286.769200	0.059357
286.769300	0.056610
286.769400	0.062408
286.769500	0.059052
286.769600	0.063019
286.769700	0.063477
286.769800	0.061340
286.769900	0.062561
286.770000	0.059052
286.770100	0.060883
286.770200	0.063171
286.770300	0.065460
286.770400	0.060577
286.770500	0.059662
286.770600	0.063934
286.770700	0.062866
286.770800	0.065002
286.770900	0.064240
286.771000	0.059814
286.771100	0.063782
286.771200	0.067902
