18.839300	0.021362
18.839400	0.021057
18.839500	0.023956
18.839600	0.023956
18.839700	0.024567
18.839800	0.021057
18.839900	0.023041
18.840000	0.020752
18.840100	0.026245
18.840200	0.022125
18.840300	0.027161
18.840400	0.020142
18.840500	0.022736
18.840600	0.023041
18.840700	0.026855
18.840800	0.020905
18.840900	0.022430
18.841000	0.023193
18.841100	0.020142
18.841200	0.018616
18.841300	0.020142
18.841400	0.026550
18.841500	0.023956
18.841600	0.021515
18.841700	0.020294
18.841800	0.021667
18.841900	0.026093
18.842000	0.020752
18.842100	0.025635
18.842200	0.024261
18.842300	0.019226
18.842400	0.020294
18.842500	0.017090
18.842600	0.024414
18.842700	0.021515
18.842800	0.021820
18.842900	0.021210
18.843000	0.017853
18.843100	0.018616
18.843200	0.021667
18.843300	0.019531
18.843400	0.021973
18.843500	0.020752
18.843600	0.020142
18.843700	0.025635
18.843800	0.023346
18.843900	0.021057
18.844000	0.021362
18.844100	0.019989
18.844200	0.022430
18.844300	0.021973
18.844400	0.019836
18.844500	0.021210
18.844600	0.021973
18.844700	0.020294
18.844800	0.020905
18.844900	0.025787
18.845000	0.023804
18.845100	0.022736
18.845200	0.022583
18.845300	0.019989
18.845400	0.023804
18.845500	0.024872
18.845600	0.020447
18.845700	0.023499
18.845800	0.022736
18.845900	0.019226
18.846000	0.014954
18.846100	0.018158
18.846200	0.018158
18.846300	0.022125
18.846400	0.023346
18.846500	0.018005
18.846600	0.025330
18.846700	0.021820
18.846800	0.023346
18.846900	0.020447
18.847000	0.022278
18.847100	0.018158
18.847200	0.017242
18.847300	0.024567
18.847400	0.025024
18.847500	0.019684
18.847600	0.024109
18.847700	0.025330
18.847800	0.026550
18.847900	0.028381
18.848000	0.024567
18.848100	0.022278
18.848200	0.023193
18.848300	0.023193
18.848400	0.018463
18.848500	0.023956
18.848600	0.018311
18.848700	0.023499
18.848800	0.023956
18.848900	0.023956
18.849000	0.022430
18.849100	0.019684
18.849200	0.022125
18.849300	0.020905
18.849400	0.023193
18.849500	0.027161
18.849600	0.021515
18.849700	0.024109
18.849800	0.021210
18.849900	0.023193
18.850000	0.026855
18.850100	0.021362
18.850200	0.021820
18.850300	0.023193
18.850400	0.019836
18.850500	0.020752
18.850600	0.022430
18.850700	0.023499
18.850800	0.021362
18.850900	0.018005
18.851000	0.023956
18.851100	0.023346
18.851200	0.019226
18.851300	0.020905
18.851400	0.023193
18.851500	0.022736
18.851600	0.021515
18.851700	0.019531
18.851800	0.023956
18.851900	0.024109
18.852000	0.022278
18.852100	0.024872
18.852200	0.023346
18.852300	0.021667
18.852400	0.015106
18.852500	0.021210
18.852600	0.025330
18.852700	0.023956
18.852800	0.021515
18.852900	0.020447
18.853000	0.024872
18.853100	0.019684
18.853200	0.023651
18.853300	0.024872
18.853400	0.020599
18.853500	0.025482
18.853600	0.024414
18.853700	0.025330
18.853800	0.020905
18.853900	0.021820
18.854000	0.023956
18.854100	0.019226
18.854200	0.022430
18.854300	0.026093
18.854400	0.023346
18.854500	0.023346
18.854600	0.023041
18.854700	0.021362
18.854800	0.023193
18.854900	0.019531
18.855000	0.021667
18.855100	0.023499
18.855200	0.019989
18.855300	0.020447
18.855400	0.020752
18.855500	0.019379
18.855600	0.016174
18.855700	0.019684
18.855800	0.020294
18.855900	0.019684
18.856000	0.022583
18.856100	0.025177
18.856200	0.020905
18.856300	0.023041
18.856400	0.021667
18.856500	0.016632
18.856600	0.019073
18.856700	0.020599
18.856800	0.024261
18.856900	0.024414
18.857000	0.023956
18.857100	0.025330
18.857200	0.022278
18.857300	0.022430
18.857400	0.026398
18.857500	0.027618
18.857600	0.019989
18.857700	0.020752
18.857800	0.021515
18.857900	0.020447
18.858000	0.021057
18.858100	0.020599
18.858200	0.022125
18.858300	0.019989
18.858400	0.023193
18.858500	0.021515
18.858600	0.022583
18.858700	0.022888
18.858800	0.021667
18.858900	0.021362
18.859000	0.018921
18.859100	0.024567
18.859200	0.025177
18.859300	0.022583
18.859400	0.019989
18.859500	0.018463
18.859600	0.020142
18.859700	0.026245
18.859800	0.019989
18.859900	0.023499
18.860000	0.021210
18.860100	0.025635
18.860200	0.022583
18.860300	0.020752
18.860400	0.021362
18.860500	0.022430
18.860600	0.021515
18.860700	0.021973
18.860800	0.028229
18.860900	0.023499
18.861000	0.016174
18.861100	0.019379
18.861200	0.020447
18.861300	0.019073
18.861400	0.020599
18.861500	0.017548
18.861600	0.021515
18.861700	0.020599
18.861800	0.019836
18.861900	0.019684
18.862000	0.021973
18.862100	0.026398
18.862200	0.025940
18.862300	0.020142
18.862400	0.022125
18.862500	0.021362
18.862600	0.021057
18.862700	0.023956
18.862800	0.027008
18.862900	0.024567
18.863000	0.024872
18.863100	0.024109
18.863200	0.024719
18.863300	0.023804
18.863400	0.022583
18.863500	0.018158
18.863600	0.021210
18.863700	0.018616
18.863800	0.023041
18.863900	0.019073
18.864000	0.019226
18.864100	0.021057
18.864200	0.017700
18.864300	0.018311
18.864400	0.020752
18.864500	0.021667
18.864600	0.022125
18.864700	0.028534
18.864800	0.024719
18.864900	0.026703
18.865000	0.026245
18.865100	0.025940
18.865200	0.021362
18.865300	0.027618
18.865400	0.026093
18.865500	0.022888
18.865600	0.019073
18.865700	0.024872
18.865800	0.025177
18.865900	0.024872
18.866000	0.019531
18.866100	0.021362
18.866200	0.022125
18.866300	0.023499
18.866400	0.019226
18.866500	0.023041
18.866600	0.020294
18.866700	0.021057
18.866800	0.025330
18.866900	0.022736
18.867000	0.022736
18.867100	0.024719
18.867200	0.020142
18.867300	0.018311
18.867400	0.021515
18.867500	0.021057
18.867600	0.026093
18.867700	0.023346
18.867800	0.023956
18.867900	0.020905
18.868000	0.023193
18.868100	0.022125
18.868200	0.024109
18.868300	0.020752
18.868400	0.018768
18.868500	0.020447
18.868600	0.025177
18.868700	0.023346
18.868800	0.023804
18.868900	0.025787
18.869000	0.024261
18.869100	0.020142
18.869200	0.022888
18.869300	0.020294
18.869400	0.016479
18.869500	0.021820
18.869600	0.020142
18.869700	0.021362
18.869800	0.021362
18.869900	0.016632
18.870000	0.019379
18.870100	0.018921
18.870200	0.023499
18.870300	0.027466
18.870400	0.019836
18.870500	0.021210
18.870600	0.014648
18.870700	0.021362
18.870800	0.020142
18.870900	0.023956
18.871000	0.026093
18.871100	0.023651
18.871200	0.020752
18.871300	0.023804
18.871400	0.025177
18.871500	0.024109
18.871600	0.025024
18.871700	0.023651
18.871800	0.023041
18.871900	0.023346
18.872000	0.024109
18.872100	0.024719
18.872200	0.021057
18.872300	0.018616
18.872400	0.022430
18.872500	0.023346
18.872600	0.021362
18.872700	0.025787
18.872800	0.022125
18.872900	0.019073
18.873000	0.021362
18.873100	0.024109
18.873200	0.023956
18.873300	0.021973
18.873400	0.023193
18.873500	0.023651
18.873600	0.020599
18.873700	0.020905
18.873800	0.022430
18.873900	0.025330
18.874000	0.020447
18.874100	0.025330
18.874200	0.025024
18.874300	0.018921
18.874400	0.024414
18.874500	0.022278
18.874600	0.022125
18.874700	0.024414
18.874800	0.024109
18.874900	0.023193
18.875000	0.020905
18.875100	0.021667
18.875200	0.018311
18.875300	0.019836
18.875400	0.020905
18.875500	0.022583
18.875600	0.022430
18.875700	0.017242
18.875800	0.019531
18.875900	0.019531
18.876000	0.022736
18.876100	0.019226
18.876200	0.020599
18.876300	0.019073
18.876400	0.018158
18.876500	0.018158
18.876600	0.019989
18.876700	0.023956
18.876800	0.019684
18.876900	0.016327
18.877000	0.022583
18.877100	0.023193
18.877200	0.022888
18.877300	0.021515
18.877400	0.020294
18.877500	0.020905
18.877600	0.021973
18.877700	0.021973
18.877800	0.020142
18.877900	0.025940
18.878000	0.019989
18.878100	0.018005
18.878200	0.020752
18.878300	0.016632
18.878400	0.015259
18.878500	0.020905
18.878600	0.022125
18.878700	0.018158
18.878800	0.019684
18.878900	0.015259
18.879000	0.019836
18.879100	0.016479
18.879200	0.019684
18.879300	0.019531
18.879400	0.027466
18.879500	0.023041
18.879600	0.022583
18.879700	0.024872
18.879800	0.022430
18.879900	0.022888
18.880000	0.021667
18.880100	0.024872
18.880200	0.025177
18.880300	0.023804
18.880400	0.020905
18.880500	0.023956
18.880600	0.023651
18.880700	0.021820
18.880800	0.021057
18.880900	0.018921
18.881000	0.024109
18.881100	0.023956
18.881200	0.025635
18.881300	0.019073
18.881400	0.017090
18.881500	0.025482
18.881600	0.020752
18.881700	0.023956
18.881800	0.021973
18.881900	0.021210
18.882000	0.022125
18.882100	0.023193
18.882200	0.023346
18.882300	0.020447
18.882400	0.022736
18.882500	0.020294
18.882600	0.019379
18.882700	0.019379
18.882800	0.020294
18.882900	0.020142
18.883000	0.019531
18.883100	0.021667
18.883200	0.021667
18.883300	0.023651
18.883400	0.021057
18.883500	0.023804
18.883600	0.018311
18.883700	0.025024
18.883800	0.026550
18.883900	0.018616
18.884000	0.020447
18.884100	0.024414
18.884200	0.023499
18.884300	0.022430
18.884400	0.021667
18.884500	0.023804
18.884600	0.018921
18.884700	0.019379
18.884800	0.023804
18.884900	0.021973
18.885000	0.028992
18.885100	0.028229
18.885200	0.024719
18.885300	0.021667
18.885400	0.020905
18.885500	0.019531
18.885600	0.019531
18.885700	0.023041
18.885800	0.022278
18.885900	0.023193
18.886000	0.018768
18.886100	0.017090
18.886200	0.016479
18.886300	0.026855
18.886400	0.021515
18.886500	0.025635
18.886600	0.023041
18.886700	0.019531
18.886800	0.022125
18.886900	0.020905
18.887000	0.025482
18.887100	0.026093
18.887200	0.027771
18.887300	0.018005
18.887400	0.022736
18.887500	0.023956
18.887600	0.020447
18.887700	0.022583
18.887800	0.020447
18.887900	0.025635
18.888000	0.018921
18.888100	0.022736
18.888200	0.028992
18.888300	0.024414
18.888400	0.022736
18.888500	0.020447
18.888600	0.026550
18.888700	0.020752
18.888800	0.017242
18.888900	0.017395
18.889000	0.020447
18.889100	0.018616
18.889200	0.015411
18.889300	0.020447
18.889400	0.023041
18.889500	0.019073
18.889600	0.021057
18.889700	0.020599
18.889800	0.020599
18.889900	0.027924
18.890000	0.017853
18.890100	0.023041
18.890200	0.020752
18.890300	0.021667
18.890400	0.021820
18.890500	0.020447
18.890600	0.027466
18.890700	0.020752
18.890800	0.026093
18.890900	0.021057
18.891000	0.021057
18.891100	0.018616
18.891200	0.019989
18.891300	0.020599
18.891400	0.020905
18.891500	0.020142
18.891600	0.020905
18.891700	0.021362
18.891800	0.023041
18.891900	0.021515
18.892000	0.021057
18.892100	0.021362
18.892200	0.019684
18.892300	0.024261
18.892400	0.020905
18.892500	0.020752
18.892600	0.025940
18.892700	0.022278
18.892800	0.016022
