413.437700	0.105896
413.437800	0.113220
413.437900	0.112152
413.438000	0.115204
413.438100	0.117950
413.438200	0.122223
413.438300	0.125427
413.438400	0.132141
413.438500	0.135040
413.438600	0.133972
413.438700	0.138550
413.438800	0.143585
413.438900	0.138702
413.439000	0.138702
413.439100	0.137634
413.439200	0.140991
413.439300	0.135193
413.439400	0.136261
413.439500	0.125732
413.439600	0.117950
413.439700	0.108185
413.439800	0.099792
413.439900	0.089569
413.440000	0.074158
413.440100	0.065918
413.440200	0.065918
413.440300	0.062866
413.440400	0.069427
413.440500	0.069580
413.440600	0.068817
413.440700	0.067444
413.440800	0.070038
413.440900	0.075836
413.441000	0.080566
413.441100	0.082092
413.441200	0.085449
413.441300	0.087128
413.441400	0.084686
413.441500	0.094299
413.441600	0.088348
413.441700	0.086517
413.441800	0.094299
413.441900	0.094299
413.442000	0.091400
413.442100	0.091553
413.442200	0.090942
413.442300	0.092010
413.442400	0.089264
413.442500	0.087891
413.442600	0.092163
413.442700	0.093384
413.442800	0.094299
413.442900	0.095215
413.443000	0.090942
413.443100	0.095367
413.443200	0.096283
413.443300	0.094147
413.443400	0.087433
413.443500	0.084686
413.443600	0.089722
413.443700	0.082397
413.443800	0.081787
413.443900	0.086823
413.444000	0.084839
413.444100	0.093079
413.444200	0.099182
413.444300	0.094147
413.444400	0.111084
413.444500	0.121613
413.444600	0.128632
413.444700	0.131531
413.444800	0.134583
413.444900	0.130310
413.445000	0.127258
413.445100	0.119781
413.445200	0.107422
413.445300	0.096130
413.445400	0.080414
413.445500	0.072784
413.445600	0.070496
413.445700	0.081177
413.445800	0.124969
413.445900	0.214386
413.446000	0.363464
413.446100	0.567169
413.446200	0.801086
413.446300	0.994873
413.446400	1.106110
413.446500	1.149597
413.446600	1.122742
413.446700	1.015778
413.446800	0.782928
413.446900	0.447388
413.447000	0.065002
413.447100	-0.324249
413.447200	-0.696259
413.447300	-0.956879
413.447400	-1.102753
413.447500	-1.140747
413.447600	-1.104279
413.447700	-0.986786
413.447800	-0.763092
413.447900	-0.387573
413.448000	0.019531
413.448100	0.400391
413.448200	0.694580
413.448300	0.846405
413.448400	0.887756
413.448500	0.872040
413.448600	0.801239
413.448700	0.660248
413.448800	0.425873
413.448900	0.128021
413.449000	-0.188293
413.449100	-0.465393
413.449200	-0.662842
413.449300	-0.761719
413.449400	-0.819397
413.449500	-0.832672
413.449600	-0.796814
413.449700	-0.682831
413.449800	-0.494232
413.449900	-0.292358
413.450000	-0.130615
413.450100	-0.012512
413.450200	0.055389
413.450300	0.100098
413.450400	0.115509
413.450500	0.124969
413.450600	0.124207
413.450700	0.128174
413.450800	0.121918
413.450900	0.124207
413.451000	0.124664
413.451100	0.121155
413.451200	0.117493
413.451300	0.124207
413.451400	0.125122
413.451500	0.116272
413.451600	0.122986
413.451700	0.118256
413.451800	0.128479
413.451900	0.125275
413.452000	0.131989
413.452100	0.130005
413.452200	0.127258
413.452300	0.127716
413.452400	0.124664
413.452500	0.123291
413.452600	0.120697
413.452700	0.121613
413.452800	0.113831
413.452900	0.114594
413.453000	0.113831
413.453100	0.108032
413.453200	0.111389
413.453300	0.106049
413.453400	0.103149
413.453500	0.108337
413.453600	0.108032
413.453700	0.115967
413.453800	0.109711
413.453900	0.121613
413.454000	0.112762
413.454100	0.110626
413.454200	0.112305
413.454300	0.109253
413.454400	0.113983
413.454500	0.120850
413.454600	0.120544
413.454700	0.115509
413.454800	0.110779
413.454900	0.118408
413.455000	0.117340
413.455100	0.114899
413.455200	0.115356
413.455300	0.119629
413.455400	0.115356
413.455500	0.115204
413.455600	0.115204
413.455700	0.112915
413.455800	0.107727
413.455900	0.113678
413.456000	0.105591
413.456100	0.104828
413.456200	0.104523
413.456300	0.096741
413.456400	0.092926
413.456500	0.093231
413.456600	0.096130
413.456700	0.093994
413.456800	0.108337
413.456900	0.111694
413.457000	0.105743
413.457100	0.110168
413.457200	0.103607
413.457300	0.112305
413.457400	0.111694
413.457500	0.108643
413.457600	0.111237
413.457700	0.105896
413.457800	0.103302
413.457900	0.106506
413.458000	0.106354
413.458100	0.108032
413.458200	0.108643
413.458300	0.109863
413.458400	0.111389
413.458500	0.121613
413.458600	0.122375
413.458700	0.115204
413.458800	0.122681
413.458900	0.124817
413.459000	0.123901
413.459100	0.122681
413.459200	0.112457
413.459300	0.104065
413.459400	0.096741
413.459500	0.097504
413.459600	0.093079
413.459700	0.087585
413.459800	0.084229
413.459900	0.084076
413.460000	0.090942
413.460100	0.094147
413.460200	0.097809
413.460300	0.107880
413.460400	0.113373
413.460500	0.130310
413.460600	0.128632
413.460700	0.122986
413.460800	0.126190
413.460900	0.126343
413.461000	0.115662
413.461100	0.117035
413.461200	0.107880
413.461300	0.090179
413.461400	0.074310
413.461500	0.071716
413.461600	0.063324
413.461700	0.067139
413.461800	0.065002
413.461900	0.069275
413.462000	0.068970
413.462100	0.066833
413.462200	0.079651
413.462300	0.080109
413.462400	0.086517
413.462500	0.096436
413.462600	0.104370
413.462700	0.097351
413.462800	0.104980
413.462900	0.103149
413.463000	0.097809
413.463100	0.102997
413.463200	0.102539
413.463300	0.095367
413.463400	0.099030
413.463500	0.098114
413.463600	0.101471
413.463700	0.101471
413.463800	0.101624
413.463900	0.099335
413.464000	0.097198
413.464100	0.099487
413.464200	0.095978
413.464300	0.096741
413.464400	0.092010
413.464500	0.088196
413.464600	0.090179
413.464700	0.090637
413.464800	0.091400
413.464900	0.086670
413.465000	0.091400
413.465100	0.099792
413.465200	0.096741
413.465300	0.099792
413.465400	0.098419
413.465500	0.099487
413.465600	0.092468
413.465700	0.093536
413.465800	0.090179
413.465900	0.090485
413.466000	0.091400
413.466100	0.091553
413.466200	0.090942
413.466300	0.091858
413.466400	0.093842
413.466500	0.092468
413.466600	0.092621
413.466700	0.086670
413.466800	0.086975
413.466900	0.091248
413.467000	0.091400
413.467100	0.093231
413.467200	0.096436
413.467300	0.094757
413.467400	0.099487
413.467500	0.101318
413.467600	0.102539
413.467700	0.104065
413.467800	0.113831
413.467900	0.118256
413.468000	0.121918
413.468100	0.124207
413.468200	0.123444
413.468300	0.117798
413.468400	0.116425
413.468500	0.121460
413.468600	0.121460
413.468700	0.122986
413.468800	0.115509
413.468900	0.106506
413.469000	0.094147
413.469100	0.090027
413.469200	0.084991
413.469300	0.081787
413.469400	0.089874
413.469500	0.119934
413.469600	0.176849
413.469700	0.278015
413.469800	0.408936
413.469900	0.566711
413.470000	0.722809
413.470100	0.837250
413.470200	0.906830
413.470300	0.928650
413.470400	0.903015
413.470500	0.820465
413.470600	0.684814
413.470700	0.492249
413.470800	0.269775
413.470900	0.038605
413.471000	-0.196075
413.471100	-0.416565
413.471200	-0.641327
413.471300	-0.790558
413.471400	-0.878906
413.471500	-0.910492
413.471600	-0.899048
413.471700	-0.840149
413.471800	-0.729065
413.471900	-0.579376
413.472000	-0.408936
413.472100	-0.252380
413.472200	-0.120850
413.472300	-0.029297
413.472400	0.032959
413.472500	0.075378
413.472600	0.100861
413.472700	0.102539
413.472800	0.103455
413.472900	0.110779
413.473000	0.103607
413.473100	0.105286
413.473200	0.106659
413.473300	0.110626
413.473400	0.110626
413.473500	0.112457
413.473600	0.107117
413.473700	0.112457
413.473800	0.113525
413.473900	0.112762
413.474000	0.110168
413.474100	0.109558
413.474200	0.103607
413.474300	0.099640
413.474400	0.103760
413.474500	0.105591
413.474600	0.109406
413.474700	0.104370
413.474800	0.101318
413.474900	0.102844
413.475000	0.104675
413.475100	0.102997
413.475200	0.097809
413.475300	0.104980
413.475400	0.102539
413.475500	0.101471
413.475600	0.104218
413.475700	0.104065
413.475800	0.105133
413.475900	0.104828
413.476000	0.106506
413.476100	0.107574
413.476200	0.112457
413.476300	0.106964
413.476400	0.113525
413.476500	0.110626
413.476600	0.113068
413.476700	0.110474
413.476800	0.111084
413.476900	0.103455
413.477000	0.108185
413.477100	0.114746
413.477200	0.111847
413.477300	0.102386
413.477400	0.107727
413.477500	0.098877
413.477600	0.100098
413.477700	0.096893
413.477800	0.098267
413.477900	0.092468
413.478000	0.091553
413.478100	0.095673
413.478200	0.098572
413.478300	0.096436
413.478400	0.103149
413.478500	0.101624
413.478600	0.100098
413.478700	0.105591
413.478800	0.104523
413.478900	0.096893
413.479000	0.096283
413.479100	0.095978
413.479200	0.096130
413.479300	0.094910
413.479400	0.095673
413.479500	0.093689
413.479600	0.104218
413.479700	0.110168
413.479800	0.121765
413.479900	0.168762
413.480000	0.248260
413.480100	0.374908
413.480200	0.551758
413.480300	0.787964
413.480400	1.037445
413.480500	1.223145
413.480600	1.306610
413.480700	1.321411
413.480800	1.293335
413.480900	1.218109
413.481000	1.055908
413.481100	0.780945
413.481200	0.435791
413.481300	0.067444
413.481400	-0.303955
413.481500	-0.680389
413.481600	-0.978699
413.481700	-1.169739
413.481800	-1.299896
413.481900	-1.287842
413.482000	-1.239319
413.482100	-1.190796
413.482200	-1.024780
413.482300	-0.840759
413.482400	-0.583344
413.482500	-0.350037
413.482600	-0.177460
413.482700	-0.050507
413.482800	0.026245
413.482900	0.068054
413.483000	0.093842
413.483100	0.093384
413.483200	0.102386
413.483300	0.103149
413.483400	0.103607
413.483500	0.105896
413.483600	0.111389
413.483700	0.114288
413.483800	0.114899
413.483900	0.114136
413.484000	0.120087
413.484100	0.125732
413.484200	0.126801
413.484300	0.129395
413.484400	0.133209
413.484500	0.136108
413.484600	0.153198
413.484700	0.195770
413.484800	0.311432
413.484900	0.541534
413.485000	0.921936
413.485100	1.471405
413.485200	2.168732
413.485300	2.905273
413.485400	3.545990
413.485500	3.999481
413.485600	4.216461
413.485700	4.212799
413.485800	3.949127
413.485900	3.366394
413.486000	2.433319
413.486100	1.262970
413.486200	-0.018463
413.486300	-1.082153
413.486400	-2.425995
413.486500	-3.434906
413.486600	-4.150238
413.486700	-4.527435
413.486800	-4.614563
413.486900	-4.463654
413.487000	-4.104614
413.487100	-3.521576
413.487200	-2.782745
413.487300	-1.995239
413.487400	-1.352539
413.487500	-0.774994
413.487600	-0.329437
413.487700	-0.059204
413.487800	0.085449
413.487900	0.152435
413.488000	0.181427
413.488100	0.195465
413.488200	0.199432
413.488300	0.204620
413.488400	0.206451
413.488500	0.211334
413.488600	0.215759
413.488700	0.211182
413.488800	0.209198
413.488900	0.207825
413.489000	0.201263
413.489100	0.199585
413.489200	0.201263
413.489300	0.201111
413.489400	0.198364
413.489500	0.191040
413.489600	0.187378
413.489700	0.180664
413.489800	0.181122
413.489900	0.177155
413.490000	0.175781
413.490100	0.182037
413.490200	0.197296
413.490300	0.234070
413.490400	0.313873
413.490500	0.443420
413.490600	0.639496
413.490700	0.917969
413.490800	1.273804
413.490900	1.640015
413.491000	1.934052
413.491100	2.134857
413.491200	2.268982
