449.226500	-0.418701
449.226600	-0.491028
449.226700	-0.527344
449.226800	-0.553589
449.226900	-0.568542
449.227000	-0.540466
449.227100	-0.409241
449.227200	-0.221558
449.227300	-0.063019
449.227400	0.024414
449.227500	0.056610
449.227600	0.063629
449.227700	0.064087
449.227800	0.065460
449.227900	0.069580
449.228000	0.074463
449.228100	0.088501
449.228200	0.100861
449.228300	0.103455
449.228400	0.102844
449.228500	0.100555
449.228600	0.105743
449.228700	0.098114
449.228800	0.096588
449.228900	0.097961
449.229000	0.096741
449.229100	0.098114
449.229200	0.098724
449.229300	0.091705
449.229400	0.090332
449.229500	0.085449
449.229600	0.082550
449.229700	0.075684
449.229800	0.075836
449.229900	0.075836
449.230000	0.076141
449.230100	0.073547
449.230200	0.072784
449.230300	0.074921
449.230400	0.072937
449.230500	0.076141
449.230600	0.082550
449.230700	0.085754
449.230800	0.087433
449.230900	0.091400
449.231000	0.086823
449.231100	0.085602
449.231200	0.082550
449.231300	0.082703
449.231400	0.081787
449.231500	0.081024
449.231600	0.088043
449.231700	0.092773
449.231800	0.091400
449.231900	0.090179
449.232000	0.086670
449.232100	0.088348
449.232200	0.086670
449.232300	0.084229
449.232400	0.084076
449.232500	0.080566
449.232600	0.081329
449.232700	0.072021
449.232800	0.072632
449.232900	0.076752
449.233000	0.069733
449.233100	0.069733
449.233200	0.069885
449.233300	0.067444
449.233400	0.066376
449.233500	0.074005
449.233600	0.081940
449.233700	0.081329
449.233800	0.080566
449.233900	0.081635
449.234000	0.079956
449.234100	0.084534
449.234200	0.086365
449.234300	0.091705
449.234400	0.094910
449.234500	0.097351
449.234600	0.100098
449.234700	0.102386
449.234800	0.103760
449.234900	0.095825
449.235000	0.083771
449.235100	0.073547
449.235200	0.060272
449.235300	0.052185
449.235400	0.051575
449.235500	0.050964
449.235600	0.048065
449.235700	0.052795
449.235800	0.060883
449.235900	0.061798
449.236000	0.075531
449.236100	0.079956
449.236200	0.082550
449.236300	0.088196
449.236400	0.081177
449.236500	0.088501
449.236600	0.088043
449.236700	0.090637
449.236800	0.090485
449.236900	0.081940
449.237000	0.078888
449.237100	0.080872
449.237200	0.084076
449.237300	0.080414
449.237400	0.083008
449.237500	0.076599
449.237600	0.086670
449.237700	0.086060
449.237800	0.086060
449.237900	0.081329
449.238000	0.078125
449.238100	0.078888
449.238200	0.071411
449.238300	0.071106
449.238400	0.075836
449.238500	0.084076
449.238600	0.083466
449.238700	0.090485
449.238800	0.094452
449.238900	0.097656
449.239000	0.100861
449.239100	0.103455
449.239200	0.111389
449.239300	0.115814
449.239400	0.111237
449.239500	0.102844
449.239600	0.089569
449.239700	0.068665
449.239800	0.057068
449.239900	0.036621
449.240000	0.018005
449.240100	0.011902
449.240200	0.020142
449.240300	0.029755
449.240400	0.040894
449.240500	0.052948
449.240600	0.073242
449.240700	0.101318
449.240800	0.183716
449.240900	0.310516
449.241000	0.536346
449.241100	0.784454
449.241200	0.853882
449.241300	0.789642
449.241400	0.681305
449.241500	0.526581
449.241600	0.283051
449.241700	-0.013885
449.241800	-0.304871
449.241900	-0.520325
449.242000	-0.660858
449.242100	-0.751190
449.242200	-0.827484
449.242300	-0.756836
449.242400	-0.500336
449.242500	-0.256653
449.242600	-0.077667
449.242700	0.024567
449.242800	0.068054
449.242900	0.090332
449.243000	0.091095
449.243100	0.091095
449.243200	0.093536
449.243300	0.094757
449.243400	0.086517
449.243500	0.090790
449.243600	0.090332
449.243700	0.089111
449.243800	0.092621
449.243900	0.091400
449.244000	0.093842
449.244100	0.104523
449.244200	0.143280
449.244300	0.252228
449.244400	0.452881
449.244500	0.701752
449.244600	0.892487
449.244700	0.989380
449.244800	0.954895
449.244900	0.728455
449.245000	0.304565
449.245100	-0.204926
449.245200	-0.613098
449.245300	-0.782318
449.245400	-0.736847
449.245500	-0.425720
449.245600	0.080566
449.245700	0.630798
449.245800	1.008911
449.245900	1.167297
449.246000	1.115265
449.246100	0.858612
449.246200	0.467529
449.246300	-0.004425
449.246400	-0.485229
449.246500	-0.866699
449.246600	-1.130371
449.246700	-1.188965
449.246800	-1.208191
449.246900	-1.015320
449.247000	-0.710144
449.247100	-0.372467
449.247200	-0.130615
449.247300	0.004425
449.247400	0.071564
449.247500	0.095520
449.247600	0.104370
449.247700	0.107422
449.247800	0.107727
449.247900	0.114899
449.248000	0.119324
449.248100	0.131226
449.248200	0.137482
449.248300	0.143738
449.248400	0.144501
449.248500	0.141144
449.248600	0.134125
449.248700	0.119019
449.248800	0.104065
449.248900	0.094910
449.249000	0.092316
449.249100	0.080261
449.249200	0.079041
449.249300	0.087128
449.249400	0.098724
449.249500	0.161133
449.249600	0.309448
449.249700	0.619354
449.249800	1.024628
449.249900	1.337433
449.250000	1.488342
449.250100	1.478882
449.250200	1.147156
449.250300	0.465546
449.250400	-0.339661
449.250500	-0.982361
449.250600	-1.240692
449.250700	-1.382294
449.250800	-1.303711
449.250900	-1.159210
449.251000	-0.579681
449.251100	-0.202942
449.251200	0.011139
449.251300	0.100861
449.251400	0.128784
449.251500	0.130615
449.251600	0.125885
449.251700	0.115662
449.251800	0.095825
449.251900	0.077057
449.252000	0.065002
449.252100	0.059814
449.252200	0.056305
449.252300	0.060730
449.252400	0.072937
449.252500	0.090942
449.252600	0.107727
449.252700	0.112762
449.252800	0.123444
449.252900	0.131683
449.253000	0.138550
449.253100	0.178223
449.253200	0.284119
449.253300	0.501404
449.253400	0.801392
449.253500	1.078796
449.253600	1.221008
449.253700	1.227570
449.253800	1.092377
449.253900	0.762177
449.254000	0.293274
449.254100	-0.208130
449.254200	-0.707397
449.254300	-1.053772
449.254400	-1.185303
449.254500	-1.191101
449.254600	-1.032410
449.254700	-0.742340
449.254800	-0.367432
449.254900	-0.065308
449.255000	0.104980
449.255100	0.184326
449.255200	0.203094
449.255300	0.166321
449.255400	0.104523
449.255500	0.042725
449.255600	0.006409
449.255700	-0.009460
449.255800	-0.006409
449.255900	0.008698
449.256000	0.044861
449.256100	0.089874
449.256200	0.136261
449.256300	0.183411
449.256400	0.225067
449.256500	0.249329
449.256600	0.270691
449.256700	0.255890
449.256800	0.227661
449.256900	0.183105
449.257000	0.127869
449.257100	0.066833
449.257200	0.016174
449.257300	-0.020599
449.257400	-0.053558
449.257500	-0.059967
449.257600	-0.042572
449.257700	-0.014954
449.257800	0.033569
449.257900	0.057678
449.258000	0.080872
449.258100	0.098419
449.258200	0.100708
449.258300	0.099945
449.258400	0.102539
449.258500	0.096283
449.258600	0.098114
449.258700	0.097656
449.258800	0.091705
449.258900	0.098877
449.259000	0.101318
449.259100	0.099182
449.259200	0.091248
449.259300	0.089264
449.259400	0.093231
449.259500	0.088959
449.259600	0.074310
449.259700	0.075684
449.259800	0.075836
449.259900	0.085449
449.260000	0.126801
449.260100	0.228424
449.260200	0.421295
449.260300	0.691681
449.260400	0.981750
449.260500	1.209717
449.260600	1.320496
449.260700	1.226501
449.260800	0.905457
449.260900	0.443420
449.261000	-0.082397
449.261100	-0.580750
449.261200	-0.914307
449.261300	-1.096191
449.261400	-1.135406
449.261500	-1.038513
449.261600	-0.823669
449.261700	-0.534363
449.261800	-0.253143
449.261900	-0.066223
449.262000	0.026398
449.262100	0.057373
449.262200	0.048218
449.262300	0.044250
449.262400	0.042725
449.262500	0.054321
449.262600	0.067139
449.262700	0.077209
449.262800	0.085449
449.262900	0.091248
449.263000	0.085449
449.263100	0.076599
449.263200	0.079041
449.263300	0.086060
449.263400	0.082550
449.263500	0.085907
449.263600	0.091858
449.263700	0.094757
449.263800	0.102997
449.263900	0.099335
449.264000	0.095978
449.264100	0.091858
449.264200	0.101013
449.264300	0.093994
449.264400	0.092926
449.264500	0.102844
449.264600	0.132904
449.264700	0.231476
449.264800	0.438538
449.264900	0.739594
449.265000	1.005249
449.265100	1.144257
449.265200	1.139221
449.265300	0.901794
449.265400	0.421906
449.265500	-0.160980
449.265600	-0.692291
449.265700	-0.971680
449.265800	-1.026306
449.265900	-0.905914
449.266000	-0.571289
449.266100	-0.152130
449.266200	0.144043
449.266300	0.314484
449.266400	0.385895
449.266500	0.316010
449.266600	0.150757
449.266700	-0.038300
449.266800	-0.233612
449.266900	-0.357971
449.267000	-0.377655
449.267100	-0.353394
449.267200	-0.333099
449.267300	-0.245667
449.267400	-0.114288
449.267500	-0.007935
449.267600	0.063477
449.267700	0.092926
449.267800	0.101929
449.267900	0.106201
449.268000	0.103760
449.268100	0.104675
449.268200	0.110168
449.268300	0.107117
449.268400	0.111389
449.268500	0.114441
449.268600	0.112152
449.268700	0.113983
449.268800	0.119019
449.268900	0.119629
449.269000	0.115051
449.269100	0.118408
449.269200	0.118103
449.269300	0.113983
449.269400	0.114288
449.269500	0.121155
449.269600	0.122528
449.269700	0.114746
449.269800	0.111084
449.269900	0.103912
449.270000	0.092773
449.270100	0.088043
449.270200	0.086517
449.270300	0.094604
449.270400	0.094757
449.270500	0.094604
449.270600	0.100250
449.270700	0.103760
449.270800	0.098877
449.270900	0.099487
449.271000	0.094147
449.271100	0.088196
449.271200	0.086212
449.271300	0.090637
449.271400	0.103912
449.271500	0.113831
449.271600	0.127869
449.271700	0.148468
449.271800	0.206604
449.271900	0.323486
449.272000	0.520782
449.272100	0.721436
449.272200	0.845032
449.272300	0.876465
449.272400	0.773468
449.272500	0.511627
449.272600	0.130768
449.272700	-0.280304
449.272800	-0.613861
449.272900	-0.774841
449.273000	-0.795746
449.273100	-0.724487
449.273200	-0.543976
449.273300	-0.319214
449.273400	-0.127716
449.273500	0.000305
449.273600	0.065460
449.273700	0.094604
449.273800	0.104065
449.273900	0.115967
449.274000	0.124054
449.274100	0.132904
449.274200	0.128632
449.274300	0.130310
449.274400	0.128021
449.274500	0.121155
449.274600	0.103149
449.274700	0.090027
449.274800	0.076294
449.274900	0.065460
449.275000	0.055389
449.275100	0.052032
449.275200	0.056458
449.275300	0.058899
449.275400	0.059357
449.275500	0.058746
449.275600	0.067902
449.275700	0.072174
449.275800	0.085449
449.275900	0.086212
449.276000	0.089264
449.276100	0.087433
449.276200	0.093842
449.276300	0.091553
449.276400	0.094604
449.276500	0.086670
449.276600	0.089569
449.276700	0.090637
449.276800	0.095215
449.276900	0.098267
449.277000	0.100250
449.277100	0.097961
449.277200	0.115509
449.277300	0.128479
449.277400	0.133972
449.277500	0.143127
449.277600	0.136566
449.277700	0.122833
449.277800	0.099030
449.277900	0.068054
449.278000	0.039215
449.278100	0.025940
449.278200	0.014648
449.278300	0.025787
449.278400	0.039673
449.278500	0.052643
449.278600	0.065460
449.278700	0.075989
449.278800	0.086060
449.278900	0.089417
449.279000	0.089111
449.279100	0.091095
449.279200	0.089417
449.279300	0.092621
449.279400	0.094452
449.279500	0.092621
449.279600	0.096741
449.279700	0.098114
449.279800	0.105133
449.279900	0.101471
449.280000	0.099640
