165.988100	0.107422
165.988200	0.101318
165.988300	0.100861
165.988400	0.095978
165.988500	0.096588
165.988600	0.107117
165.988700	0.109711
165.988800	0.110626
165.988900	0.134583
165.989000	0.169830
165.989100	0.239258
165.989200	0.366821
165.989300	0.524445
165.989400	0.722198
165.989500	0.931244
165.989600	1.115723
165.989700	1.242676
165.989800	1.305084
165.989900	1.297150
165.990000	1.225433
165.990100	1.084290
165.990200	0.858459
165.990300	0.559082
165.990400	0.218201
165.990500	-0.136108
165.990600	-0.493927
165.990700	-0.800476
165.990800	-1.040955
165.990900	-1.176605
165.991000	-1.277771
165.991100	-1.275177
165.991200	-1.209869
165.991300	-1.190491
165.991400	-0.930328
165.991500	-0.722961
165.991600	-0.486450
165.991700	-0.277863
165.991800	-0.122528
165.991900	-0.023804
165.992000	0.037537
165.992100	0.073853
165.992200	0.087433
165.992300	0.093079
165.992400	0.108337
165.992500	0.101624
165.992600	0.100555
165.992700	0.106506
165.992800	0.107117
165.992900	0.109863
165.993000	0.108490
165.993100	0.108337
165.993200	0.110168
165.993300	0.109253
165.993400	0.113678
165.993500	0.116119
165.993600	0.118713
165.993700	0.124664
165.993800	0.133057
165.993900	0.139618
165.994000	0.146484
165.994100	0.159302
165.994200	0.166779
165.994300	0.169373
165.994400	0.167694
165.994500	0.157623
165.994600	0.146637
165.994700	0.134277
165.994800	0.120850
165.994900	0.100708
165.995000	0.080566
165.995100	0.070343
165.995200	0.063171
165.995300	0.058594
165.995400	0.055389
165.995500	0.048676
165.995600	0.057373
165.995700	0.062561
165.995800	0.075684
165.995900	0.084534
165.996000	0.094757
165.996100	0.099945
165.996200	0.100403
165.996300	0.107574
165.996400	0.105591
165.996500	0.105438
165.996600	0.095978
165.996700	0.087891
165.996800	0.084839
165.996900	0.089264
165.997000	0.081940
165.997100	0.082855
165.997200	0.078278
165.997300	0.075684
165.997400	0.069275
165.997500	0.073547
165.997600	0.067139
165.997700	0.060425
165.997800	0.072327
165.997900	0.077057
165.998000	0.068665
165.998100	0.071564
165.998200	0.073090
165.998300	0.077209
165.998400	0.078125
165.998500	0.083160
165.998600	0.090942
165.998700	0.083313
165.998800	0.095215
165.998900	0.096893
165.999000	0.096130
165.999100	0.096741
165.999200	0.101929
165.999300	0.100403
165.999400	0.106659
165.999500	0.106506
165.999600	0.105896
165.999700	0.104675
165.999800	0.101013
165.999900	0.094147
166.000000	0.100708
166.000100	0.095673
166.000200	0.097961
166.000300	0.099487
166.000400	0.097656
166.000500	0.104523
166.000600	0.110321
166.000700	0.106659
166.000800	0.108643
166.000900	0.110474
166.001000	0.115662
166.001100	0.126495
166.001200	0.153656
166.001300	0.203857
166.001400	0.301208
166.001500	0.448151
166.001600	0.642700
166.001700	0.875244
166.001800	1.046143
166.001900	1.105194
166.002000	1.088409
166.002100	1.070862
166.002200	1.025391
166.002300	0.912018
166.002400	0.653992
166.002500	0.243073
166.002600	-0.231781
166.002700	-0.663605
166.002800	-0.901489
166.002900	-1.010590
166.003000	-1.042938
166.003100	-1.049805
166.003200	-1.044006
166.003300	-1.016235
166.003400	-0.899811
166.003500	-0.670166
166.003600	-0.414581
166.003700	-0.209808
166.003800	-0.065460
166.003900	0.028076
166.004000	0.079956
166.004100	0.104218
166.004200	0.115814
166.004300	0.126953
166.004400	0.131683
166.004500	0.140991
166.004600	0.148010
166.004700	0.156403
166.004800	0.153809
166.004900	0.155029
166.005000	0.154114
166.005100	0.141144
166.005200	0.130310
166.005300	0.120392
166.005400	0.107117
166.005500	0.094910
166.005600	0.087128
166.005700	0.082703
166.005800	0.086060
166.005900	0.083160
166.006000	0.087891
166.006100	0.088348
166.006200	0.102539
166.006300	0.106354
166.006400	0.108032
166.006500	0.115814
166.006600	0.125275
166.006700	0.130768
166.006800	0.124817
166.006900	0.124207
166.007000	0.120087
166.007100	0.122223
166.007200	0.122223
166.007300	0.118103
166.007400	0.120850
166.007500	0.110168
166.007600	0.110321
166.007700	0.109100
166.007800	0.101776
166.007900	0.105591
166.008000	0.106812
166.008100	0.108185
166.008200	0.120697
166.008300	0.119934
166.008400	0.119934
166.008500	0.127563
166.008600	0.145111
166.008700	0.158691
166.008800	0.173340
166.008900	0.172729
166.009000	0.166931
166.009100	0.162506
166.009200	0.163116
166.009300	0.160065
166.009400	0.167084
166.009500	0.178223
166.009600	0.192261
166.009700	0.227661
166.009800	0.325012
166.009900	0.541077
166.010000	0.897369
166.010100	1.417847
166.010200	2.088013
166.010300	2.745667
166.010400	3.201599
166.010500	3.415985
166.010600	3.448181
166.010700	3.292084
166.010800	2.858276
166.010900	2.058868
166.011000	1.002502
166.011100	-0.159607
166.011200	-1.100922
166.011300	-2.252350
166.011400	-3.059998
166.011500	-3.532715
166.011600	-3.674469
166.011700	-3.589478
166.011800	-3.352203
166.011900	-2.943268
166.012000	-2.356262
166.012100	-1.709595
166.012200	-1.223297
166.012300	-0.574036
166.012400	-0.207520
166.012500	-0.003510
166.012600	0.097656
166.012700	0.142059
166.012800	0.147705
166.012900	0.148468
166.013000	0.145721
166.013100	0.149384
166.013200	0.138702
166.013300	0.132904
166.013400	0.131378
166.013500	0.124207
166.013600	0.124512
166.013700	0.129852
166.013800	0.133972
166.013900	0.131683
166.014000	0.134430
166.014100	0.141754
166.014200	0.144196
166.014300	0.149078
166.014400	0.151978
166.014500	0.149078
166.014600	0.149536
166.014700	0.157471
166.014800	0.158386
166.014900	0.166016
166.015000	0.175629
166.015100	0.195465
166.015200	0.207520
166.015300	0.229950
166.015400	0.244904
166.015500	0.251923
166.015600	0.259094
166.015700	0.254669
166.015800	0.243988
166.015900	0.227203
166.016000	0.187836
166.016100	0.153198
166.016200	0.121155
166.016300	0.086670
166.016400	0.059052
166.016500	0.033569
166.016600	0.023804
166.016700	0.026093
166.016800	0.034637
166.016900	0.042267
166.017000	0.052795
166.017100	0.063629
166.017200	0.076904
166.017300	0.088654
166.017400	0.095673
166.017500	0.111389
166.017600	0.122375
166.017700	0.130157
166.017800	0.140839
166.017900	0.144043
166.018000	0.139008
166.018100	0.141296
166.018200	0.135803
166.018300	0.133667
166.018400	0.134583
166.018500	0.111084
166.018600	0.099487
166.018700	0.086975
166.018800	0.086212
166.018900	0.081940
166.019000	0.074768
166.019100	0.067139
166.019200	0.076141
166.019300	0.084381
166.019400	0.098724
166.019500	0.114899
166.019600	0.123291
166.019700	0.126953
166.019800	0.125122
166.019900	0.123901
166.020000	0.121613
166.020100	0.121613
166.020200	0.113831
166.020300	0.117950
166.020400	0.110168
166.020500	0.108643
166.020600	0.100708
166.020700	0.105438
166.020800	0.111847
166.020900	0.109558
166.021000	0.107574
166.021100	0.107269
166.021200	0.107574
166.021300	0.110931
166.021400	0.109863
166.021500	0.111847
166.021600	0.105591
166.021700	0.108643
166.021800	0.110016
166.021900	0.107422
166.022000	0.114594
166.022100	0.120544
166.022200	0.122986
166.022300	0.120239
166.022400	0.118561
166.022500	0.118866
166.022600	0.130310
166.022700	0.121002
166.022800	0.126648
166.022900	0.118256
166.023000	0.120544
166.023100	0.120850
166.023200	0.117950
166.023300	0.118713
166.023400	0.119476
166.023500	0.118256
166.023600	0.117798
166.023700	0.116882
166.023800	0.113068
166.023900	0.117340
166.024000	0.120392
166.024100	0.119019
166.024200	0.117645
166.024300	0.111084
166.024400	0.105896
166.024500	0.106354
166.024600	0.108795
166.024700	0.098419
166.024800	0.092773
166.024900	0.090179
166.025000	0.093689
166.025100	0.092468
166.025200	0.092468
166.025300	0.094299
166.025400	0.090942
166.025500	0.092773
166.025600	0.087891
166.025700	0.084686
166.025800	0.088654
166.025900	0.093689
166.026000	0.094604
166.026100	0.095062
166.026200	0.098267
166.026300	0.102234
166.026400	0.105133
166.026500	0.110931
166.026600	0.112457
166.026700	0.111847
166.026800	0.121613
166.026900	0.119934
166.027000	0.120392
166.027100	0.119324
166.027200	0.119629
166.027300	0.123138
166.027400	0.129395
166.027500	0.133972
166.027600	0.134583
166.027700	0.136871
166.027800	0.138397
166.027900	0.130005
166.028000	0.126038
166.028100	0.121613
166.028200	0.119934
166.028300	0.105133
166.028400	0.103607
166.028500	0.088348
166.028600	0.073090
166.028700	0.059814
166.028800	0.047302
166.028900	0.053558
166.029000	0.050964
166.029100	0.056610
166.029200	0.072632
166.029300	0.110321
166.029400	0.175018
166.029500	0.286255
166.029600	0.429840
166.029700	0.588684
166.029800	0.740814
166.029900	0.846252
166.030000	0.912018
166.030100	0.908813
166.030200	0.859528
166.030300	0.726929
166.030400	0.519714
166.030500	0.268555
166.030600	-0.002594
166.030700	-0.278320
166.030800	-0.539246
166.030900	-0.733337
166.031000	-0.840607
166.031100	-0.885162
166.031200	-0.873108
166.031300	-0.812225
166.031400	-0.696564
166.031500	-0.519104
166.031600	-0.341949
166.031700	-0.192261
166.031800	-0.064697
166.031900	0.009613
166.032000	0.054321
166.032100	0.081482
166.032200	0.093079
166.032300	0.097351
166.032400	0.099945
166.032500	0.097351
166.032600	0.097809
166.032700	0.094452
166.032800	0.095825
166.032900	0.092621
166.033000	0.097656
166.033100	0.097656
166.033200	0.105286
166.033300	0.133362
166.033400	0.197754
166.033500	0.315857
166.033600	0.527344
166.033700	0.827026
166.033800	1.210327
166.033900	1.629486
166.034000	2.007904
166.034100	2.274017
166.034200	2.403107
166.034300	2.408447
166.034400	2.271729
166.034500	1.983032
166.034600	1.518250
166.034700	0.929718
166.034800	0.256805
166.034900	-0.480042
166.035000	-1.100311
166.035100	-1.677246
166.035200	-2.090759
166.035300	-2.338562
166.035400	-2.417450
166.035500	-2.340851
166.035600	-2.166595
166.035700	-1.906586
166.035800	-1.580658
166.035900	-1.226654
166.036000	-0.816040
166.036100	-0.427551
166.036200	-0.178986
166.036300	-0.019073
166.036400	0.060425
166.036500	0.113525
166.036600	0.134125
166.036700	0.142975
166.036800	0.156555
166.036900	0.162354
166.037000	0.162201
166.037100	0.160828
166.037200	0.161438
166.037300	0.157471
166.037400	0.154419
166.037500	0.145416
166.037600	0.134888
166.037700	0.127411
166.037800	0.127411
166.037900	0.111389
166.038000	0.114136
166.038100	0.108337
166.038200	0.107117
166.038300	0.100403
166.038400	0.107574
166.038500	0.112457
166.038600	0.112152
166.038700	0.120544
166.038800	0.121002
166.038900	0.122986
166.039000	0.122375
166.039100	0.125732
166.039200	0.117645
166.039300	0.119781
166.039400	0.126953
166.039500	0.122833
166.039600	0.127716
166.039700	0.133057
166.039800	0.132599
166.039900	0.132141
166.040000	0.128174
166.040100	0.134277
166.040200	0.142975
166.040300	0.129852
166.040400	0.126801
166.040500	0.124207
166.040600	0.137329
166.040700	0.156555
166.040800	0.188599
166.040900	0.235443
166.041000	0.307007
166.041100	0.392609
166.041200	0.465851
166.041300	0.538635
166.041400	0.565186
166.041500	0.563202
166.041600	0.531616
