405.604100	0.085449
405.604200	0.084534
405.604300	0.080872
405.604400	0.082245
405.604500	0.082397
405.604600	0.085907
405.604700	0.083008
405.604800	0.087891
405.604900	0.087738
405.605000	0.087891
405.605100	0.084839
405.605200	0.079498
405.605300	0.076294
405.605400	0.073395
405.605500	0.070343
405.605600	0.067596
405.605700	0.067444
405.605800	0.065460
405.605900	0.062256
405.606000	0.072174
405.606100	0.081024
405.606200	0.094910
405.606300	0.112000
405.606400	0.130768
405.606500	0.148163
405.606600	0.157166
405.606700	0.153503
405.606800	0.146790
405.606900	0.144501
405.607000	0.133667
405.607100	0.121765
405.607200	0.099487
405.607300	0.075378
405.607400	0.049591
405.607500	0.035095
405.607600	0.022430
405.607700	0.010986
405.607800	0.016022
405.607900	0.010834
405.608000	0.005341
405.608100	0.000610
405.608200	-0.003357
405.608300	0.001221
405.608400	0.014038
405.608500	0.019684
405.608600	0.028992
405.608700	0.027618
405.608800	0.022278
405.608900	0.014343
405.609000	0.010986
405.609100	0.005341
405.609200	0.004578
405.609300	0.000916
405.609400	0.000305
405.609500	0.000458
405.609600	0.009918
405.609700	0.014496
405.609800	0.025330
405.609900	0.027161
405.610000	0.037537
405.610100	0.045624
405.610200	0.046997
405.610300	0.041351
405.610400	0.037842
405.610500	0.042419
405.610600	0.046539
405.610700	0.052490
405.610800	0.056610
405.610900	0.058899
405.611000	0.056915
405.611100	0.056000
405.611200	0.058594
405.611300	0.062408
405.611400	0.062408
405.611500	0.062714
405.611600	0.062256
405.611700	0.054779
405.611800	0.058899
405.611900	0.054321
405.612000	0.050659
405.612100	0.047760
405.612200	0.050049
405.612300	0.049896
405.612400	0.050659
405.612500	0.050201
405.612600	0.047760
405.612700	0.052338
405.612800	0.055542
405.612900	0.053406
405.613000	0.060272
405.613100	0.056763
405.613200	0.057983
405.613300	0.060730
405.613400	0.061951
405.613500	0.054779
405.613600	0.059357
405.613700	0.052948
405.613800	0.055237
405.613900	0.049591
405.614000	0.050049
405.614100	0.049286
405.614200	0.058594
405.614300	0.055084
405.614400	0.051727
405.614500	0.055389
405.614600	0.057831
405.614700	0.061646
405.614800	0.058746
405.614900	0.063782
405.615000	0.059509
405.615100	0.055389
405.615200	0.054016
405.615300	0.055695
405.615400	0.057373
405.615500	0.064240
405.615600	0.067902
405.615700	0.074463
405.615800	0.077667
405.615900	0.073700
405.616000	0.072327
405.616100	0.073090
405.616200	0.068207
405.616300	0.063782
405.616400	0.056152
405.616500	0.040588
405.616600	0.029144
405.616700	0.010223
405.616800	-0.004578
405.616900	-0.017853
405.617000	-0.032043
405.617100	-0.039520
405.617200	-0.037079
405.617300	-0.036316
405.617400	-0.037231
405.617500	-0.024872
405.617600	-0.014954
405.617700	0.012817
405.617800	0.051880
405.617900	0.105133
405.618000	0.179291
405.618100	0.266418
405.618200	0.375214
405.618300	0.479431
405.618400	0.555267
405.618500	0.570068
405.618600	0.538940
405.618700	0.484467
405.618800	0.427856
405.618900	0.363617
405.619000	0.285645
405.619100	0.205841
405.619200	0.116425
405.619300	0.021362
405.619400	-0.070801
405.619500	-0.161133
405.619600	-0.241699
405.619700	-0.321045
405.619800	-0.379639
405.619900	-0.428009
405.620000	-0.480652
405.620100	-0.522461
405.620200	-0.554657
405.620300	-0.534515
405.620400	-0.453949
405.620500	-0.337219
405.620600	-0.232849
405.620700	-0.153809
405.620800	-0.078278
405.620900	-0.026855
405.621000	0.007324
405.621100	0.027618
405.621200	0.042114
405.621300	0.053406
405.621400	0.050049
405.621500	0.055847
405.621600	0.058746
405.621700	0.064545
405.621800	0.072937
405.621900	0.073853
405.622000	0.079956
405.622100	0.079346
405.622200	0.097504
405.622300	0.097809
405.622400	0.098877
405.622500	0.093231
405.622600	0.087585
405.622700	0.082703
405.622800	0.069885
405.622900	0.059204
405.623000	0.049896
405.623100	0.038910
405.623200	0.031128
405.623300	0.023804
405.623400	0.019226
405.623500	0.015869
405.623600	0.007324
405.623700	0.008698
405.623800	0.013428
405.623900	0.021515
405.624000	0.018005
405.624100	0.022888
405.624200	0.027313
405.624300	0.034790
405.624400	0.032501
405.624500	0.035553
405.624600	0.036163
405.624700	0.041962
405.624800	0.036926
405.624900	0.040894
405.625000	0.038300
405.625100	0.034027
405.625200	0.035706
405.625300	0.032959
405.625400	0.033264
405.625500	0.029602
405.625600	0.029907
405.625700	0.036621
405.625800	0.032043
405.625900	0.038910
405.626000	0.040131
405.626100	0.046234
405.626200	0.056305
405.626300	0.055847
405.626400	0.055847
405.626500	0.062256
405.626600	0.052338
405.626700	0.054169
405.626800	0.052032
405.626900	0.054016
405.627000	0.053558
405.627100	0.053406
405.627200	0.058441
405.627300	0.054779
405.627400	0.055695
405.627500	0.058594
405.627600	0.058594
405.627700	0.053864
405.627800	0.058136
405.627900	0.065765
405.628000	0.062103
405.628100	0.066833
405.628200	0.065460
405.628300	0.061951
405.628400	0.068665
405.628500	0.065460
405.628600	0.065460
405.628700	0.068359
405.628800	0.061646
405.628900	0.059357
405.629000	0.069122
405.629100	0.064087
405.629200	0.058594
405.629300	0.056915
405.629400	0.055237
405.629500	0.060425
405.629600	0.061035
405.629700	0.060120
405.629800	0.059052
405.629900	0.052490
405.630000	0.056915
405.630100	0.057526
405.630200	0.059204
405.630300	0.063171
405.630400	0.064545
405.630500	0.063477
405.630600	0.065308
405.630700	0.064850
405.630800	0.057526
405.630900	0.054016
405.631000	0.049591
405.631100	0.039062
405.631200	0.029907
405.631300	0.023956
405.631400	0.012512
405.631500	0.006866
405.631600	-0.004120
405.631700	-0.009308
405.631800	-0.016327
405.631900	-0.021667
405.632000	-0.025330
405.632100	-0.027161
405.632200	-0.029144
405.632300	-0.023499
405.632400	-0.017853
405.632500	-0.018768
405.632600	-0.007172
405.632700	-0.000153
405.632800	0.008240
405.632900	0.010071
405.633000	0.019073
405.633100	0.022888
405.633200	0.025177
405.633300	0.034485
405.633400	0.034943
405.633500	0.034027
405.633600	0.033875
405.633700	0.035095
405.633800	0.030670
405.633900	0.031433
405.634000	0.029602
405.634100	0.028687
405.634200	0.027618
405.634300	0.025177
405.634400	0.027161
405.634500	0.029449
405.634600	0.028076
405.634700	0.028839
405.634800	0.026398
405.634900	0.027924
405.635000	0.030365
405.635100	0.033417
405.635200	0.028687
405.635300	0.031738
405.635400	0.033264
405.635500	0.032349
405.635600	0.039368
405.635700	0.037231
405.635800	0.042572
405.635900	0.047607
405.636000	0.050201
405.636100	0.063324
405.636200	0.080109
405.636300	0.095520
405.636400	0.117035
405.636500	0.128479
405.636600	0.144196
405.636700	0.146027
405.636800	0.144196
405.636900	0.130157
405.637000	0.124664
405.637100	0.102692
405.637200	0.070801
405.637300	0.033417
405.637400	0.000153
405.637500	-0.040131
405.637600	-0.061493
405.637700	-0.073090
405.637800	-0.078735
405.637900	-0.091553
405.638000	-0.090179
405.638100	-0.085297
405.638200	-0.068817
405.638300	-0.041199
405.638400	-0.016937
405.638500	0.001984
405.638600	0.020447
405.638700	0.025177
405.638800	0.034485
405.638900	0.043335
405.639000	0.045471
405.639100	0.044250
405.639200	0.042267
405.639300	0.041199
405.639400	0.040283
405.639500	0.041656
405.639600	0.034790
405.639700	0.041046
405.639800	0.035858
405.639900	0.031738
405.640000	0.036774
405.640100	0.041656
405.640200	0.038147
405.640300	0.037689
405.640400	0.040894
405.640500	0.040588
405.640600	0.040436
405.640700	0.042419
405.640800	0.044098
405.640900	0.041809
405.641000	0.036316
405.641100	0.045319
405.641200	0.055542
405.641300	0.083466
405.641400	0.142822
405.641500	0.234985
405.641600	0.355530
405.641700	0.500946
405.641800	0.635223
405.641900	0.709534
405.642000	0.747986
405.642100	0.769196
405.642200	0.767822
405.642300	0.717316
405.642400	0.579224
405.642500	0.359497
405.642600	0.100555
405.642700	-0.174713
405.642800	-0.447693
405.642900	-0.694885
405.643000	-0.844116
405.643100	-0.912018
405.643200	-0.914917
405.643300	-0.897369
405.643400	-0.870972
405.643500	-0.811310
405.643600	-0.672607
405.643700	-0.474243
405.643800	-0.286102
405.643900	-0.146027
405.644000	-0.049896
405.644100	0.017242
405.644200	0.050659
405.644300	0.059357
405.644400	0.064545
405.644500	0.065460
405.644600	0.070038
405.644700	0.071564
405.644800	0.074768
405.644900	0.100250
405.645000	0.153351
405.645100	0.236206
405.645200	0.357971
405.645300	0.547180
405.645400	0.816040
405.645500	1.136627
405.645600	1.418762
405.645700	1.613770
405.645800	1.750793
405.645900	1.865997
405.646000	1.943817
405.646100	1.981659
405.646200	1.905518
405.646300	1.623535
405.646400	1.140747
405.646500	0.549622
405.646600	-0.081787
405.646700	-0.736847
405.646800	-1.183777
405.646900	-1.767120
405.647000	-2.014923
405.647100	-2.117004
405.647200	-2.125092
405.647300	-2.102051
405.647400	-2.043457
405.647500	-1.920013
405.647600	-1.681213
405.647700	-1.354370
405.647800	-1.040039
405.647900	-0.632172
405.648000	-0.363007
405.648100	-0.166321
405.648200	-0.039825
405.648300	0.035706
405.648400	0.075836
405.648500	0.097961
405.648600	0.106354
405.648700	0.105438
405.648800	0.101624
405.648900	0.101471
405.649000	0.101013
405.649100	0.104218
405.649200	0.100861
405.649300	0.100250
405.649400	0.097046
405.649500	0.094604
405.649600	0.088348
405.649700	0.084686
405.649800	0.084076
405.649900	0.079956
405.650000	0.083313
405.650100	0.076599
405.650200	0.070801
405.650300	0.071411
405.650400	0.070648
405.650500	0.069580
405.650600	0.070038
405.650700	0.070038
405.650800	0.071564
405.650900	0.070190
405.651000	0.069733
405.651100	0.072479
405.651200	0.071411
405.651300	0.071259
405.651400	0.069580
405.651500	0.070343
405.651600	0.067596
405.651700	0.071259
405.651800	0.074158
405.651900	0.067291
405.652000	0.069733
405.652100	0.067291
405.652200	0.073242
405.652300	0.075226
405.652400	0.075378
405.652500	0.077820
405.652600	0.081177
405.652700	0.081940
405.652800	0.079651
405.652900	0.078430
405.653000	0.072174
405.653100	0.070190
405.653200	0.067139
405.653300	0.063782
405.653400	0.058899
405.653500	0.051270
405.653600	0.046082
405.653700	0.043182
405.653800	0.047150
405.653900	0.045929
405.654000	0.042725
405.654100	0.048218
405.654200	0.046082
405.654300	0.051727
405.654400	0.054779
405.654500	0.062714
405.654600	0.062256
405.654700	0.072784
405.654800	0.071869
405.654900	0.080719
405.655000	0.087738
405.655100	0.095367
405.655200	0.107422
405.655300	0.115204
405.655400	0.118256
405.655500	0.121918
405.655600	0.123596
405.655700	0.123749
405.655800	0.114746
405.655900	0.102997
405.656000	0.102844
405.656100	0.092010
405.656200	0.070190
405.656300	0.059509
405.656400	0.038452
405.656500	0.023956
405.656600	0.009003
405.656700	0.000763
405.656800	-0.009613
405.656900	-0.020599
405.657000	-0.029144
405.657100	-0.022583
405.657200	-0.022430
405.657300	-0.014954
405.657400	-0.010071
405.657500	0.004883
405.657600	0.012512
