130.352900	-0.004120
130.353000	-0.002899
130.353100	-0.002441
130.353200	-0.005493
130.353300	-0.002441
130.353400	-0.004272
130.353500	0.000305
130.353600	-0.009155
130.353700	-0.008392
130.353800	-0.005035
130.353900	-0.011902
130.354000	-0.007629
130.354100	-0.007324
130.354200	-0.004730
130.354300	-0.006866
130.354400	-0.007935
130.354500	0.000000
130.354600	0.015411
130.354700	0.048828
130.354800	0.090027
130.354900	0.150757
130.355000	0.233765
130.355100	0.349274
130.355200	0.497437
130.355300	0.672913
130.355400	0.826416
130.355500	0.904999
130.355600	0.925751
130.355700	0.924835
130.355800	0.934448
130.355900	0.959778
130.356000	0.994263
130.356100	1.010742
130.356200	0.950775
130.356300	0.781555
130.356400	0.514679
130.356500	0.208130
130.356600	-0.100250
130.356700	-0.406036
130.356800	-0.714111
130.356900	-0.986176
130.357000	-1.150055
130.357100	-1.173096
130.357200	-1.198730
130.357300	-1.182404
130.357400	-1.106873
130.357500	-1.078186
130.357600	-1.052856
130.357700	-1.022339
130.357800	-0.958405
130.357900	-0.820923
130.358000	-0.619965
130.358100	-0.441437
130.358200	-0.298920
130.358300	-0.195770
130.358400	-0.116119
130.358500	-0.051575
130.358600	-0.011597
130.358700	0.010681
130.358800	0.020599
130.358900	0.022888
130.359000	0.021667
130.359100	0.021667
130.359200	0.016479
130.359300	0.015259
130.359400	0.014191
130.359500	0.006866
130.359600	0.010071
130.359700	0.012207
130.359800	0.014496
130.359900	0.012512
130.360000	0.017700
130.360100	0.018616
130.360200	0.016479
130.360300	0.015564
130.360400	0.014648
130.360500	0.018311
130.360600	0.010681
130.360700	0.007782
130.360800	0.011139
130.360900	0.002594
130.361000	-0.002441
130.361100	-0.004578
130.361200	-0.011902
130.361300	-0.010071
130.361400	-0.008545
130.361500	-0.014801
130.361600	-0.010834
130.361700	-0.010834
130.361800	-0.005951
130.361900	-0.007477
130.362000	0.000000
130.362100	-0.000916
130.362200	-0.003662
130.362300	-0.002136
130.362400	-0.002747
130.362500	-0.011444
130.362600	-0.007324
130.362700	-0.007629
130.362800	-0.003815
130.362900	-0.008545
130.363000	-0.003204
130.363100	-0.002136
130.363200	-0.003357
130.363300	-0.006561
130.363400	-0.004272
130.363500	-0.009918
130.363600	-0.009308
130.363700	-0.010071
130.363800	-0.005035
130.363900	-0.000916
130.364000	-0.004883
130.364100	-0.003967
130.364200	0.000458
130.364300	-0.004120
130.364400	0.001831
130.364500	-0.001068
130.364600	-0.000916
130.364700	0.005951
130.364800	0.002136
130.364900	0.007324
130.365000	0.019379
130.365100	0.045166
130.365200	0.083923
130.365300	0.144501
130.365400	0.228882
130.365500	0.336304
130.365600	0.473480
130.365700	0.613251
130.365800	0.741730
130.365900	0.842438
130.366000	0.902405
130.366100	0.937195
130.366200	0.931244
130.366300	0.884552
130.366400	0.800781
130.366500	0.657959
130.366600	0.473633
130.366700	0.255127
130.366800	0.033569
130.366900	-0.184937
130.367000	-0.397949
130.367100	-0.610809
130.367200	-0.804596
130.367300	-0.938263
130.367400	-1.032867
130.367500	-1.077576
130.367600	-1.074371
130.367700	-1.034851
130.367800	-0.972137
130.367900	-0.881653
130.368000	-0.749969
130.368100	-0.609894
130.368200	-0.463562
130.368300	-0.338135
130.368400	-0.229645
130.368500	-0.140839
130.368600	-0.080414
130.368700	-0.036621
130.368800	-0.010529
130.368900	0.001984
130.369000	0.011444
130.369100	0.014038
130.369200	0.013123
130.369300	0.013580
130.369400	0.011139
130.369500	0.014343
130.369600	0.010071
130.369700	0.012817
130.369800	0.019989
130.369900	0.017090
130.370000	0.014801
130.370100	0.017395
130.370200	0.018616
130.370300	0.015717
130.370400	0.019226
130.370500	0.016174
130.370600	0.008698
130.370700	0.013885
130.370800	0.021210
130.370900	0.010986
130.371000	0.011139
130.371100	0.014343
130.371200	0.014648
130.371300	0.012817
130.371400	0.019989
130.371500	0.025482
130.371600	0.031128
130.371700	0.034943
130.371800	0.039062
130.371900	0.041656
130.372000	0.037689
130.372100	0.038452
130.372200	0.032196
130.372300	0.027313
130.372400	0.030060
130.372500	0.019379
130.372600	0.014648
130.372700	0.012665
130.372800	0.007324
130.372900	-0.006256
130.373000	-0.011292
130.373100	-0.020142
130.373200	-0.031128
130.373300	-0.035858
130.373400	-0.040741
130.373500	-0.042114
130.373600	-0.041962
130.373700	-0.044250
130.373800	-0.046234
130.373900	-0.051727
130.374000	-0.045166
130.374100	-0.046234
130.374200	-0.046692
130.374300	-0.045624
130.374400	-0.036621
130.374500	-0.028076
130.374600	-0.021973
130.374700	-0.022278
130.374800	-0.010834
130.374900	-0.012207
130.375000	-0.010071
130.375100	-0.013885
130.375200	-0.018616
130.375300	-0.012817
130.375400	-0.009613
130.375500	-0.013885
130.375600	-0.011292
130.375700	-0.014648
130.375800	-0.015411
130.375900	-0.011597
130.376000	-0.015259
130.376100	-0.013123
130.376200	-0.010986
130.376300	-0.009918
130.376400	-0.000763
130.376500	-0.007935
130.376600	-0.004730
130.376700	-0.009613
130.376800	-0.005951
130.376900	-0.013580
130.377000	-0.006409
130.377100	0.001068
130.377200	0.011902
130.377300	0.026093
130.377400	0.035553
130.377500	0.050201
130.377600	0.070038
130.377700	0.077972
130.377800	0.080566
130.377900	0.093384
130.378000	0.094757
130.378100	0.105133
130.378200	0.126495
130.378300	0.150757
130.378400	0.182037
130.378500	0.221863
130.378600	0.293274
130.378700	0.368652
130.378800	0.423889
130.378900	0.442810
130.379000	0.429230
130.379100	0.387115
130.379200	0.336304
130.379300	0.279541
130.379400	0.216522
130.379500	0.168304
130.379600	0.104828
130.379700	0.036774
130.379800	-0.037842
130.379900	-0.113525
130.380000	-0.184479
130.380100	-0.256653
130.380200	-0.312653
130.380300	-0.365906
130.380400	-0.411682
130.380500	-0.447388
130.380600	-0.479126
130.380700	-0.509338
130.380800	-0.528564
130.380900	-0.530548
130.381000	-0.505524
130.381100	-0.447235
130.381200	-0.354004
130.381300	-0.251617
130.381400	-0.148315
130.381500	-0.037842
130.381600	0.072937
130.381700	0.172119
130.381800	0.260925
130.381900	0.325623
130.382000	0.373840
130.382100	0.395203
130.382200	0.388794
130.382300	0.365906
130.382400	0.330048
130.382500	0.278778
130.382600	0.225983
130.382700	0.156250
130.382800	0.088806
130.382900	0.017395
130.383000	-0.062256
130.383100	-0.133820
130.383200	-0.202942
130.383300	-0.254822
130.383400	-0.308533
130.383500	-0.349884
130.383600	-0.382080
130.383700	-0.406342
130.383800	-0.422974
130.383900	-0.417328
130.384000	-0.402069
130.384100	-0.365143
130.384200	-0.316772
130.384300	-0.257263
130.384400	-0.199280
130.384500	-0.138245
130.384600	-0.090179
130.384700	-0.058136
130.384800	-0.025024
130.384900	-0.007477
130.385000	0.005188
130.385100	0.010681
130.385200	0.012970
130.385300	0.014038
130.385400	0.016632
130.385500	0.019684
130.385600	0.018158
130.385700	0.026398
130.385800	0.029297
130.385900	0.031281
130.386000	0.025635
130.386100	0.023499
130.386200	0.018616
130.386300	0.015869
130.386400	0.025024
130.386500	0.026245
130.386600	0.048065
130.386700	0.093079
130.386800	0.156403
130.386900	0.242004
130.387000	0.362091
130.387100	0.524902
130.387200	0.738831
130.387300	0.973663
130.387400	1.158600
130.387500	1.242523
130.387600	1.264648
130.387700	1.269531
130.387800	1.280212
130.387900	1.305695
130.388000	1.318817
130.388100	1.242065
130.388200	1.037445
130.388300	0.703125
130.388400	0.315552
130.388500	-0.051727
130.388600	-0.415192
130.388700	-0.785828
130.388800	-1.137085
130.388900	-1.472321
130.389000	-1.625061
130.389100	-1.643524
130.389200	-1.605072
130.389300	-1.550446
130.389400	-1.504669
130.389500	-1.476593
130.389600	-1.413879
130.389700	-1.294250
130.389800	-1.207886
130.389900	-0.824280
130.390000	-0.573730
130.390100	-0.385132
130.390200	-0.248108
130.390300	-0.135040
130.390400	-0.053711
130.390500	-0.000610
130.390600	0.029755
130.390700	0.037689
130.390800	0.045929
130.390900	0.044556
130.391000	0.037537
130.391100	0.031281
130.391200	0.026550
130.391300	0.028381
130.391400	0.018616
130.391500	0.011139
130.391600	0.011139
130.391700	0.004120
130.391800	0.003662
130.391900	0.002747
130.392000	-0.006409
130.392100	-0.002594
130.392200	-0.003204
130.392300	-0.001526
130.392400	-0.006256
130.392500	-0.000610
130.392600	0.002441
130.392700	0.007324
130.392800	0.007629
130.392900	0.012360
130.393000	0.016785
130.393100	0.015411
130.393200	0.019226
130.393300	0.026855
130.393400	0.030670
130.393500	0.038757
130.393600	0.036621
130.393700	0.043335
130.393800	0.043488
130.393900	0.041504
130.394000	0.037537
130.394100	0.039673
130.394200	0.032806
130.394300	0.028381
130.394400	0.023499
130.394500	0.026703
130.394600	0.024109
130.394700	0.021515
130.394800	0.021515
130.394900	0.012512
130.395000	0.010681
130.395100	0.008240
130.395200	0.006561
130.395300	-0.004120
130.395400	0.000000
130.395500	0.004425
130.395600	-0.002136
130.395700	0.000916
130.395800	0.001984
130.395900	0.007324
130.396000	0.007172
130.396100	0.015106
130.396200	0.017090
130.396300	0.020905
130.396400	0.021057
130.396500	0.024261
130.396600	0.020447
130.396700	0.019989
130.396800	0.010529
130.396900	0.012054
130.397000	0.007324
130.397100	-0.003815
130.397200	-0.011444
130.397300	-0.021973
130.397400	-0.029144
130.397500	-0.032349
130.397600	-0.035095
130.397700	-0.039673
130.397800	-0.040894
130.397900	-0.046539
130.398000	-0.046387
130.398100	-0.047760
130.398200	-0.050964
130.398300	-0.045166
130.398400	-0.049591
130.398500	-0.048676
130.398600	-0.042267
130.398700	-0.030518
130.398800	-0.028687
130.398900	-0.027924
130.399000	-0.018311
130.399100	-0.012970
130.399200	-0.011139
130.399300	-0.003204
130.399400	0.002747
130.399500	0.019989
130.399600	0.044403
130.399700	0.080261
130.399800	0.127106
130.399900	0.176239
130.400000	0.240173
130.400100	0.313110
130.400200	0.374451
130.400300	0.426025
130.400400	0.449524
130.400500	0.446167
130.400600	0.432281
130.400700	0.391083
130.400800	0.344086
130.400900	0.295258
130.401000	0.240479
130.401100	0.187988
130.401200	0.137939
130.401300	0.072479
130.401400	0.018005
130.401500	-0.042877
130.401600	-0.105133
130.401700	-0.166473
130.401800	-0.218201
130.401900	-0.263672
130.402000	-0.310516
130.402100	-0.347290
130.402200	-0.377197
130.402300	-0.411682
130.402400	-0.432129
130.402500	-0.446167
130.402600	-0.457153
130.402700	-0.460815
130.402800	-0.439453
130.402900	-0.406494
130.403000	-0.352936
130.403100	-0.293732
130.403200	-0.237732
130.403300	-0.183716
130.403400	-0.137787
130.403500	-0.095367
130.403600	-0.074463
130.403700	-0.054474
130.403800	-0.045624
130.403900	-0.039215
130.404000	-0.028687
130.404100	-0.021820
130.404200	-0.025787
130.404300	-0.020447
130.404400	-0.016479
130.404500	-0.009918
130.404600	-0.008545
130.404700	-0.009155
130.404800	-0.007172
130.404900	-0.008698
130.405000	-0.005035
130.405100	0.000458
130.405200	-0.002289
130.405300	0.001678
130.405400	0.002747
130.405500	0.011902
130.405600	0.004883
130.405700	0.004425
130.405800	0.007324
130.405900	0.006866
130.406000	0.001678
130.406100	0.006866
130.406200	0.002747
130.406300	0.002747
130.406400	0.001526
