121.136900	-0.009460
121.137000	-0.009003
121.137100	-0.014496
121.137200	-0.012054
121.137300	-0.016022
121.137400	-0.023193
121.137500	-0.022583
121.137600	-0.027313
121.137700	-0.027161
121.137800	-0.024109
121.137900	-0.023193
121.138000	-0.022125
121.138100	-0.023651
121.138200	-0.023346
121.138300	-0.029602
121.138400	-0.031128
121.138500	-0.024109
121.138600	-0.018005
121.138700	-0.011597
121.138800	-0.010223
121.138900	-0.002899
121.139000	-0.003815
121.139100	-0.001831
121.139200	0.004120
121.139300	0.009918
121.139400	0.011444
121.139500	0.012970
121.139600	0.018311
121.139700	0.014954
121.139800	0.015717
121.139900	0.010071
121.140000	0.013428
121.140100	0.016327
121.140200	0.014038
121.140300	0.005646
121.140400	-0.004120
121.140500	-0.006104
121.140600	-0.014954
121.140700	-0.018616
121.140800	-0.029449
121.140900	-0.032349
121.141000	-0.036621
121.141100	-0.043945
121.141200	-0.046387
121.141300	-0.048828
121.141400	-0.047302
121.141500	-0.040436
121.141600	-0.034485
121.141700	-0.020447
121.141800	-0.018158
121.141900	-0.015259
121.142000	-0.016022
121.142100	-0.013580
121.142200	-0.012207
121.142300	-0.010376
121.142400	-0.005493
121.142500	-0.014343
121.142600	-0.015717
121.142700	-0.022736
121.142800	-0.025024
121.142900	-0.028687
121.143000	-0.032043
121.143100	-0.035706
121.143200	-0.043640
121.143300	-0.044098
121.143400	-0.046997
121.143500	-0.048981
121.143600	-0.049591
121.143700	-0.049133
121.143800	-0.051727
121.143900	-0.043945
121.144000	-0.036926
121.144100	-0.032501
121.144200	-0.025177
121.144300	-0.021820
121.144400	-0.022278
121.144500	-0.012054
121.144600	-0.006714
121.144700	-0.007019
121.144800	-0.006409
121.144900	-0.001526
121.145000	-0.003357
121.145100	-0.005646
121.145200	-0.013428
121.145300	-0.011444
121.145400	-0.018463
121.145500	-0.013275
121.145600	-0.012970
121.145700	-0.011444
121.145800	-0.012512
121.145900	-0.012512
121.146000	-0.014496
121.146100	-0.014954
121.146200	-0.012360
121.146300	-0.016937
121.146400	-0.022888
121.146500	-0.013885
121.146600	-0.013885
121.146700	-0.009308
121.146800	-0.010071
121.146900	-0.008698
121.147000	-0.005493
121.147100	-0.009918
121.147200	-0.003662
121.147300	-0.000305
121.147400	-0.005035
121.147500	-0.003967
121.147600	-0.008392
121.147700	0.000153
121.147800	-0.006104
121.147900	-0.007019
121.148000	-0.009918
121.148100	-0.006866
121.148200	-0.010681
121.148300	-0.009460
121.148400	-0.010376
121.148500	-0.012360
121.148600	-0.016327
121.148700	-0.018463
121.148800	-0.021820
121.148900	-0.021362
121.149000	-0.022888
121.149100	-0.025330
121.149200	-0.013275
121.149300	-0.002899
121.149400	0.025177
121.149500	0.075531
121.149600	0.152283
121.149700	0.253754
121.149800	0.384521
121.149900	0.536957
121.150000	0.705872
121.150100	0.860443
121.150200	0.976715
121.150300	1.066284
121.150400	1.161804
121.150500	1.256256
121.150600	1.363831
121.150700	1.454773
121.150800	1.471863
121.150900	1.395721
121.151000	1.225281
121.151100	0.993958
121.151200	0.726318
121.151300	0.439606
121.151400	0.130310
121.151500	-0.190277
121.151600	-0.527344
121.151700	-0.878448
121.151800	-1.146698
121.151900	-1.574707
121.152000	-1.865997
121.152100	-2.089233
121.152200	-2.208252
121.152300	-2.185364
121.152400	-2.048950
121.152500	-1.849976
121.152600	-1.623993
121.152700	-1.397858
121.152800	-1.218262
121.152900	-0.952454
121.153000	-0.696564
121.153100	-0.479126
121.153200	-0.297241
121.153300	-0.147552
121.153400	-0.041962
121.153500	0.032959
121.153600	0.077972
121.153700	0.094910
121.153800	0.096588
121.153900	0.078583
121.154000	0.050659
121.154100	0.013428
121.154200	-0.014038
121.154300	-0.039520
121.154400	-0.058594
121.154500	-0.071106
121.154600	-0.076294
121.154700	-0.077667
121.154800	-0.071869
121.154900	-0.068817
121.155000	-0.055389
121.155100	-0.045319
121.155200	-0.037689
121.155300	-0.026245
121.155400	-0.028534
121.155500	-0.022430
121.155600	-0.028381
121.155700	-0.038757
121.155800	-0.028229
121.155900	-0.025940
121.156000	-0.014801
121.156100	-0.014191
121.156200	-0.009308
121.156300	-0.009003
121.156400	0.001221
121.156500	0.012360
121.156600	0.023193
121.156700	0.031738
121.156800	0.036163
121.156900	0.048828
121.157000	0.055389
121.157100	0.067291
121.157200	0.078430
121.157300	0.090942
121.157400	0.100403
121.157500	0.105591
121.157600	0.113220
121.157700	0.116272
121.157800	0.112305
121.157900	0.105591
121.158000	0.092316
121.158100	0.085144
121.158200	0.065155
121.158300	0.052185
121.158400	0.036316
121.158500	0.026093
121.158600	0.023956
121.158700	0.032654
121.158800	0.060425
121.158900	0.097504
121.159000	0.144043
121.159100	0.183105
121.159200	0.225067
121.159300	0.258484
121.159400	0.287933
121.159500	0.297089
121.159600	0.296478
121.159700	0.285187
121.159800	0.268707
121.159900	0.249634
121.160000	0.225372
121.160100	0.222015
121.160200	0.229492
121.160300	0.266724
121.160400	0.318604
121.160500	0.407257
121.160600	0.541229
121.160700	0.731506
121.160800	0.969238
121.160900	1.201935
121.161000	1.323242
121.161100	1.341248
121.161200	1.303406
121.161300	1.257477
121.161400	1.235809
121.161500	1.240692
121.161600	1.245422
121.161700	1.219788
121.161800	1.108398
121.161900	0.885773
121.162000	0.561829
121.162100	0.193939
121.162200	-0.165253
121.162300	-0.515900
121.162400	-0.865173
121.162500	-1.138611
121.162600	-1.423645
121.162700	-1.535492
121.162800	-1.555939
121.162900	-1.534119
121.163000	-1.495361
121.163100	-1.466064
121.163200	-1.448975
121.163300	-1.423950
121.163400	-1.342468
121.163500	-1.206055
121.163600	-0.993042
121.163700	-0.776215
121.163800	-0.572968
121.163900	-0.403748
121.164000	-0.267487
121.164100	-0.161896
121.164200	-0.079346
121.164300	-0.031738
121.164400	0.002899
121.164500	0.020905
121.164600	0.019684
121.164700	0.026245
121.164800	0.029602
121.164900	0.031586
121.165000	0.028839
121.165100	0.023346
121.165200	0.019226
121.165300	0.016785
121.165400	-0.000305
121.165500	-0.008850
121.165600	-0.010529
121.165700	-0.014496
121.165800	-0.026855
121.165900	-0.024261
121.166000	-0.028839
121.166100	-0.027924
121.166200	-0.027161
121.166300	-0.018463
121.166400	-0.016479
121.166500	-0.014801
121.166600	-0.010681
121.166700	-0.011902
121.166800	-0.013428
121.166900	-0.005493
121.167000	-0.005035
121.167100	-0.005341
121.167200	-0.004730
121.167300	-0.005798
121.167400	-0.012207
121.167500	-0.005035
121.167600	-0.009308
121.167700	-0.014343
121.167800	-0.009766
121.167900	-0.014191
121.168000	-0.011597
121.168100	-0.011597
121.168200	-0.013428
121.168300	-0.013580
121.168400	-0.015259
121.168500	-0.017395
121.168600	-0.010071
121.168700	-0.011749
121.168800	-0.010681
121.168900	-0.011597
121.169000	-0.004272
121.169100	-0.000763
121.169200	0.002136
121.169300	-0.003052
121.169400	-0.000153
121.169500	-0.002594
121.169600	-0.002594
121.169700	-0.006256
121.169800	-0.018158
121.169900	-0.023346
121.170000	-0.029907
121.170100	-0.027466
121.170200	-0.035858
121.170300	-0.035858
121.170400	-0.039673
121.170500	-0.040436
121.170600	-0.042267
121.170700	-0.047607
121.170800	-0.039368
121.170900	-0.038757
121.171000	-0.038300
121.171100	-0.030365
121.171200	-0.030060
121.171300	-0.024261
121.171400	-0.018921
121.171500	-0.017090
121.171600	-0.016479
121.171700	-0.016785
121.171800	-0.020447
121.171900	-0.018311
121.172000	-0.016632
121.172100	-0.013275
121.172200	-0.013428
121.172300	0.000153
121.172400	0.017853
121.172500	0.044708
121.172600	0.090027
121.172700	0.139313
121.172800	0.211487
121.172900	0.301666
121.173000	0.407562
121.173100	0.517578
121.173200	0.607300
121.173300	0.690002
121.173400	0.735474
121.173500	0.752106
121.173600	0.749207
121.173700	0.726318
121.173800	0.681915
121.173900	0.598297
121.174000	0.489197
121.174100	0.360413
121.174200	0.210724
121.174300	0.060120
121.174400	-0.093994
121.174500	-0.231171
121.174600	-0.370636
121.174700	-0.500793
121.174800	-0.618134
121.174900	-0.725708
121.175000	-0.806122
121.175100	-0.841675
121.175200	-0.851440
121.175300	-0.837708
121.175400	-0.798492
121.175500	-0.740967
121.175600	-0.659943
121.175700	-0.578461
121.175800	-0.487671
121.175900	-0.401459
121.176000	-0.312805
121.176100	-0.234070
121.176200	-0.166626
121.176300	-0.119629
121.176400	-0.078278
121.176500	-0.061340
121.176600	-0.038757
121.176700	-0.029602
121.176800	-0.026855
121.176900	-0.024414
121.177000	-0.023346
121.177100	-0.013123
121.177200	-0.018463
121.177300	-0.017090
121.177400	-0.017242
121.177500	-0.013428
121.177600	-0.018005
121.177700	-0.015411
121.177800	-0.013733
121.177900	-0.014954
121.178000	-0.013733
121.178100	-0.013275
121.178200	-0.014496
121.178300	-0.014191
121.178400	-0.009155
121.178500	-0.007172
121.178600	-0.012207
121.178700	-0.010223
121.178800	-0.008240
121.178900	-0.003967
121.179000	-0.005798
121.179100	-0.001984
121.179200	-0.004578
121.179300	0.000000
121.179400	-0.000916
121.179500	-0.003510
121.179600	-0.004578
121.179700	-0.001526
121.179800	0.003662
121.179900	0.001068
121.180000	0.005951
121.180100	0.003510
121.180200	0.003510
121.180300	-0.002747
121.180400	-0.000458
121.180500	0.000763
121.180600	-0.005951
121.180700	-0.011597
121.180800	-0.005341
121.180900	-0.001984
121.181000	-0.005646
121.181100	-0.008545
121.181200	-0.008087
121.181300	-0.007935
121.181400	-0.007172
121.181500	-0.009155
121.181600	-0.010071
121.181700	-0.004425
121.181800	0.002747
121.181900	0.005951
121.182000	0.011902
121.182100	0.016022
121.182200	0.023956
121.182300	0.032806
121.182400	0.037384
121.182500	0.041504
121.182600	0.036621
121.182700	0.025177
121.182800	0.031433
121.182900	0.032654
121.183000	0.034180
121.183100	0.027771
121.183200	0.024414
121.183300	0.015564
121.183400	0.003204
121.183500	-0.001526
121.183600	-0.015106
121.183700	-0.027313
121.183800	-0.036011
121.183900	-0.036011
121.184000	-0.031281
121.184100	-0.025940
121.184200	-0.026703
121.184300	-0.018616
121.184400	-0.008850
121.184500	-0.003967
121.184600	-0.001068
121.184700	0.003204
121.184800	0.009766
121.184900	0.010681
121.185000	0.013275
121.185100	0.010986
121.185200	0.003510
121.185300	-0.004730
121.185400	-0.020752
121.185500	-0.035095
121.185600	-0.049744
121.185700	-0.069885
121.185800	-0.069275
121.185900	-0.073242
121.186000	-0.080261
121.186100	-0.075073
121.186200	-0.068359
121.186300	-0.062256
121.186400	-0.062866
121.186500	-0.057373
121.186600	-0.045471
121.186700	-0.036163
121.186800	-0.028229
121.186900	-0.028076
121.187000	-0.019226
121.187100	-0.016785
121.187200	-0.027313
121.187300	-0.022430
121.187400	-0.025940
121.187500	-0.028381
121.187600	-0.024414
121.187700	-0.039368
121.187800	-0.043182
121.187900	-0.044861
121.188000	-0.043793
121.188100	-0.045929
121.188200	-0.049896
121.188300	-0.046387
121.188400	-0.053101
121.188500	-0.057220
121.188600	-0.052490
121.188700	-0.051422
121.188800	-0.048370
121.188900	-0.047150
121.189000	-0.049591
121.189100	-0.039368
121.189200	-0.027008
121.189300	-0.029755
121.189400	-0.026398
121.189500	-0.027466
121.189600	-0.023956
121.189700	-0.028534
121.189800	-0.024414
121.189900	-0.023804
121.190000	-0.023193
121.190100	-0.022278
121.190200	-0.017395
121.190300	-0.008850
121.190400	0.000458
