348.772100	-0.004425
348.772200	-0.006714
348.772300	-0.008698
348.772400	-0.013733
348.772500	-0.017090
348.772600	-0.021057
348.772700	-0.018158
348.772800	-0.027008
348.772900	-0.032349
348.773000	-0.040283
348.773100	-0.050049
348.773200	-0.054169
348.773300	-0.069733
348.773400	-0.080109
348.773500	-0.093689
348.773600	-0.104828
348.773700	-0.122375
348.773800	-0.142822
348.773900	-0.163116
348.774000	-0.178223
348.774100	-0.192871
348.774200	-0.223083
348.774300	-0.247345
348.774400	-0.274353
348.774500	-0.301056
348.774600	-0.327301
348.774700	-0.355072
348.774800	-0.386810
348.774900	-0.415649
348.775000	-0.442352
348.775100	-0.473480
348.775200	-0.504303
348.775300	-0.534821
348.775400	-0.563049
348.775500	-0.589905
348.775600	-0.621643
348.775700	-0.639648
348.775800	-0.665741
348.775900	-0.691223
348.776000	-0.713348
348.776100	-0.729675
348.776200	-0.749512
348.776300	-0.763092
348.776400	-0.774841
348.776500	-0.782928
348.776600	-0.787964
348.776700	-0.795593
348.776800	-0.801239
348.776900	-0.803833
348.777000	-0.804138
348.777100	-0.805664
348.777200	-0.802155
348.777300	-0.797424
348.777400	-0.789948
348.777500	-0.782928
348.777600	-0.774536
348.777700	-0.767517
348.777800	-0.754395
348.777900	-0.738831
348.778000	-0.723877
348.778100	-0.706940
348.778200	-0.681763
348.778300	-0.661621
348.778400	-0.636139
348.778500	-0.610962
348.778600	-0.577545
348.778700	-0.537567
348.778800	-0.493927
348.778900	-0.454407
348.779000	-0.412140
348.779100	-0.357361
348.779200	-0.303497
348.779300	-0.250702
348.779400	-0.191803
348.779500	-0.132904
348.779600	-0.073090
348.779700	-0.004120
348.779800	0.063477
348.779900	0.127258
348.780000	0.191956
348.780100	0.258636
348.780200	0.332031
348.780300	0.396881
348.780400	0.457764
348.780500	0.523224
348.780600	0.593567
348.780700	0.656433
348.780800	0.718384
348.780900	0.778046
348.781000	0.838776
348.781100	0.897827
348.781200	0.949707
348.781300	0.994568
348.781400	1.047363
348.781500	1.088257
348.781600	1.132507
348.781700	1.170959
348.781800	1.204529
348.781900	1.228485
348.782000	1.257019
348.782100	1.275635
348.782200	1.292419
348.782300	1.308289
348.782400	1.317596
348.782500	1.320343
348.782600	1.320648
348.782700	1.318665
348.782800	1.315765
348.782900	1.312256
348.783000	1.296692
348.783100	1.281586
348.783200	1.267548
348.783300	1.252136
348.783400	1.229553
348.783500	1.205139
348.783600	1.178894
348.783700	1.157227
348.783800	1.126404
348.783900	1.091461
348.784000	1.058502
348.784100	1.024323
348.784200	0.981445
348.784300	0.948334
348.784400	0.909576
348.784500	0.867310
348.784600	0.824432
348.784700	0.771484
348.784800	0.724487
348.784900	0.680542
348.785000	0.626831
348.785100	0.578766
348.785200	0.527344
348.785300	0.478210
348.785400	0.428009
348.785500	0.378113
348.785600	0.332947
348.785700	0.286560
348.785800	0.241699
348.785900	0.200653
348.786000	0.161285
348.786100	0.121460
348.786200	0.089111
348.786300	0.053406
348.786400	0.019073
348.786500	-0.008545
348.786600	-0.036011
348.786700	-0.059814
348.786800	-0.084229
348.786900	-0.109100
348.787000	-0.123138
348.787100	-0.141602
348.787200	-0.151215
348.787300	-0.161743
348.787400	-0.176544
348.787500	-0.182343
348.787600	-0.193634
348.787700	-0.199432
348.787800	-0.199280
348.787900	-0.205383
348.788000	-0.207977
348.788100	-0.207520
348.788200	-0.207214
348.788300	-0.215149
348.788400	-0.215302
348.788500	-0.211029
348.788600	-0.213470
348.788700	-0.212097
348.788800	-0.214233
348.788900	-0.210266
348.789000	-0.208740
348.789100	-0.205078
348.789200	-0.205994
348.789300	-0.206146
348.789400	-0.201721
348.789500	-0.198517
348.789600	-0.203400
348.789700	-0.196381
348.789800	-0.190735
348.789900	-0.191193
348.790000	-0.187073
348.790100	-0.186005
348.790200	-0.182190
348.790300	-0.182343
348.790400	-0.179749
348.790500	-0.174255
348.790600	-0.178833
348.790700	-0.173492
348.790800	-0.171204
348.790900	-0.168610
348.791000	-0.169983
348.791100	-0.166931
348.791200	-0.161133
348.791300	-0.158997
348.791400	-0.158997
348.791500	-0.155945
348.791600	-0.156403
348.791700	-0.153351
348.791800	-0.151367
348.791900	-0.148315
348.792000	-0.148926
348.792100	-0.137634
348.792200	-0.143738
348.792300	-0.143738
348.792400	-0.139465
348.792500	-0.133362
348.792600	-0.128784
348.792700	-0.124664
348.792800	-0.126953
348.792900	-0.125580
348.793000	-0.123901
348.793100	-0.123596
348.793200	-0.118561
348.793300	-0.118713
348.793400	-0.118103
348.793500	-0.113220
348.793600	-0.121155
348.793700	-0.109558
348.793800	-0.111847
348.793900	-0.106201
348.794000	-0.110931
348.794100	-0.107269
348.794200	-0.105286
348.794300	-0.102539
348.794400	-0.098877
348.794500	-0.095367
348.794600	-0.094147
348.794700	-0.097046
348.794800	-0.099487
348.794900	-0.096436
348.795000	-0.088196
348.795100	-0.086517
348.795200	-0.088654
348.795300	-0.085754
348.795400	-0.085754
348.795500	-0.081940
348.795600	-0.076447
348.795700	-0.077209
348.795800	-0.079956
348.795900	-0.075989
348.796000	-0.074310
348.796100	-0.074768
348.796200	-0.071716
348.796300	-0.071411
348.796400	-0.069122
348.796500	-0.061646
348.796600	-0.062561
348.796700	-0.061493
348.796800	-0.062408
348.796900	-0.057831
348.797000	-0.054169
348.797100	-0.052338
348.797200	-0.057831
348.797300	-0.053864
348.797400	-0.051422
348.797500	-0.053406
348.797600	-0.048218
348.797700	-0.052185
348.797800	-0.048523
348.797900	-0.042419
348.798000	-0.046692
348.798100	-0.048981
348.798200	-0.045319
348.798300	-0.046844
348.798400	-0.047150
348.798500	-0.046387
348.798600	-0.042419
348.798700	-0.044556
348.798800	-0.041809
348.798900	-0.045471
348.799000	-0.040741
348.799100	-0.039368
348.799200	-0.043335
348.799300	-0.040741
348.799400	-0.043488
348.799500	-0.036926
348.799600	-0.037231
348.799700	-0.034180
348.799800	-0.033112
348.799900	-0.030212
348.800000	-0.035706
348.800100	-0.037384
348.800200	-0.031281
348.800300	-0.035553
348.800400	-0.029602
348.800500	-0.031281
348.800600	-0.029602
348.800700	-0.027313
348.800800	-0.031433
348.800900	-0.026245
348.801000	-0.023956
348.801100	-0.025482
348.801200	-0.030060
348.801300	-0.033722
348.801400	-0.027924
348.801500	-0.027618
348.801600	-0.027618
348.801700	-0.028534
348.801800	-0.023804
348.801900	-0.025482
348.802000	-0.024567
348.802100	-0.024414
348.802200	-0.021362
348.802300	-0.018921
348.802400	-0.024872
348.802500	-0.023499
348.802600	-0.018921
348.802700	-0.015869
348.802800	-0.014648
348.802900	-0.016479
348.803000	-0.014191
348.803100	-0.018311
348.803200	-0.018463
348.803300	-0.018158
348.803400	-0.016937
348.803500	-0.019226
348.803600	-0.019836
348.803700	-0.020142
348.803800	-0.019226
348.803900	-0.016785
348.804000	-0.017395
348.804100	-0.020294
348.804200	-0.021057
348.804300	-0.020142
348.804400	-0.016785
348.804500	-0.017395
348.804600	-0.019226
348.804700	-0.017242
348.804800	-0.018463
348.804900	-0.013885
348.805000	-0.020447
348.805100	-0.014954
348.805200	-0.012360
348.805300	-0.013885
348.805400	-0.014038
348.805500	-0.012817
348.805600	-0.007324
348.805700	-0.010681
348.805800	-0.013580
348.805900	-0.007629
348.806000	-0.008087
348.806100	-0.006409
348.806200	-0.009766
348.806300	-0.005493
348.806400	-0.008240
348.806500	-0.007172
348.806600	-0.008850
348.806700	-0.000305
348.806800	-0.000610
348.806900	-0.000153
348.807000	-0.006561
348.807100	-0.005951
348.807200	-0.007172
348.807300	-0.003357
348.807400	-0.004578
348.807500	0.000000
348.807600	-0.000305
348.807700	0.000153
348.807800	-0.003204
348.807900	0.000610
348.808000	0.001678
348.808100	0.001526
348.808200	0.004883
348.808300	0.000305
348.808400	-0.004883
348.808500	-0.002441
348.808600	-0.002289
348.808700	0.002289
348.808800	-0.000305
348.808900	0.000458
348.809000	0.002594
348.809100	0.000305
348.809200	0.003204
348.809300	0.000305
348.809400	-0.004730
348.809500	-0.005646
348.809600	-0.008698
348.809700	-0.003815
348.809800	-0.008698
348.809900	-0.015411
348.810000	-0.015106
348.810100	-0.019226
348.810200	-0.024872
348.810300	-0.036621
348.810400	-0.047150
348.810500	-0.057678
348.810600	-0.067596
348.810700	-0.077667
348.810800	-0.093536
348.810900	-0.115204
348.811000	-0.135803
348.811100	-0.154572
348.811200	-0.176086
348.811300	-0.195312
348.811400	-0.218964
348.811500	-0.243683
348.811600	-0.270996
348.811700	-0.299988
348.811800	-0.333557
348.811900	-0.369415
348.812000	-0.403290
348.812100	-0.438080
348.812200	-0.477295
348.812300	-0.523376
348.812400	-0.565033
348.812500	-0.612335
348.812600	-0.661469
348.812700	-0.712585
348.812800	-0.768127
348.812900	-0.833588
348.813000	-0.899200
348.813100	-0.961761
348.813200	-1.029663
348.813300	-1.094666
348.813400	-1.161194
348.813500	-1.210785
348.813600	-1.244659
348.813700	-1.327820
348.813800	-1.358490
348.813900	-1.385651
348.814000	-1.410675
348.814100	-1.429138
348.814200	-1.444244
348.814300	-1.444397
348.814400	-1.443481
348.814500	-1.445465
348.814600	-1.441650
348.814700	-1.441498
348.814800	-1.436920
348.814900	-1.430511
348.815000	-1.430969
348.815100	-1.418457
348.815200	-1.416016
348.815300	-1.414642
348.815400	-1.409607
348.815500	-1.404877
348.815600	-1.403809
348.815700	-1.402283
348.815800	-1.394653
348.815900	-1.399384
348.816000	-1.395721
348.816100	-1.384583
348.816200	-1.379547
348.816300	-1.366882
348.816400	-1.354675
348.816500	-1.341858
348.816600	-1.341400
348.816700	-1.282959
348.816800	-1.251678
348.816900	-1.207428
348.817000	-1.155853
348.817100	-1.091003
348.817200	-1.019592
348.817300	-0.940552
348.817400	-0.856171
348.817500	-0.768280
348.817600	-0.679932
348.817700	-0.586090
348.817800	-0.493011
348.817900	-0.398254
348.818000	-0.307312
348.818100	-0.212402
348.818200	-0.122986
348.818300	-0.036774
348.818400	0.051575
348.818500	0.141754
348.818600	0.229797
348.818700	0.313873
348.818800	0.407104
348.818900	0.495758
348.819000	0.581665
348.819100	0.679474
348.819200	0.769043
348.819300	0.861511
348.819400	0.952606
348.819500	1.047363
348.819600	1.137543
348.819700	1.219482
348.819800	1.296844
348.819900	1.371460
348.820000	1.441650
348.820100	1.501160
348.820200	1.553192
348.820300	1.600800
348.820400	1.644440
348.820500	1.681366
348.820600	1.713104
348.820700	1.744385
348.820800	1.769714
348.820900	1.799011
348.821000	1.819763
348.821100	1.836395
348.821200	1.857758
348.821300	1.875000
348.821400	1.893463
348.821500	1.909637
348.821600	1.924744
348.821700	1.949158
348.821800	1.960602
348.821900	1.976471
348.822000	1.985931
348.822100	1.994629
348.822200	2.006989
348.822300	2.009277
348.822400	2.008057
348.822500	1.999512
348.822600	1.989746
348.822700	1.972351
348.822800	1.949005
348.822900	1.920929
348.823000	1.879883
348.823100	1.833344
348.823200	1.782227
348.823300	1.734314
348.823400	1.681824
348.823500	1.627655
348.823600	1.569214
348.823700	1.513214
348.823800	1.460876
348.823900	1.402893
348.824000	1.344604
348.824100	1.296844
348.824200	1.245270
348.824300	1.189117
348.824400	1.147614
348.824500	1.103058
348.824600	1.056976
348.824700	1.014709
348.824800	0.978699
348.824900	0.932617
348.825000	0.890045
348.825100	0.848846
348.825200	0.814667
348.825300	0.774231
348.825400	0.734253
348.825500	0.696106
348.825600	0.652771
