74.903300	0.008392
74.903400	0.012207
74.903500	0.009308
74.903600	0.010834
74.903700	0.011444
74.903800	0.011292
74.903900	0.010223
74.904000	0.009613
74.904100	0.007782
74.904200	0.005798
74.904300	0.012054
74.904400	0.007477
74.904500	0.010529
74.904600	0.013885
74.904700	0.012970
74.904800	0.010529
74.904900	0.010834
74.905000	0.008392
74.905100	0.012817
74.905200	0.012817
74.905300	0.010376
74.905400	0.012665
74.905500	0.009155
74.905600	0.011444
74.905700	0.008087
74.905800	0.012817
74.905900	0.010529
74.906000	0.013733
74.906100	0.013885
74.906200	0.010681
74.906300	0.012970
74.906400	0.013580
74.906500	0.007019
74.906600	0.007477
74.906700	0.006714
74.906800	0.009613
74.906900	0.006714
74.907000	0.008392
74.907100	0.010529
74.907200	0.009308
74.907300	0.011444
74.907400	0.009308
74.907500	0.013428
74.907600	0.013885
74.907700	0.009155
74.907800	0.013733
74.907900	0.011292
74.908000	0.009155
74.908100	0.015869
74.908200	0.010071
74.908300	0.008392
74.908400	0.012360
74.908500	0.006561
74.908600	0.009308
74.908700	0.009155
74.908800	0.012817
74.908900	0.010681
74.909000	0.008850
74.909100	0.009766
74.909200	0.012512
74.909300	0.012360
74.909400	0.009003
74.909500	0.009918
74.909600	0.014496
74.909700	0.014954
74.909800	0.011597
74.909900	0.013123
74.910000	0.012054
74.910100	0.009155
74.910200	0.009308
74.910300	0.011292
74.910400	0.014801
74.910500	0.015869
74.910600	0.014496
74.910700	0.007324
74.910800	0.010986
74.910900	0.014648
74.911000	0.016174
74.911100	0.016632
74.911200	0.012207
74.911300	0.017548
74.911400	0.013123
74.911500	0.012512
74.911600	0.011597
74.911700	0.014038
74.911800	0.017090
74.911900	0.015106
74.912000	0.018158
74.912100	0.015717
74.912200	0.011139
74.912300	0.015106
74.912400	0.013733
74.912500	0.007935
74.912600	0.012207
74.912700	0.015411
74.912800	0.017700
74.912900	0.016479
74.913000	0.011444
74.913100	0.009918
74.913200	0.012970
74.913300	0.012817
74.913400	0.014954
74.913500	0.013123
74.913600	0.012665
74.913700	0.012665
74.913800	0.010223
74.913900	0.014343
74.914000	0.011749
74.914100	0.014343
74.914200	0.009003
74.914300	0.009918
74.914400	0.013428
74.914500	0.010834
74.914600	0.020294
74.914700	0.012360
74.914800	0.012970
74.914900	0.016174
74.915000	0.015564
74.915100	0.009460
74.915200	0.007324
74.915300	0.010986
74.915400	0.014496
74.915500	0.016174
74.915600	0.017090
74.915700	0.016327
74.915800	0.012207
74.915900	0.015717
74.916000	0.014038
74.916100	0.016937
74.916200	0.010986
74.916300	0.014038
74.916400	0.016937
74.916500	0.014038
74.916600	0.020294
74.916700	0.015717
74.916800	0.013123
74.916900	0.010529
74.917000	0.012512
74.917100	0.018005
74.917200	0.018616
74.917300	0.016327
74.917400	0.012360
74.917500	0.012665
74.917600	0.014038
74.917700	0.015869
74.917800	0.013580
74.917900	0.011444
74.918000	0.010529
74.918100	0.010834
74.918200	0.016174
74.918300	0.013123
74.918400	0.011292
74.918500	0.010681
74.918600	0.015106
74.918700	0.012360
74.918800	0.009918
74.918900	0.008545
74.919000	0.011292
74.919100	0.012512
74.919200	0.014343
74.919300	0.010834
74.919400	0.010376
74.919500	0.009003
74.919600	0.009155
74.919700	0.012054
74.919800	0.012665
74.919900	0.012360
74.920000	0.013885
74.920100	0.011139
74.920200	0.011597
74.920300	0.013123
74.920400	0.009613
74.920500	0.007782
74.920600	0.009155
74.920700	0.005493
74.920800	0.010986
74.920900	0.013885
74.921000	0.013428
74.921100	0.013580
74.921200	0.008087
74.921300	0.016174
74.921400	0.016022
74.921500	0.014191
74.921600	0.016785
74.921700	0.014496
74.921800	0.010834
74.921900	0.012665
74.922000	0.010071
74.922100	0.011749
74.922200	0.016327
74.922300	0.014648
74.922400	0.013580
74.922500	0.010986
74.922600	0.011902
74.922700	0.010681
74.922800	0.011139
74.922900	0.012207
74.923000	0.010223
74.923100	0.011597
74.923200	0.013123
74.923300	0.016785
74.923400	0.013123
74.923500	0.017548
74.923600	0.019226
74.923700	0.016479
74.923800	0.011139
74.923900	0.011597
74.924000	0.013275
74.924100	0.008392
74.924200	0.014954
74.924300	0.016937
74.924400	0.009766
74.924500	0.015869
74.924600	0.009308
74.924700	0.015411
74.924800	0.014648
74.924900	0.014191
74.925000	0.008087
74.925100	0.013428
74.925200	0.008850
74.925300	0.010529
74.925400	0.009613
74.925500	0.012207
74.925600	0.010986
74.925700	0.008850
74.925800	0.010529
74.925900	0.010376
74.926000	0.010681
74.926100	0.014038
74.926200	0.011749
74.926300	0.015717
74.926400	0.010834
74.926500	0.016632
74.926600	0.014343
74.926700	0.017395
74.926800	0.010223
74.926900	0.010223
74.927000	0.009308
74.927100	0.016327
74.927200	0.009460
74.927300	0.012665
74.927400	0.012970
74.927500	0.010376
74.927600	0.013428
74.927700	0.013123
74.927800	0.015869
74.927900	0.012970
74.928000	0.012970
74.928100	0.012512
74.928200	0.015411
74.928300	0.012512
74.928400	0.010529
74.928500	0.009155
74.928600	0.016327
74.928700	0.010223
74.928800	0.014038
74.928900	0.013885
74.929000	0.011749
74.929100	0.012665
74.929200	0.012817
74.929300	0.013580
74.929400	0.015869
74.929500	0.007935
74.929600	0.011292
74.929700	0.013123
74.929800	0.013275
74.929900	0.012512
74.930000	0.012207
74.930100	0.008850
74.930200	0.009918
74.930300	0.015411
74.930400	0.012817
74.930500	0.011749
74.930600	0.016022
74.930700	0.017090
74.930800	0.012970
74.930900	0.013580
74.931000	0.013885
74.931100	0.016479
74.931200	0.015869
74.931300	0.010681
74.931400	0.011139
74.931500	0.011597
74.931600	0.011749
74.931700	0.010071
74.931800	0.014648
74.931900	0.016785
74.932000	0.014191
74.932100	0.014496
74.932200	0.012970
74.932300	0.014954
74.932400	0.010834
74.932500	0.007324
74.932600	0.009918
74.932700	0.009308
74.932800	0.007935
74.932900	0.009308
74.933000	0.011902
74.933100	0.011444
74.933200	0.011749
74.933300	0.008392
74.933400	0.013885
74.933500	0.012970
74.933600	0.013885
74.933700	0.014038
74.933800	0.013428
74.933900	0.016327
74.934000	0.012054
74.934100	0.011902
74.934200	0.015869
74.934300	0.010681
74.934400	0.011292
74.934500	0.011292
74.934600	0.009155
74.934700	0.011749
74.934800	0.009613
74.934900	0.012512
74.935000	0.013885
74.935100	0.017853
74.935200	0.010681
74.935300	0.012665
74.935400	0.011444
74.935500	0.011597
74.935600	0.014648
74.935700	0.018311
74.935800	0.011292
74.935900	0.012970
74.936000	0.015717
74.936100	0.011902
74.936200	0.014801
74.936300	0.014954
74.936400	0.011902
74.936500	0.009308
74.936600	0.005951
74.936700	0.010834
74.936800	0.012054
74.936900	0.008087
74.937000	0.009460
74.937100	0.015564
74.937200	0.011597
74.937300	0.012360
74.937400	0.009308
74.937500	0.013733
74.937600	0.012665
74.937700	0.007935
74.937800	0.015259
74.937900	0.013733
74.938000	0.012512
74.938100	0.015869
74.938200	0.009003
74.938300	0.013733
74.938400	0.009766
74.938500	0.012665
74.938600	0.013885
74.938700	0.012207
74.938800	0.012665
74.938900	0.018311
74.939000	0.013123
74.939100	0.013123
74.939200	0.018005
74.939300	0.014191
74.939400	0.014343
74.939500	0.013733
74.939600	0.009308
74.939700	0.014648
74.939800	0.009460
74.939900	0.013885
74.940000	0.013428
74.940100	0.010986
74.940200	0.005035
74.940300	0.009308
74.940400	0.010376
74.940500	0.012512
74.940600	0.010071
74.940700	0.010071
74.940800	0.010376
74.940900	0.009003
74.941000	0.010834
74.941100	0.012207
74.941200	0.013885
74.941300	0.010529
74.941400	0.006714
74.941500	0.007782
74.941600	0.008240
74.941700	0.015259
74.941800	0.007019
74.941900	0.013580
74.942000	0.012512
74.942100	0.010529
74.942200	0.014648
74.942300	0.014496
74.942400	0.012970
74.942500	0.007782
74.942600	0.011292
74.942700	0.012207
74.942800	0.011749
74.942900	0.015106
74.943000	0.012054
74.943100	0.010529
74.943200	0.011139
74.943300	0.007935
74.943400	0.014496
74.943500	0.009918
74.943600	0.007324
74.943700	0.012665
74.943800	0.012665
74.943900	0.012665
74.944000	0.015106
74.944100	0.009613
74.944200	0.013275
74.944300	0.010376
74.944400	0.011597
74.944500	0.012207
74.944600	0.007324
74.944700	0.011292
74.944800	0.010986
74.944900	0.007477
74.945000	0.006409
74.945100	0.008545
74.945200	0.011749
74.945300	0.012512
74.945400	0.014343
74.945500	0.008392
74.945600	0.012207
74.945700	0.011902
74.945800	0.016479
74.945900	0.014343
74.946000	0.010071
74.946100	0.007629
74.946200	0.012207
74.946300	0.014954
74.946400	0.018005
74.946500	0.010529
74.946600	0.013885
74.946700	0.013428
74.946800	0.011749
74.946900	0.008087
74.947000	0.014648
74.947100	0.013580
74.947200	0.014038
74.947300	0.009460
74.947400	0.012512
74.947500	0.010986
74.947600	0.010834
74.947700	0.011444
74.947800	0.012512
74.947900	0.010986
74.948000	0.012817
74.948100	0.015259
74.948200	0.009918
74.948300	0.008850
74.948400	0.013885
74.948500	0.012207
74.948600	0.010834
74.948700	0.009766
74.948800	0.014038
74.948900	0.012054
74.949000	0.007172
74.949100	0.009308
74.949200	0.009308
74.949300	0.008698
74.949400	0.008850
74.949500	0.015259
74.949600	0.006714
74.949700	0.010986
74.949800	0.006409
74.949900	0.010376
74.950000	0.005646
74.950100	0.005035
74.950200	0.010834
74.950300	0.009766
74.950400	0.011292
74.950500	0.010071
74.950600	0.009003
74.950700	0.010071
74.950800	0.009155
74.950900	0.014648
74.951000	0.011139
74.951100	0.008087
74.951200	0.017548
74.951300	0.011292
74.951400	0.011444
74.951500	0.013275
74.951600	0.014648
74.951700	0.013123
74.951800	0.016022
74.951900	0.012970
74.952000	0.011292
74.952100	0.017700
74.952200	0.020447
74.952300	0.017242
74.952400	0.018158
74.952500	0.014038
74.952600	0.013428
74.952700	0.011597
74.952800	0.012665
74.952900	0.013428
74.953000	0.012360
74.953100	0.011444
74.953200	0.014191
74.953300	0.010529
74.953400	0.011749
74.953500	0.007782
74.953600	0.008392
74.953700	0.010071
74.953800	0.008545
74.953900	0.009766
74.954000	0.010071
74.954100	0.008545
74.954200	0.009613
74.954300	0.010529
74.954400	0.006256
74.954500	0.010681
74.954600	0.009308
74.954700	0.010376
74.954800	0.012054
74.954900	0.012207
74.955000	0.007629
74.955100	0.007629
74.955200	0.010834
74.955300	0.011749
74.955400	0.012665
74.955500	0.004425
74.955600	0.009308
74.955700	0.002136
74.955800	0.010986
74.955900	0.006561
74.956000	0.011444
74.956100	0.010986
74.956200	0.009766
74.956300	0.006409
74.956400	0.010529
74.956500	0.010986
74.956600	0.014038
74.956700	0.011139
74.956800	0.010529
