587.927300	0.052032
587.927400	0.052643
587.927500	0.054321
587.927600	0.054169
587.927700	0.050659
587.927800	0.053711
587.927900	0.058289
587.928000	0.054321
587.928100	0.057983
587.928200	0.056915
587.928300	0.053864
587.928400	0.057220
587.928500	0.057220
587.928600	0.056763
587.928700	0.057526
587.928800	0.058899
587.928900	0.054932
587.929000	0.054474
587.929100	0.054169
587.929200	0.054474
587.929300	0.056152
587.929400	0.056305
587.929500	0.055389
587.929600	0.053711
587.929700	0.047913
587.929800	0.053101
587.929900	0.053101
587.930000	0.053253
587.930100	0.058136
587.930200	0.053253
587.930300	0.050812
587.930400	0.053406
587.930500	0.052643
587.930600	0.058441
587.930700	0.055084
587.930800	0.053406
587.930900	0.054626
587.931000	0.050354
587.931100	0.052185
587.931200	0.052490
587.931300	0.056763
587.931400	0.053711
587.931500	0.053101
587.931600	0.051880
587.931700	0.053711
587.931800	0.048370
587.931900	0.046844
587.932000	0.048370
587.932100	0.050354
587.932200	0.055237
587.932300	0.051727
587.932400	0.046539
587.932500	0.053253
587.932600	0.058746
587.932700	0.051422
587.932800	0.053711
587.932900	0.050659
587.933000	0.049286
587.933100	0.045929
587.933200	0.047150
587.933300	0.046844
587.933400	0.050507
587.933500	0.049438
587.933600	0.051575
587.933700	0.052948
587.933800	0.049438
587.933900	0.048523
587.934000	0.046234
587.934100	0.052490
587.934200	0.052948
587.934300	0.049286
587.934400	0.052795
587.934500	0.052185
587.934600	0.054169
587.934700	0.053101
587.934800	0.047607
587.934900	0.050049
587.935000	0.047455
587.935100	0.053711
587.935200	0.052032
587.935300	0.055084
587.935400	0.053101
587.935500	0.060425
587.935600	0.056915
587.935700	0.056305
587.935800	0.054474
587.935900	0.057220
587.936000	0.058441
587.936100	0.052185
587.936200	0.055542
587.936300	0.054321
587.936400	0.054016
587.936500	0.048370
587.936600	0.052032
587.936700	0.051880
587.936800	0.052643
587.936900	0.053711
587.937000	0.052643
587.937100	0.052032
587.937200	0.054932
587.937300	0.050354
587.937400	0.048523
587.937500	0.049591
587.937600	0.052948
587.937700	0.048676
587.937800	0.050354
587.937900	0.056152
587.938000	0.056458
587.938100	0.050964
587.938200	0.046539
587.938300	0.050812
587.938400	0.052185
587.938500	0.054626
587.938600	0.056610
587.938700	0.055542
587.938800	0.053253
587.938900	0.050659
587.939000	0.046997
587.939100	0.052490
587.939200	0.050659
587.939300	0.055695
587.939400	0.056000
587.939500	0.055695
587.939600	0.052032
587.939700	0.054016
587.939800	0.051422
587.939900	0.055389
587.940000	0.052490
587.940100	0.056000
587.940200	0.056305
587.940300	0.057678
587.940400	0.057220
587.940500	0.053253
587.940600	0.051880
587.940700	0.056152
587.940800	0.052795
587.940900	0.054474
587.941000	0.051422
587.941100	0.049133
587.941200	0.050201
587.941300	0.054779
587.941400	0.049438
587.941500	0.046387
587.941600	0.048370
587.941700	0.052948
587.941800	0.055389
587.941900	0.055695
587.942000	0.054321
587.942100	0.054169
587.942200	0.050812
587.942300	0.053711
587.942400	0.052643
587.942500	0.056458
587.942600	0.059814
587.942700	0.056915
587.942800	0.055389
587.942900	0.053864
587.943000	0.054016
587.943100	0.054932
587.943200	0.052185
587.943300	0.052185
587.943400	0.057220
587.943500	0.051727
587.943600	0.057831
587.943700	0.058594
587.943800	0.054779
587.943900	0.059814
587.944000	0.050964
587.944100	0.048828
587.944200	0.053253
587.944300	0.049286
587.944400	0.052643
587.944500	0.053101
587.944600	0.052643
587.944700	0.051880
587.944800	0.054474
587.944900	0.051270
587.945000	0.055542
587.945100	0.054626
587.945200	0.052795
587.945300	0.052338
587.945400	0.056915
587.945500	0.056000
587.945600	0.057831
587.945700	0.056458
587.945800	0.056610
587.945900	0.054779
587.946000	0.054779
587.946100	0.054779
587.946200	0.056152
587.946300	0.054626
587.946400	0.050354
587.946500	0.054474
587.946600	0.052795
587.946700	0.056152
587.946800	0.054779
587.946900	0.049286
587.947000	0.050201
587.947100	0.049438
587.947200	0.050812
587.947300	0.055389
587.947400	0.057373
587.947500	0.053406
587.947600	0.052948
587.947700	0.056000
587.947800	0.057068
587.947900	0.060120
587.948000	0.061035
587.948100	0.059967
587.948200	0.053253
587.948300	0.052032
587.948400	0.056763
587.948500	0.054016
587.948600	0.057983
587.948700	0.057068
587.948800	0.055389
587.948900	0.054016
587.949000	0.052185
587.949100	0.051727
587.949200	0.053406
587.949300	0.050964
587.949400	0.056305
587.949500	0.053558
587.949600	0.054779
587.949700	0.056152
587.949800	0.049591
587.949900	0.057526
587.950000	0.052185
587.950100	0.046997
587.950200	0.052490
587.950300	0.053253
587.950400	0.049591
587.950500	0.055237
587.950600	0.053558
587.950700	0.054932
587.950800	0.054321
587.950900	0.057373
587.951000	0.057678
587.951100	0.059967
587.951200	0.055084
587.951300	0.048828
587.951400	0.056458
587.951500	0.057678
587.951600	0.050964
587.951700	0.052185
587.951800	0.051575
587.951900	0.046844
587.952000	0.056458
587.952100	0.057678
587.952200	0.055237
587.952300	0.059967
587.952400	0.055695
587.952500	0.054016
587.952600	0.056763
587.952700	0.056458
587.952800	0.058441
587.952900	0.054474
587.953000	0.056152
587.953100	0.054169
587.953200	0.052795
587.953300	0.050354
587.953400	0.055389
587.953500	0.057831
587.953600	0.057220
587.953700	0.056152
587.953800	0.057831
587.953900	0.050812
587.954000	0.054169
587.954100	0.052185
587.954200	0.053711
587.954300	0.055695
587.954400	0.052032
587.954500	0.051575
587.954600	0.053711
587.954700	0.051270
587.954800	0.055695
587.954900	0.055695
587.955000	0.053406
587.955100	0.055542
587.955200	0.057526
587.955300	0.055695
587.955400	0.056152
587.955500	0.055847
587.955600	0.052948
587.955700	0.052795
587.955800	0.052338
587.955900	0.049744
587.956000	0.051880
587.956100	0.055695
587.956200	0.055542
587.956300	0.054932
587.956400	0.056458
587.956500	0.053711
587.956600	0.054779
587.956700	0.050354
587.956800	0.053711
587.956900	0.052948
587.957000	0.054321
587.957100	0.056610
587.957200	0.052185
587.957300	0.051422
587.957400	0.054169
587.957500	0.055389
587.957600	0.056610
587.957700	0.052338
587.957800	0.057068
587.957900	0.057068
587.958000	0.059204
587.958100	0.057678
587.958200	0.053711
587.958300	0.053864
587.958400	0.056915
587.958500	0.054321
587.958600	0.052032
587.958700	0.053253
587.958800	0.052338
587.958900	0.054321
587.959000	0.054779
587.959100	0.056152
587.959200	0.056610
587.959300	0.060425
587.959400	0.057373
587.959500	0.055237
587.959600	0.053711
587.959700	0.051575
587.959800	0.051270
587.959900	0.054932
587.960000	0.055084
587.960100	0.056763
587.960200	0.054474
587.960300	0.051727
587.960400	0.051727
587.960500	0.050964
587.960600	0.051117
587.960700	0.052185
587.960800	0.053101
587.960900	0.054626
587.961000	0.050049
587.961100	0.055847
587.961200	0.053406
587.961300	0.056610
587.961400	0.051422
587.961500	0.052948
587.961600	0.051575
587.961700	0.051270
587.961800	0.048981
587.961900	0.054779
587.962000	0.053711
587.962100	0.051880
587.962200	0.055084
587.962300	0.056610
587.962400	0.052795
587.962500	0.052032
587.962600	0.056458
587.962700	0.053101
587.962800	0.050659
587.962900	0.052032
587.963000	0.055542
587.963100	0.054321
587.963200	0.049744
587.963300	0.048981
587.963400	0.053253
587.963500	0.057983
587.963600	0.055695
587.963700	0.053558
587.963800	0.053558
587.963900	0.055542
587.964000	0.054779
587.964100	0.050354
587.964200	0.058136
587.964300	0.053101
587.964400	0.056763
587.964500	0.057831
587.964600	0.055084
587.964700	0.056305
587.964800	0.054932
587.964900	0.057526
587.965000	0.059509
587.965100	0.048828
587.965200	0.052490
587.965300	0.053406
587.965400	0.053711
587.965500	0.057983
587.965600	0.052490
587.965700	0.049286
587.965800	0.053864
587.965900	0.053406
587.966000	0.053253
587.966100	0.048981
587.966200	0.052490
587.966300	0.052185
587.966400	0.058441
587.966500	0.054169
587.966600	0.051575
587.966700	0.057220
587.966800	0.053558
587.966900	0.056915
587.967000	0.054016
587.967100	0.053406
587.967200	0.051575
587.967300	0.051727
587.967400	0.054474
587.967500	0.055695
587.967600	0.057678
587.967700	0.055695
587.967800	0.054626
587.967900	0.046082
587.968000	0.051422
587.968100	0.055084
587.968200	0.052338
587.968300	0.056152
587.968400	0.056915
587.968500	0.052795
587.968600	0.055084
587.968700	0.047913
587.968800	0.050507
587.968900	0.053864
587.969000	0.055237
587.969100	0.058289
587.969200	0.055237
587.969300	0.051727
587.969400	0.052490
587.969500	0.054474
587.969600	0.052490
587.969700	0.056000
587.969800	0.060425
587.969900	0.054626
587.970000	0.054779
587.970100	0.051422
587.970200	0.050354
587.970300	0.049133
587.970400	0.049438
587.970500	0.054474
587.970600	0.052490
587.970700	0.051727
587.970800	0.050812
587.970900	0.055237
587.971000	0.052643
587.971100	0.052338
587.971200	0.051575
587.971300	0.050201
587.971400	0.052795
587.971500	0.055237
587.971600	0.058899
587.971700	0.053864
587.971800	0.052338
587.971900	0.052643
587.972000	0.050201
587.972100	0.053406
587.972200	0.055542
587.972300	0.051575
587.972400	0.046692
587.972500	0.050659
587.972600	0.051727
587.972700	0.055542
587.972800	0.057983
587.972900	0.050049
587.973000	0.050201
587.973100	0.051880
587.973200	0.050049
587.973300	0.049438
587.973400	0.051575
587.973500	0.054169
587.973600	0.051270
587.973700	0.057526
587.973800	0.055542
587.973900	0.051575
587.974000	0.054016
587.974100	0.052490
587.974200	0.053558
587.974300	0.054779
587.974400	0.055389
587.974500	0.051880
587.974600	0.049744
587.974700	0.047302
587.974800	0.056000
587.974900	0.053711
587.975000	0.057831
587.975100	0.052795
587.975200	0.054169
587.975300	0.053711
587.975400	0.053101
587.975500	0.050507
587.975600	0.050201
587.975700	0.050659
587.975800	0.054474
587.975900	0.056458
587.976000	0.053406
587.976100	0.054626
587.976200	0.052795
587.976300	0.053101
587.976400	0.052643
587.976500	0.047150
587.976600	0.050201
587.976700	0.050201
587.976800	0.048676
587.976900	0.053253
587.977000	0.050354
587.977100	0.051575
587.977200	0.047760
587.977300	0.048065
587.977400	0.048828
587.977500	0.048828
587.977600	0.050812
587.977700	0.054321
587.977800	0.057983
587.977900	0.052185
587.978000	0.049438
587.978100	0.048828
587.978200	0.048065
587.978300	0.048218
587.978400	0.049744
587.978500	0.051880
587.978600	0.052948
587.978700	0.051422
587.978800	0.054016
587.978900	0.051270
587.979000	0.051270
587.979100	0.053406
587.979200	0.052032
587.979300	0.053406
587.979400	0.053711
587.979500	0.052948
587.979600	0.047302
587.979700	0.049591
587.979800	0.048676
587.979900	0.054321
587.980000	0.051117
587.980100	0.047455
587.980200	0.053558
587.980300	0.050659
587.980400	0.053711
587.980500	0.056305
587.980600	0.050507
587.980700	0.046539
587.980800	0.050049
