61.847300	0.001068
61.847400	0.000153
61.847500	-0.002441
61.847600	0.003967
61.847700	0.000916
61.847800	-0.003662
61.847900	-0.003510
61.848000	-0.004272
61.848100	-0.007935
61.848200	-0.004272
61.848300	-0.003510
61.848400	-0.001526
61.848500	-0.002594
61.848600	-0.000305
61.848700	0.001526
61.848800	0.000305
61.848900	-0.000763
61.849000	-0.001221
61.849100	-0.002899
61.849200	-0.004883
61.849300	-0.000610
61.849400	-0.002747
61.849500	0.000610
61.849600	0.000000
61.849700	-0.001831
61.849800	0.001984
61.849900	-0.001221
61.850000	-0.000305
61.850100	-0.002289
61.850200	0.005646
61.850300	0.001373
61.850400	-0.000153
61.850500	0.004730
61.850600	0.005341
61.850700	0.001984
61.850800	0.003510
61.850900	0.002136
61.851000	0.008545
61.851100	0.004272
61.851200	0.007324
61.851300	0.003052
61.851400	0.003204
61.851500	0.004730
61.851600	0.000916
61.851700	0.002899
61.851800	0.006714
61.851900	0.004883
61.852000	0.000916
61.852100	0.006714
61.852200	0.007629
61.852300	0.006714
61.852400	0.003967
61.852500	0.005188
61.852600	0.009613
61.852700	0.003052
61.852800	0.003662
61.852900	0.003204
61.853000	0.003662
61.853100	0.007477
61.853200	0.003204
61.853300	-0.000916
61.853400	0.005188
61.853500	0.004730
61.853600	0.009003
61.853700	0.006561
61.853800	0.008850
61.853900	0.010223
61.854000	0.005341
61.854100	0.006561
61.854200	0.003967
61.854300	0.003662
61.854400	0.009155
61.854500	0.009155
61.854600	0.007477
61.854700	0.002899
61.854800	0.001831
61.854900	0.003967
61.855000	0.005493
61.855100	0.006866
61.855200	0.005646
61.855300	0.009766
61.855400	0.007629
61.855500	0.007935
61.855600	0.006256
61.855700	0.006714
61.855800	0.011139
61.855900	0.005798
61.856000	0.008850
61.856100	0.002594
61.856200	0.007324
61.856300	0.003357
61.856400	0.005341
61.856500	0.007019
61.856600	0.005951
61.856700	0.009918
61.856800	0.010834
61.856900	0.010986
61.857000	0.013275
61.857100	0.010834
61.857200	0.007629
61.857300	0.010223
61.857400	0.011749
61.857500	0.018311
61.857600	0.010681
61.857700	0.011139
61.857800	0.014191
61.857900	0.010986
61.858000	0.009003
61.858100	0.007782
61.858200	0.011749
61.858300	0.011597
61.858400	0.015717
61.858500	0.015869
61.858600	0.010376
61.858700	0.013123
61.858800	0.011749
61.858900	0.008850
61.859000	0.008087
61.859100	0.009766
61.859200	0.011139
61.859300	0.009460
61.859400	0.007324
61.859500	0.011749
61.859600	0.009460
61.859700	0.008698
61.859800	0.009766
61.859900	0.007782
61.860000	0.007935
61.860100	0.015564
61.860200	0.009918
61.860300	0.012665
61.860400	0.010834
61.860500	0.010986
61.860600	0.007782
61.860700	0.009460
61.860800	0.010071
61.860900	0.008698
61.861000	0.010529
61.861100	0.011292
61.861200	0.009155
61.861300	0.010834
61.861400	0.009766
61.861500	0.012817
61.861600	0.010681
61.861700	0.012817
61.861800	0.012360
61.861900	0.012360
61.862000	0.014954
61.862100	0.012054
61.862200	0.017853
61.862300	0.014648
61.862400	0.013428
61.862500	0.014191
61.862600	0.010834
61.862700	0.010376
61.862800	0.013885
61.862900	0.010681
61.863000	0.012360
61.863100	0.010223
61.863200	0.008545
61.863300	0.013123
61.863400	0.014191
61.863500	0.016937
61.863600	0.012970
61.863700	0.013275
61.863800	0.018768
61.863900	0.020752
61.864000	0.024261
61.864100	0.020294
61.864200	0.019073
61.864300	0.021210
61.864400	0.026855
61.864500	0.022583
61.864600	0.022430
61.864700	0.025177
61.864800	0.025940
61.864900	0.028229
61.865000	0.027313
61.865100	0.024109
61.865200	0.026855
61.865300	0.029449
61.865400	0.030670
61.865500	0.028992
61.865600	0.029144
61.865700	0.028687
61.865800	0.029907
61.865900	0.031128
61.866000	0.027771
61.866100	0.026855
61.866200	0.030975
61.866300	0.033264
61.866400	0.035858
61.866500	0.030212
61.866600	0.030212
61.866700	0.030060
61.866800	0.031128
61.866900	0.026550
61.867000	0.028992
61.867100	0.030365
61.867200	0.028381
61.867300	0.028076
61.867400	0.025635
61.867500	0.027466
61.867600	0.026550
61.867700	0.030670
61.867800	0.027313
61.867900	0.026550
61.868000	0.026703
61.868100	0.027008
61.868200	0.027924
61.868300	0.029449
61.868400	0.025024
61.868500	0.027313
61.868600	0.021973
61.868700	0.022125
61.868800	0.018005
61.868900	0.026398
61.869000	0.026703
61.869100	0.022736
61.869200	0.025330
61.869300	0.026093
61.869400	0.024109
61.869500	0.024414
61.869600	0.023041
61.869700	0.022736
61.869800	0.018005
61.869900	0.019379
61.870000	0.018616
61.870100	0.015411
61.870200	0.019226
61.870300	0.023041
61.870400	0.024414
61.870500	0.016327
61.870600	0.019684
61.870700	0.020294
61.870800	0.016632
61.870900	0.024414
61.871000	0.021362
61.871100	0.020142
61.871200	0.021057
61.871300	0.015717
61.871400	0.020294
61.871500	0.018768
61.871600	0.017090
61.871700	0.015259
61.871800	0.014954
61.871900	0.022430
61.872000	0.022278
61.872100	0.018311
61.872200	0.017395
61.872300	0.017395
61.872400	0.017090
61.872500	0.017700
61.872600	0.015869
61.872700	0.018158
61.872800	0.011749
61.872900	0.013733
61.873000	0.014191
61.873100	0.011444
61.873200	0.016937
61.873300	0.016022
61.873400	0.014954
61.873500	0.014801
61.873600	0.009155
61.873700	0.015106
61.873800	0.013275
61.873900	0.013428
61.874000	0.017395
61.874100	0.017242
61.874200	0.015564
61.874300	0.013733
61.874400	0.016785
61.874500	0.017395
61.874600	0.017242
61.874700	0.016632
61.874800	0.011749
61.874900	0.017700
61.875000	0.017090
61.875100	0.012360
61.875200	0.014496
61.875300	0.012665
61.875400	0.009308
61.875500	0.012207
61.875600	0.011292
61.875700	0.009918
61.875800	0.011597
61.875900	0.012970
61.876000	0.011292
61.876100	0.016327
61.876200	0.012512
61.876300	0.013733
61.876400	0.010529
61.876500	0.011902
61.876600	0.014648
61.876700	0.012207
61.876800	0.014496
61.876900	0.010834
61.877000	0.010071
61.877100	0.011902
61.877200	0.007477
61.877300	0.007782
61.877400	0.012970
61.877500	0.012665
61.877600	0.010986
61.877700	0.012665
61.877800	0.011597
61.877900	0.014496
61.878000	0.016479
61.878100	0.010071
61.878200	0.011139
61.878300	0.008392
61.878400	0.007172
61.878500	0.010681
61.878600	0.016632
61.878700	0.014038
61.878800	0.010681
61.878900	0.011444
61.879000	0.016327
61.879100	0.015869
61.879200	0.021210
61.879300	0.019836
61.879400	0.019531
61.879500	0.020905
61.879600	0.018158
61.879700	0.020142
61.879800	0.016174
61.879900	0.018311
61.880000	0.016174
61.880100	0.015259
61.880200	0.022888
61.880300	0.019684
61.880400	0.017853
61.880500	0.016327
61.880600	0.014038
61.880700	0.020447
61.880800	0.018616
61.880900	0.019073
61.881000	0.018311
61.881100	0.022736
61.881200	0.018616
61.881300	0.016785
61.881400	0.015717
61.881500	0.021973
61.881600	0.018921
61.881700	0.016479
61.881800	0.015411
61.881900	0.017395
61.882000	0.015564
61.882100	0.014343
61.882200	0.010986
61.882300	0.008545
61.882400	0.012054
61.882500	0.002747
61.882600	-0.000458
61.882700	-0.006714
61.882800	-0.003815
61.882900	-0.003815
61.883000	-0.007629
61.883100	-0.007172
61.883200	-0.009460
61.883300	-0.012665
61.883400	-0.010223
61.883500	-0.014496
61.883600	-0.008698
61.883700	-0.012665
61.883800	-0.013123
61.883900	-0.015106
61.884000	-0.013275
61.884100	-0.017853
61.884200	-0.016632
61.884300	-0.020752
61.884400	-0.019531
61.884500	-0.012817
61.884600	-0.015411
61.884700	-0.016479
61.884800	-0.013428
61.884900	-0.014648
61.885000	-0.010681
61.885100	-0.011902
61.885200	-0.012207
61.885300	-0.013428
61.885400	-0.012512
61.885500	-0.012970
61.885600	-0.011444
61.885700	-0.008087
61.885800	-0.009918
61.885900	-0.011597
61.886000	-0.011902
61.886100	-0.009918
61.886200	-0.010376
61.886300	-0.014954
61.886400	-0.008545
61.886500	-0.010071
61.886600	-0.011139
61.886700	-0.008240
61.886800	-0.005951
61.886900	-0.007172
61.887000	-0.005951
61.887100	-0.002289
61.887200	-0.004425
61.887300	-0.008698
61.887400	-0.003967
61.887500	-0.004883
61.887600	-0.003815
61.887700	-0.003510
61.887800	-0.005951
61.887900	-0.002594
61.888000	-0.001373
61.888100	-0.000610
61.888200	-0.004883
61.888300	-0.002136
61.888400	-0.001831
61.888500	-0.001373
61.888600	0.001373
61.888700	0.001984
61.888800	0.002441
61.888900	0.002899
61.889000	0.003510
61.889100	0.003052
61.889200	0.001526
61.889300	0.003815
61.889400	0.000763
61.889500	0.002747
61.889600	0.002747
61.889700	0.003967
61.889800	-0.001373
61.889900	0.003815
61.890000	0.003815
61.890100	0.001068
61.890200	0.006409
61.890300	0.003052
61.890400	0.001678
61.890500	0.000305
61.890600	0.000458
61.890700	0.004730
61.890800	0.006409
61.890900	0.003967
61.891000	-0.001373
61.891100	0.010834
61.891200	0.005798
61.891300	0.002289
61.891400	0.011139
61.891500	0.007782
61.891600	0.005341
61.891700	0.003815
61.891800	0.009460
61.891900	0.003510
61.892000	0.008392
61.892100	0.011749
61.892200	0.008087
61.892300	0.009460
61.892400	0.008392
61.892500	0.009308
61.892600	0.007629
61.892700	0.003204
61.892800	0.003357
61.892900	0.006714
61.893000	0.005798
61.893100	0.011139
61.893200	0.009155
61.893300	0.005646
61.893400	0.009918
61.893500	0.009460
61.893600	0.015106
61.893700	0.009308
61.893800	0.016479
61.893900	0.016632
61.894000	0.014801
61.894100	0.016327
61.894200	0.014343
61.894300	0.014343
61.894400	0.015717
61.894500	0.019226
61.894600	0.018158
61.894700	0.024872
61.894800	0.023499
61.894900	0.024261
61.895000	0.023651
61.895100	0.026703
61.895200	0.028839
61.895300	0.027618
61.895400	0.027924
61.895500	0.026855
61.895600	0.034332
61.895700	0.027771
61.895800	0.028076
61.895900	0.029755
61.896000	0.031586
61.896100	0.022736
61.896200	0.021362
61.896300	0.027313
61.896400	0.023651
61.896500	0.025330
61.896600	0.023956
61.896700	0.027313
61.896800	0.025482
61.896900	0.025940
61.897000	0.022125
61.897100	0.025482
61.897200	0.026245
61.897300	0.024261
61.897400	0.030975
61.897500	0.030518
61.897600	0.026550
61.897700	0.030060
61.897800	0.029907
61.897900	0.029144
61.898000	0.030518
61.898100	0.028687
61.898200	0.028992
61.898300	0.025787
61.898400	0.026855
61.898500	0.027161
61.898600	0.027313
61.898700	0.027618
61.898800	0.029297
61.898900	0.025330
61.899000	0.027466
61.899100	0.023956
61.899200	0.023499
61.899300	0.023956
61.899400	0.025177
61.899500	0.023193
61.899600	0.027008
61.899700	0.023346
61.899800	0.023651
61.899900	0.019379
61.900000	0.019073
61.900100	0.027924
61.900200	0.024719
61.900300	0.021667
61.900400	0.020447
61.900500	0.019989
61.900600	0.017242
61.900700	0.021973
61.900800	0.021057
