40.804100	0.022888
40.804200	0.022736
40.804300	0.022888
40.804400	0.023651
40.804500	0.023651
40.804600	0.021057
40.804700	0.024261
40.804800	0.025635
40.804900	0.028381
40.805000	0.021820
40.805100	0.024261
40.805200	0.021667
40.805300	0.020905
40.805400	0.023193
40.805500	0.019836
40.805600	0.023346
40.805700	0.023956
40.805800	0.023651
40.805900	0.016785
40.806000	0.019226
40.806100	0.016174
40.806200	0.018616
40.806300	0.017700
40.806400	0.017548
40.806500	0.017090
40.806600	0.022736
40.806700	0.021362
40.806800	0.021667
40.806900	0.021515
40.807000	0.020447
40.807100	0.017700
40.807200	0.017700
40.807300	0.016785
40.807400	0.012665
40.807500	0.014801
40.807600	0.014496
40.807700	0.013733
40.807800	0.018921
40.807900	0.016785
40.808000	0.017090
40.808100	0.021973
40.808200	0.019836
40.808300	0.024719
40.808400	0.018921
40.808500	0.015411
40.808600	0.014038
40.808700	0.014954
40.808800	0.015106
40.808900	0.016479
40.809000	0.024567
40.809100	0.021820
40.809200	0.021362
40.809300	0.018921
40.809400	0.021515
40.809500	0.024109
40.809600	0.023193
40.809700	0.025330
40.809800	0.018768
40.809900	0.020599
40.810000	0.022583
40.810100	0.025330
40.810200	0.018311
40.810300	0.022583
40.810400	0.020752
40.810500	0.016174
40.810600	0.020752
40.810700	0.018768
40.810800	0.018768
40.810900	0.018616
40.811000	0.022125
40.811100	0.020142
40.811200	0.019989
40.811300	0.021973
40.811400	0.018616
40.811500	0.021667
40.811600	0.023499
40.811700	0.026398
40.811800	0.023499
40.811900	0.023041
40.812000	0.018768
40.812100	0.020752
40.812200	0.025177
40.812300	0.021667
40.812400	0.024109
40.812500	0.021667
40.812600	0.024567
40.812700	0.022278
40.812800	0.024109
40.812900	0.022736
40.813000	0.019531
40.813100	0.025330
40.813200	0.023804
40.813300	0.027771
40.813400	0.026550
40.813500	0.024719
40.813600	0.026245
40.813700	0.021057
40.813800	0.021973
40.813900	0.027008
40.814000	0.021973
40.814100	0.025940
40.814200	0.024261
40.814300	0.024719
40.814400	0.024719
40.814500	0.018158
40.814600	0.016479
40.814700	0.020142
40.814800	0.019684
40.814900	0.023346
40.815000	0.018463
40.815100	0.021973
40.815200	0.023499
40.815300	0.025940
40.815400	0.020447
40.815500	0.019989
40.815600	0.018005
40.815700	0.016785
40.815800	0.017090
40.815900	0.018463
40.816000	0.018005
40.816100	0.016937
40.816200	0.020447
40.816300	0.022278
40.816400	0.019836
40.816500	0.023193
40.816600	0.027771
40.816700	0.021210
40.816800	0.019531
40.816900	0.023956
40.817000	0.023956
40.817100	0.021210
40.817200	0.023651
40.817300	0.023041
40.817400	0.020294
40.817500	0.020905
40.817600	0.021973
40.817700	0.025024
40.817800	0.021057
40.817900	0.017395
40.818000	0.023804
40.818100	0.026245
40.818200	0.023499
40.818300	0.020294
40.818400	0.018768
40.818500	0.017548
40.818600	0.017090
40.818700	0.018311
40.818800	0.017395
40.818900	0.020294
40.819000	0.026093
40.819100	0.025482
40.819200	0.028381
40.819300	0.016632
40.819400	0.018768
40.819500	0.021515
40.819600	0.020142
40.819700	0.019989
40.819800	0.027466
40.819900	0.022583
40.820000	0.020599
40.820100	0.017090
40.820200	0.019531
40.820300	0.022278
40.820400	0.023346
40.820500	0.018311
40.820600	0.019531
40.820700	0.020905
40.820800	0.024109
40.820900	0.020142
40.821000	0.022583
40.821100	0.022583
40.821200	0.022430
40.821300	0.019379
40.821400	0.021667
40.821500	0.017395
40.821600	0.019226
40.821700	0.015259
40.821800	0.022888
40.821900	0.020599
40.822000	0.021210
40.822100	0.019531
40.822200	0.017090
40.822300	0.019531
40.822400	0.018005
40.822500	0.023956
40.822600	0.019989
40.822700	0.018768
40.822800	0.020294
40.822900	0.025177
40.823000	0.026550
40.823100	0.021820
40.823200	0.021362
40.823300	0.018311
40.823400	0.025330
40.823500	0.019073
40.823600	0.020294
40.823700	0.019531
40.823800	0.018921
40.823900	0.019073
40.824000	0.019684
40.824100	0.020294
40.824200	0.018463
40.824300	0.012512
40.824400	0.016022
40.824500	0.018158
40.824600	0.019989
40.824700	0.023041
40.824800	0.018158
40.824900	0.021820
40.825000	0.016479
40.825100	0.022278
40.825200	0.018158
40.825300	0.016785
40.825400	0.018311
40.825500	0.021210
40.825600	0.024719
40.825700	0.021667
40.825800	0.023041
40.825900	0.025940
40.826000	0.022888
40.826100	0.022736
40.826200	0.018616
40.826300	0.020752
40.826400	0.021362
40.826500	0.019989
40.826600	0.020447
40.826700	0.021057
40.826800	0.023193
40.826900	0.020752
40.827000	0.021515
40.827100	0.019531
40.827200	0.021057
40.827300	0.023804
40.827400	0.018158
40.827500	0.023804
40.827600	0.023346
40.827700	0.019836
40.827800	0.023346
40.827900	0.022125
40.828000	0.023499
40.828100	0.020142
40.828200	0.023193
40.828300	0.023193
40.828400	0.022125
40.828500	0.019073
40.828600	0.017242
40.828700	0.025482
40.828800	0.023346
40.828900	0.023651
40.829000	0.023346
40.829100	0.027466
40.829200	0.020752
40.829300	0.019226
40.829400	0.017853
40.829500	0.026245
40.829600	0.021973
40.829700	0.021210
40.829800	0.028992
40.829900	0.022125
40.830000	0.025330
40.830100	0.021667
40.830200	0.019379
40.830300	0.020752
40.830400	0.018463
40.830500	0.020142
40.830600	0.021515
40.830700	0.024414
40.830800	0.023193
40.830900	0.025787
40.831000	0.021515
40.831100	0.021362
40.831200	0.022736
40.831300	0.026550
40.831400	0.025940
40.831500	0.027466
40.831600	0.022125
40.831700	0.028992
40.831800	0.024109
40.831900	0.023956
40.832000	0.019226
40.832100	0.022583
40.832200	0.025177
40.832300	0.027161
40.832400	0.022888
40.832500	0.019226
40.832600	0.025635
40.832700	0.023804
40.832800	0.023499
40.832900	0.023346
40.833000	0.023651
40.833100	0.021362
40.833200	0.023499
40.833300	0.023804
40.833400	0.021820
40.833500	0.024567
40.833600	0.023346
40.833700	0.021820
40.833800	0.023193
40.833900	0.026093
40.834000	0.028534
40.834100	0.027466
40.834200	0.028839
40.834300	0.028534
40.834400	0.023651
40.834500	0.022583
40.834600	0.023651
40.834700	0.023193
40.834800	0.023041
40.834900	0.026398
40.835000	0.028992
40.835100	0.027008
40.835200	0.026398
40.835300	0.026550
40.835400	0.026093
40.835500	0.021667
40.835600	0.019684
40.835700	0.024109
40.835800	0.021667
40.835900	0.019684
40.836000	0.016327
40.836100	0.020752
40.836200	0.021820
40.836300	0.023804
40.836400	0.022736
40.836500	0.024261
40.836600	0.018768
40.836700	0.021820
40.836800	0.021820
40.836900	0.022583
40.837000	0.021362
40.837100	0.023499
40.837200	0.023041
40.837300	0.020905
40.837400	0.024567
40.837500	0.021057
40.837600	0.019073
40.837700	0.016022
40.837800	0.024109
40.837900	0.025024
40.838000	0.021057
40.838100	0.021362
40.838200	0.017700
40.838300	0.018463
40.838400	0.018768
40.838500	0.017700
40.838600	0.017090
40.838700	0.024109
40.838800	0.021362
40.838900	0.020142
40.839000	0.021973
40.839100	0.021515
40.839200	0.019684
40.839300	0.018005
40.839400	0.023804
40.839500	0.021667
40.839600	0.021057
40.839700	0.024261
40.839800	0.019989
40.839900	0.025940
40.840000	0.026855
40.840100	0.024414
40.840200	0.021973
40.840300	0.021057
40.840400	0.016479
40.840500	0.016022
40.840600	0.022125
40.840700	0.023193
40.840800	0.021973
40.840900	0.018921
40.841000	0.019531
40.841100	0.017548
40.841200	0.019531
40.841300	0.019836
40.841400	0.023499
40.841500	0.019684
40.841600	0.021973
40.841700	0.023193
40.841800	0.016785
40.841900	0.020447
40.842000	0.012665
40.842100	0.018768
40.842200	0.019531
40.842300	0.020142
40.842400	0.021667
40.842500	0.018616
40.842600	0.018768
40.842700	0.018158
40.842800	0.018921
40.842900	0.015411
40.843000	0.015869
40.843100	0.019531
40.843200	0.017090
40.843300	0.018768
40.843400	0.021362
40.843500	0.018463
40.843600	0.023193
40.843700	0.025330
40.843800	0.026398
40.843900	0.022278
40.844000	0.018463
40.844100	0.022278
40.844200	0.020294
40.844300	0.020905
40.844400	0.018921
40.844500	0.020752
40.844600	0.019226
40.844700	0.024414
40.844800	0.030060
40.844900	0.022278
40.845000	0.023193
40.845100	0.025024
40.845200	0.023804
40.845300	0.018311
40.845400	0.018158
40.845500	0.021667
40.845600	0.018921
40.845700	0.019073
40.845800	0.021973
40.845900	0.022583
40.846000	0.022125
40.846100	0.021973
40.846200	0.023346
40.846300	0.024719
40.846400	0.024414
40.846500	0.023804
40.846600	0.019379
40.846700	0.022888
40.846800	0.022736
40.846900	0.025482
40.847000	0.026245
40.847100	0.023804
40.847200	0.023346
40.847300	0.019226
40.847400	0.026245
40.847500	0.021973
40.847600	0.022583
40.847700	0.021973
40.847800	0.021362
40.847900	0.028839
40.848000	0.026245
40.848100	0.024414
40.848200	0.020447
40.848300	0.023041
40.848400	0.023499
40.848500	0.020447
40.848600	0.015411
40.848700	0.014801
40.848800	0.019989
40.848900	0.021667
40.849000	0.018158
40.849100	0.024414
40.849200	0.022125
40.849300	0.024872
40.849400	0.020752
40.849500	0.027618
40.849600	0.025482
40.849700	0.022736
40.849800	0.028381
40.849900	0.020447
40.850000	0.019684
40.850100	0.023346
40.850200	0.025940
40.850300	0.021973
40.850400	0.024109
40.850500	0.019073
40.850600	0.022430
40.850700	0.024261
40.850800	0.026245
40.850900	0.025177
40.851000	0.021820
40.851100	0.024414
40.851200	0.023804
40.851300	0.022278
40.851400	0.022583
40.851500	0.019836
40.851600	0.021515
40.851700	0.021362
40.851800	0.020905
40.851900	0.019989
40.852000	0.018311
40.852100	0.020905
40.852200	0.023193
40.852300	0.017853
40.852400	0.022583
40.852500	0.017548
40.852600	0.019684
40.852700	0.022125
40.852800	0.018005
40.852900	0.020752
40.853000	0.021362
40.853100	0.022125
40.853200	0.020905
40.853300	0.023651
40.853400	0.024414
40.853500	0.025330
40.853600	0.020142
40.853700	0.021057
40.853800	0.019226
40.853900	0.021057
40.854000	0.020599
40.854100	0.023804
40.854200	0.018158
40.854300	0.024109
40.854400	0.021667
40.854500	0.021973
40.854600	0.022278
40.854700	0.022583
40.854800	0.023651
40.854900	0.021667
40.855000	0.021362
40.855100	0.023651
40.855200	0.029907
40.855300	0.022278
40.855400	0.026093
40.855500	0.021973
40.855600	0.025482
40.855700	0.021667
40.855800	0.022888
40.855900	0.020905
40.856000	0.025024
40.856100	0.021973
40.856200	0.027618
40.856300	0.027618
40.856400	0.027313
40.856500	0.023346
40.856600	0.021515
40.856700	0.026398
40.856800	0.023346
40.856900	0.027466
40.857000	0.027313
40.857100	0.023499
40.857200	0.023804
40.857300	0.021210
40.857400	0.021973
40.857500	0.020294
40.857600	0.025024
