37.424900	0.112305
37.425000	0.110474
37.425100	0.109406
37.425200	0.108643
37.425300	0.113525
37.425400	0.106812
37.425500	0.110168
37.425600	0.112915
37.425700	0.110474
37.425800	0.111389
37.425900	0.109406
37.426000	0.110626
37.426100	0.111084
37.426200	0.113068
37.426300	0.107422
37.426400	0.112915
37.426500	0.109100
37.426600	0.111694
37.426700	0.113678
37.426800	0.115204
37.426900	0.112762
37.427000	0.113831
37.427100	0.111084
37.427200	0.113068
37.427300	0.113220
37.427400	0.117950
37.427500	0.116730
37.427600	0.116577
37.427700	0.112152
37.427800	0.113678
37.427900	0.114441
37.428000	0.117493
37.428100	0.117493
37.428200	0.117798
37.428300	0.119324
37.428400	0.119476
37.428500	0.116272
37.428600	0.116882
37.428700	0.113525
37.428800	0.116882
37.428900	0.117798
37.429000	0.119629
37.429100	0.118866
37.429200	0.117340
37.429300	0.118256
37.429400	0.119019
37.429500	0.120850
37.429600	0.118561
37.429700	0.120392
37.429800	0.121613
37.429900	0.122375
37.430000	0.113678
37.430100	0.119019
37.430200	0.119019
37.430300	0.120392
37.430400	0.119781
37.430500	0.115509
37.430600	0.112305
37.430700	0.114899
37.430800	0.119629
37.430900	0.118408
37.431000	0.118866
37.431100	0.120087
37.431200	0.116119
37.431300	0.120544
37.431400	0.119171
37.431500	0.117187
37.431600	0.115662
37.431700	0.116730
37.431800	0.115204
37.431900	0.117645
37.432000	0.118103
37.432100	0.117798
37.432200	0.122528
37.432300	0.123596
37.432400	0.119934
37.432500	0.120392
37.432600	0.121613
37.432700	0.119934
37.432800	0.118561
37.432900	0.119324
37.433000	0.121155
37.433100	0.126495
37.433200	0.123749
37.433300	0.121460
37.433400	0.117187
37.433500	0.119934
37.433600	0.122223
37.433700	0.121155
37.433800	0.124664
37.433900	0.120544
37.434000	0.124817
37.434100	0.123291
37.434200	0.122833
37.434300	0.122070
37.434400	0.122681
37.434500	0.121918
37.434600	0.118866
37.434700	0.120087
37.434800	0.119781
37.434900	0.121918
37.435000	0.120850
37.435100	0.127869
37.435200	0.128021
37.435300	0.127716
37.435400	0.120239
37.435500	0.117950
37.435600	0.119324
37.435700	0.113068
37.435800	0.114899
37.435900	0.113373
37.436000	0.110016
37.436100	0.109253
37.436200	0.107727
37.436300	0.102692
37.436400	0.101471
37.436500	0.096588
37.436600	0.101471
37.436700	0.096741
37.436800	0.099487
37.436900	0.095062
37.437000	0.095367
37.437100	0.095825
37.437200	0.095367
37.437300	0.098114
37.437400	0.097809
37.437500	0.098419
37.437600	0.101471
37.437700	0.098419
37.437800	0.098419
37.437900	0.100250
37.438000	0.098419
37.438100	0.099640
37.438200	0.099335
37.438300	0.102081
37.438400	0.098572
37.438500	0.095062
37.438600	0.098572
37.438700	0.095062
37.438800	0.094147
37.438900	0.099487
37.439000	0.098724
37.439100	0.100555
37.439200	0.098877
37.439300	0.098419
37.439400	0.099640
37.439500	0.102081
37.439600	0.102539
37.439700	0.100403
37.439800	0.094147
37.439900	0.096436
37.440000	0.094452
37.440100	0.100708
37.440200	0.102844
37.440300	0.112152
37.440400	0.108337
37.440500	0.112610
37.440600	0.111694
37.440700	0.111847
37.440800	0.110168
37.440900	0.110626
37.441000	0.111542
37.441100	0.110474
37.441200	0.115509
37.441300	0.114899
37.441400	0.115814
37.441500	0.121460
37.441600	0.121460
37.441700	0.123901
37.441800	0.124512
37.441900	0.121765
37.442000	0.119171
37.442100	0.122986
37.442200	0.123291
37.442300	0.118561
37.442400	0.120239
37.442500	0.122070
37.442600	0.121918
37.442700	0.123901
37.442800	0.120544
37.442900	0.120087
37.443000	0.125122
37.443100	0.123901
37.443200	0.125885
37.443300	0.123901
37.443400	0.122986
37.443500	0.117798
37.443600	0.122375
37.443700	0.122833
37.443800	0.116425
37.443900	0.117798
37.444000	0.123901
37.444100	0.116272
37.444200	0.120087
37.444300	0.118408
37.444400	0.115356
37.444500	0.121002
37.444600	0.117798
37.444700	0.121307
37.444800	0.119781
37.444900	0.119781
37.445000	0.125122
37.445100	0.122070
37.445200	0.124054
37.445300	0.118408
37.445400	0.122833
37.445500	0.121460
37.445600	0.119781
37.445700	0.123596
37.445800	0.119781
37.445900	0.125885
37.446000	0.124512
37.446100	0.122070
37.446200	0.119476
37.446300	0.122375
37.446400	0.117493
37.446500	0.120544
37.446600	0.115662
37.446700	0.120239
37.446800	0.122681
37.446900	0.124207
37.447000	0.124969
37.447100	0.118561
37.447200	0.118713
37.447300	0.117035
37.447400	0.122833
37.447500	0.118561
37.447600	0.118408
37.447700	0.120239
37.447800	0.127869
37.447900	0.121613
37.448000	0.124512
37.448100	0.124969
37.448200	0.123901
37.448300	0.121460
37.448400	0.116882
37.448500	0.122070
37.448600	0.122833
37.448700	0.122375
37.448800	0.121002
37.448900	0.126953
37.449000	0.124512
37.449100	0.121765
37.449200	0.124664
37.449300	0.122223
37.449400	0.123291
37.449500	0.121918
37.449600	0.119324
37.449700	0.122070
37.449800	0.121460
37.449900	0.123444
37.450000	0.118103
37.450100	0.117645
37.450200	0.121765
37.450300	0.120239
37.450400	0.119019
37.450500	0.123596
37.450600	0.121613
37.450700	0.118561
37.450800	0.118256
37.450900	0.122528
37.451000	0.120697
37.451100	0.116425
37.451200	0.120239
37.451300	0.114899
37.451400	0.116119
37.451500	0.118713
37.451600	0.116882
37.451700	0.123444
37.451800	0.123596
37.451900	0.122986
37.452000	0.123749
37.452100	0.123291
37.452200	0.121613
37.452300	0.118866
37.452400	0.117950
37.452500	0.112457
37.452600	0.121460
37.452700	0.117340
37.452800	0.122986
37.452900	0.122681
37.453000	0.123444
37.453100	0.120544
37.453200	0.118713
37.453300	0.118408
37.453400	0.119781
37.453500	0.120392
37.453600	0.119629
37.453700	0.120392
37.453800	0.117645
37.453900	0.122681
37.454000	0.121613
37.454100	0.125427
37.454200	0.123291
37.454300	0.119324
37.454400	0.119629
37.454500	0.122528
37.454600	0.125275
37.454700	0.125122
37.454800	0.120087
37.454900	0.119171
37.455000	0.121002
37.455100	0.121307
37.455200	0.124512
37.455300	0.126343
37.455400	0.124512
37.455500	0.123138
37.455600	0.117950
37.455700	0.121002
37.455800	0.124359
37.455900	0.119629
37.456000	0.122833
37.456100	0.121155
37.456200	0.116272
37.456300	0.121918
37.456400	0.118408
37.456500	0.121613
37.456600	0.125122
37.456700	0.126038
37.456800	0.119476
37.456900	0.122070
37.457000	0.121002
37.457100	0.121307
37.457200	0.124512
37.457300	0.117950
37.457400	0.121307
37.457500	0.125122
37.457600	0.127716
37.457700	0.126038
37.457800	0.124359
37.457900	0.127258
37.458000	0.125885
37.458100	0.124054
37.458200	0.126801
37.458300	0.124512
37.458400	0.123444
37.458500	0.121002
37.458600	0.126953
37.458700	0.126801
37.458800	0.121613
37.458900	0.122986
37.459000	0.129242
37.459100	0.124664
37.459200	0.124969
37.459300	0.119019
37.459400	0.126190
37.459500	0.123901
37.459600	0.128937
37.459700	0.124207
37.459800	0.124512
37.459900	0.126038
37.460000	0.128479
37.460100	0.123901
37.460200	0.121765
37.460300	0.125122
37.460400	0.123596
37.460500	0.124969
37.460600	0.123749
37.460700	0.126953
37.460800	0.124054
37.460900	0.126648
37.461000	0.129852
37.461100	0.125275
37.461200	0.130768
37.461300	0.125732
37.461400	0.121155
37.461500	0.124664
37.461600	0.129852
37.461700	0.126190
37.461800	0.126038
37.461900	0.126953
37.462000	0.124664
37.462100	0.124054
37.462200	0.125885
37.462300	0.130310
37.462400	0.127869
37.462500	0.129242
37.462600	0.129089
37.462700	0.128479
37.462800	0.127563
37.462900	0.128479
37.463000	0.127869
37.463100	0.123138
37.463200	0.126801
37.463300	0.125427
37.463400	0.130157
37.463500	0.131836
37.463600	0.131073
37.463700	0.122223
37.463800	0.131989
37.463900	0.129395
37.464000	0.131836
37.464100	0.132599
37.464200	0.134583
37.464300	0.135193
37.464400	0.125580
37.464500	0.128326
37.464600	0.121307
37.464700	0.131073
37.464800	0.132751
37.464900	0.126190
37.465000	0.124969
37.465100	0.126801
37.465200	0.131073
37.465300	0.132904
37.465400	0.134888
37.465500	0.133820
37.465600	0.128021
37.465700	0.123291
37.465800	0.124664
37.465900	0.126953
37.466000	0.127563
37.466100	0.132294
37.466200	0.129700
37.466300	0.127563
37.466400	0.128326
37.466500	0.128479
37.466600	0.127716
37.466700	0.129089
37.466800	0.127106
37.466900	0.128021
37.467000	0.134888
37.467100	0.128937
37.467200	0.130615
37.467300	0.131073
37.467400	0.127106
37.467500	0.126038
37.467600	0.131531
37.467700	0.131836
37.467800	0.132294
37.467900	0.126038
37.468000	0.125580
37.468100	0.127106
37.468200	0.130005
37.468300	0.126190
37.468400	0.130463
37.468500	0.130310
37.468600	0.133057
37.468700	0.131989
37.468800	0.131378
37.468900	0.133057
37.469000	0.133362
37.469100	0.131836
37.469200	0.131836
37.469300	0.133820
37.469400	0.131378
37.469500	0.135040
37.469600	0.133057
37.469700	0.132904
37.469800	0.133057
37.469900	0.133057
37.470000	0.131989
37.470100	0.130768
37.470200	0.136566
37.470300	0.131073
37.470400	0.128937
37.470500	0.133209
37.470600	0.132599
37.470700	0.131836
37.470800	0.137939
37.470900	0.130310
37.471000	0.130463
37.471100	0.134430
37.471200	0.134125
37.471300	0.132446
37.471400	0.135193
37.471500	0.132904
37.471600	0.131378
37.471700	0.131836
37.471800	0.134583
37.471900	0.135956
37.472000	0.133362
37.472100	0.130615
37.472200	0.128937
37.472300	0.133667
37.472400	0.133057
37.472500	0.133362
37.472600	0.133362
37.472700	0.134277
37.472800	0.133514
37.472900	0.132751
37.473000	0.130463
37.473100	0.128937
37.473200	0.133667
37.473300	0.135498
37.473400	0.130920
37.473500	0.133057
37.473600	0.136108
37.473700	0.135040
37.473800	0.135193
37.473900	0.134125
37.474000	0.133362
37.474100	0.134583
37.474200	0.138550
37.474300	0.134735
37.474400	0.134583
37.474500	0.138245
37.474600	0.134277
37.474700	0.136871
37.474800	0.137482
37.474900	0.135193
37.475000	0.139465
37.475100	0.137939
37.475200	0.136261
37.475300	0.135498
37.475400	0.135040
37.475500	0.136261
37.475600	0.137024
37.475700	0.135651
37.475800	0.141449
37.475900	0.141144
37.476000	0.141602
37.476100	0.136414
37.476200	0.130157
37.476300	0.137024
37.476400	0.132294
37.476500	0.127563
37.476600	0.127258
37.476700	0.126343
37.476800	0.127106
37.476900	0.119781
37.477000	0.118408
37.477100	0.115662
37.477200	0.116425
37.477300	0.115814
37.477400	0.109863
37.477500	0.114288
37.477600	0.111237
37.477700	0.115967
37.477800	0.110321
37.477900	0.113068
37.478000	0.110474
37.478100	0.106201
37.478200	0.104828
37.478300	0.103607
37.478400	0.110626
