488.701700	-0.030365
488.701800	-0.054779
488.701900	-0.057831
488.702000	-0.044708
488.702100	-0.030518
488.702200	0.006866
488.702300	0.037384
488.702400	0.045776
488.702500	0.019989
488.702600	-0.021820
488.702700	-0.067902
488.702800	-0.083771
488.702900	-0.075226
488.703000	-0.057831
488.703100	-0.034637
488.703200	-0.016022
488.703300	-0.016632
488.703400	-0.022278
488.703500	-0.029297
488.703600	-0.028534
488.703700	-0.026093
488.703800	-0.010834
488.703900	0.001068
488.704000	0.004120
488.704100	-0.004883
488.704200	-0.004425
488.704300	-0.011749
488.704400	-0.019073
488.704500	-0.022583
488.704600	-0.024719
488.704700	-0.023804
488.704800	-0.029297
488.704900	-0.034180
488.705000	-0.027161
488.705100	-0.018463
488.705200	-0.005646
488.705300	-0.002899
488.705400	0.003052
488.705500	0.000610
488.705600	-0.011749
488.705700	-0.020905
488.705800	-0.031738
488.705900	-0.038605
488.706000	-0.044403
488.706100	-0.039215
488.706200	-0.032806
488.706300	-0.016632
488.706400	0.003662
488.706500	0.023346
488.706600	0.026093
488.706700	0.007172
488.706800	-0.016479
488.706900	-0.041046
488.707000	-0.071564
488.707100	-0.085449
488.707200	-0.092163
488.707300	-0.089264
488.707400	-0.060883
488.707500	-0.038605
488.707600	-0.024719
488.707700	-0.021210
488.707800	-0.023041
488.707900	-0.026398
488.708000	-0.026093
488.708100	-0.020447
488.708200	-0.019379
488.708300	-0.016785
488.708400	-0.009003
488.708500	0.013275
488.708600	0.041199
488.708700	0.061798
488.708800	0.059509
488.708900	0.041199
488.709000	0.019531
488.709100	-0.004730
488.709200	-0.033875
488.709300	-0.054779
488.709400	-0.073090
488.709500	-0.079041
488.709600	-0.071564
488.709700	-0.060425
488.709800	-0.051422
488.709900	-0.005188
488.710000	0.142822
488.710100	0.443878
488.710200	0.843964
488.710300	0.930634
488.710400	0.869904
488.710500	0.706177
488.710600	0.336609
488.710700	-0.153809
488.710800	-0.553894
488.710900	-0.831757
488.711000	-1.037903
488.711100	-1.145935
488.711200	-0.860596
488.711300	-0.462799
488.711400	-0.205841
488.711500	-0.072479
488.711600	-0.025330
488.711700	-0.017395
488.711800	-0.024567
488.711900	-0.023193
488.712000	-0.026855
488.712100	-0.022888
488.712200	-0.021362
488.712300	-0.014954
488.712400	-0.012054
488.712500	-0.013885
488.712600	-0.020599
488.712700	-0.025635
488.712800	-0.025940
488.712900	-0.028076
488.713000	-0.026093
488.713100	-0.025330
488.713200	-0.020294
488.713300	-0.021667
488.713400	-0.015106
488.713500	-0.011139
488.713600	-0.014038
488.713700	-0.008698
488.713800	-0.015411
488.713900	-0.020905
488.714000	-0.015717
488.714100	-0.013275
488.714200	0.025635
488.714300	0.322266
488.714400	1.118774
488.714500	2.483063
488.714600	3.342438
488.714700	3.578491
488.714800	3.185272
488.714900	1.575165
488.715000	-0.435028
488.715100	-2.401276
488.715200	-3.174133
488.715300	-3.345642
488.715400	-2.786560
488.715500	-1.346893
488.715600	-0.028076
488.715700	0.740509
488.715800	0.949554
488.715900	0.791626
488.716000	0.349426
488.716100	-0.198822
488.716200	-0.747223
488.716300	-1.172791
488.716400	-1.427307
488.716500	-1.287384
488.716600	-0.824127
488.716700	-0.182953
488.716800	0.359192
488.716900	0.615540
488.717000	0.557556
488.717100	0.236969
488.717200	-0.188904
488.717300	-0.524750
488.717400	-0.704041
488.717500	-0.724487
488.717600	-0.587616
488.717700	-0.366058
488.717800	-0.165558
488.717900	-0.056915
488.718000	-0.007629
488.718100	0.003662
488.718200	0.007935
488.718300	0.011292
488.718400	0.007172
488.718500	0.001068
488.718600	0.005951
488.718700	0.005035
488.718800	0.006866
488.718900	0.003662
488.719000	0.010071
488.719100	0.016022
488.719200	0.019226
488.719300	0.016327
488.719400	0.005646
488.719500	0.004578
488.719600	0.006866
488.719700	0.007019
488.719800	0.008698
488.719900	0.006714
488.720000	0.012817
488.720100	0.013275
488.720200	0.013885
488.720300	0.011749
488.720400	0.009003
488.720500	0.004425
488.720600	0.005951
488.720700	0.003662
488.720800	0.004120
488.720900	0.000000
488.721000	-0.003967
488.721100	-0.004425
488.721200	-0.009460
488.721300	-0.004578
488.721400	-0.005341
488.721500	-0.006256
488.721600	-0.004120
488.721700	-0.003815
488.721800	-0.004272
488.721900	-0.004272
488.722000	-0.007019
488.722100	-0.012970
488.722200	-0.008392
488.722300	-0.004425
488.722400	-0.006714
488.722500	-0.007324
488.722600	-0.005188
488.722700	-0.005188
488.722800	-0.003815
488.722900	-0.005341
488.723000	-0.002747
488.723100	-0.006409
488.723200	-0.002747
488.723300	-0.005646
488.723400	-0.004120
488.723500	-0.011292
488.723600	-0.010071
488.723700	-0.004730
488.723800	-0.009460
488.723900	-0.011597
488.724000	-0.015869
488.724100	-0.013580
488.724200	-0.014801
488.724300	-0.011292
488.724400	-0.018005
488.724500	-0.018616
488.724600	-0.014648
488.724700	-0.010529
488.724800	-0.003510
488.724900	-0.002747
488.725000	-0.009613
488.725100	-0.012970
488.725200	-0.016327
488.725300	-0.014801
488.725400	-0.010834
488.725500	-0.009308
488.725600	0.011597
488.725700	0.034332
488.725800	0.045471
488.725900	0.045624
488.726000	0.034027
488.726100	0.022278
488.726200	-0.003204
488.726300	-0.026398
488.726400	-0.052490
488.726500	-0.071716
488.726600	-0.082703
488.726700	-0.089569
488.726800	-0.078735
488.726900	-0.055847
488.727000	-0.033112
488.727100	-0.022736
488.727200	-0.026703
488.727300	-0.021057
488.727400	-0.026855
488.727500	-0.026550
488.727600	-0.023804
488.727700	-0.025635
488.727800	-0.025330
488.727900	-0.020599
488.728000	-0.023651
488.728100	-0.020142
488.728200	-0.022888
488.728300	-0.018158
488.728400	-0.024719
488.728500	-0.032043
488.728600	-0.030670
488.728700	-0.027771
488.728800	-0.028076
488.728900	-0.024109
488.729000	-0.026703
488.729100	-0.028076
488.729200	-0.023346
488.729300	-0.017395
488.729400	-0.011444
488.729500	-0.009766
488.729600	-0.005798
488.729700	-0.019073
488.729800	-0.027771
488.729900	-0.031281
488.730000	-0.028992
488.730100	-0.023651
488.730200	-0.014954
488.730300	-0.013733
488.730400	-0.012054
488.730500	-0.018768
488.730600	-0.025024
488.730700	-0.026703
488.730800	-0.027618
488.730900	-0.025177
488.731000	-0.027008
488.731100	-0.023193
488.731200	-0.019989
488.731300	-0.019684
488.731400	-0.019379
488.731500	-0.014191
488.731600	-0.007019
488.731700	-0.007019
488.731800	-0.010986
488.731900	-0.012665
488.732000	-0.025635
488.732100	-0.039673
488.732200	-0.035706
488.732300	-0.034637
488.732400	-0.031738
488.732500	-0.030212
488.732600	-0.027313
488.732700	-0.034027
488.732800	-0.032654
488.732900	-0.027008
488.733000	-0.018311
488.733100	-0.000153
488.733200	0.019073
488.733300	0.019379
488.733400	0.011292
488.733500	-0.018158
488.733600	-0.045166
488.733700	-0.047760
488.733800	-0.053253
488.733900	-0.049438
488.734000	-0.034790
488.734100	-0.021973
488.734200	-0.015717
488.734300	-0.007019
488.734400	-0.006256
488.734500	-0.004425
488.734600	-0.014343
488.734700	-0.021820
488.734800	-0.032501
488.734900	-0.035248
488.735000	-0.034180
488.735100	-0.041351
488.735200	-0.037231
488.735300	0.000610
488.735400	0.115204
488.735500	0.363922
488.735600	0.678101
488.735700	0.900574
488.735800	0.972748
488.735900	0.767212
488.736000	0.286560
488.736100	-0.274048
488.736200	-0.747070
488.736300	-1.001740
488.736400	-1.040649
488.736500	-0.871429
488.736600	-0.529175
488.736700	-0.254669
488.736800	-0.094757
488.736900	-0.036621
488.737000	-0.018463
488.737100	-0.015106
488.737200	-0.008392
488.737300	-0.017700
488.737400	-0.019226
488.737500	-0.023193
488.737600	-0.018463
488.737700	-0.022278
488.737800	-0.016632
488.737900	-0.016785
488.738000	-0.013885
488.738100	-0.003204
488.738200	0.002136
488.738300	0.015259
488.738400	0.019989
488.738500	0.009613
488.738600	-0.008698
488.738700	-0.024414
488.738800	-0.044098
488.738900	-0.052948
488.739000	-0.056305
488.739100	-0.044556
488.739200	-0.027161
488.739300	-0.010071
488.739400	0.010834
488.739500	0.061188
488.739600	0.177917
488.739700	0.408936
488.739800	0.807800
488.739900	1.069183
488.740000	1.067047
488.740100	0.995026
488.740200	0.682526
488.740300	0.124512
488.740400	-0.416718
488.740500	-0.932770
488.740600	-1.155853
488.740700	-1.131287
488.740800	-1.032715
488.740900	-0.749207
488.741000	-0.399933
488.741100	-0.174866
488.741200	-0.057983
488.741300	-0.023804
488.741400	-0.010986
488.741500	-0.006409
488.741600	-0.006866
488.741700	-0.005951
488.741800	-0.011749
488.741900	-0.017853
488.742000	-0.015869
488.742100	-0.013428
488.742200	-0.014954
488.742300	-0.019989
488.742400	-0.023041
488.742500	-0.020905
488.742600	-0.021210
488.742700	-0.022430
488.742800	-0.014191
488.742900	-0.009613
488.743000	-0.009155
488.743100	-0.007935
488.743200	-0.002747
488.743300	0.002441
488.743400	0.000153
488.743500	-0.005341
488.743600	-0.009613
488.743700	-0.025330
488.743800	-0.031433
488.743900	-0.032959
488.744000	-0.031738
488.744100	-0.028229
488.744200	-0.023499
488.744300	-0.011444
488.744400	-0.012512
488.744500	-0.011444
488.744600	-0.013123
488.744700	-0.018463
488.744800	-0.016785
488.744900	-0.017395
488.745000	-0.022888
488.745100	-0.024872
488.745200	-0.024109
488.745300	-0.022278
488.745400	-0.020599
488.745500	-0.020752
488.745600	-0.024261
488.745700	-0.027466
488.745800	-0.026550
488.745900	-0.031738
488.746000	-0.026245
488.746100	-0.023499
488.746200	-0.018311
488.746300	-0.019684
488.746400	-0.026093
488.746500	-0.021210
488.746600	-0.014801
488.746700	-0.015869
488.746800	-0.007019
488.746900	0.010071
488.747000	0.035706
488.747100	0.054474
488.747200	0.053253
488.747300	0.030518
488.747400	0.000916
488.747500	-0.038605
488.747600	-0.071411
488.747700	-0.091248
488.747800	-0.097656
488.747900	-0.088043
488.748000	-0.060577
488.748100	-0.034637
488.748200	-0.025787
488.748300	-0.023193
488.748400	-0.022125
488.748500	-0.021210
488.748600	-0.022583
488.748700	-0.028839
488.748800	-0.027771
488.748900	-0.025024
488.749000	-0.023499
488.749100	-0.023956
488.749200	-0.021362
488.749300	-0.014038
488.749400	-0.008545
488.749500	-0.010071
488.749600	-0.012817
488.749700	-0.014038
488.749800	-0.024872
488.749900	-0.021820
488.750000	-0.025177
488.750100	-0.019989
488.750200	-0.009766
488.750300	-0.000153
488.750400	0.003510
488.750500	-0.007324
488.750600	-0.021820
488.750700	-0.028229
488.750800	-0.038300
488.750900	-0.056610
488.751000	-0.057068
488.751100	-0.059052
488.751200	-0.051117
488.751300	-0.040131
488.751400	-0.029144
488.751500	-0.023193
488.751600	-0.025635
488.751700	-0.021210
488.751800	-0.017090
488.751900	-0.018921
488.752000	-0.016937
488.752100	-0.017090
488.752200	-0.021362
488.752300	-0.024872
488.752400	-0.026703
488.752500	0.004120
488.752600	0.058746
488.752700	0.108032
488.752800	0.118561
488.752900	0.090179
488.753000	0.014343
488.753100	-0.081024
488.753200	-0.135651
488.753300	-0.164642
488.753400	-0.157013
488.753500	-0.111237
488.753600	-0.072021
488.753700	-0.048828
488.753800	-0.041046
488.753900	-0.037689
488.754000	-0.036316
488.754100	-0.026245
488.754200	-0.024719
488.754300	-0.017700
488.754400	-0.007172
488.754500	0.030060
488.754600	0.125580
488.754700	0.289154
488.754800	0.472107
488.754900	0.477600
488.755000	0.383911
488.755100	0.251007
488.755200	0.095367
