520.343300	1.521606
520.343400	1.237183
520.343500	0.183868
520.343600	-0.922241
520.343700	-1.555786
520.343800	-1.628418
520.343900	-1.474915
520.344000	-0.852661
520.344100	-0.282288
520.344200	0.198517
520.344300	0.861206
520.344400	1.432953
520.344500	1.549683
520.344600	1.413574
520.344700	0.521393
520.344800	-0.572815
520.344900	-1.461029
520.345000	-1.555786
520.345100	-1.326752
520.345200	-0.564880
520.345300	-0.008240
520.345400	0.216827
520.345500	0.140381
520.345600	-0.050354
520.345700	-0.244446
520.345800	-0.394135
520.345900	-0.515442
520.346000	-0.451508
520.346100	-0.237122
520.346200	-0.020447
520.346300	0.260010
520.346400	0.673828
520.346500	1.026001
520.346600	1.089783
520.346700	0.789795
520.346800	0.179749
520.346900	-0.464478
520.347000	-0.937042
520.347100	-1.045837
520.347200	-0.829773
520.347300	-0.442810
520.347400	-0.177460
520.347500	-0.090027
520.347600	-0.033722
520.347700	0.194550
520.347800	0.648193
520.347900	0.937500
520.348000	1.046448
520.348100	0.608215
520.348200	-0.195770
520.348300	-0.858002
520.348400	-1.036987
520.348500	-0.998840
520.348600	-0.609283
520.348700	-0.233917
520.348800	-0.055389
520.348900	-0.001068
520.349000	0.011902
520.349100	0.012665
520.349200	0.008545
520.349300	0.010529
520.349400	0.007935
520.349500	0.006409
520.349600	0.012360
520.349700	0.009918
520.349800	0.010376
520.349900	0.012512
520.350000	0.012207
520.350100	0.013275
520.350200	0.008240
520.350300	0.005951
520.350400	0.009155
520.350500	0.006561
520.350600	0.005951
520.350700	0.005035
520.350800	0.004578
520.350900	0.009003
520.351000	0.008698
520.351100	0.010376
520.351200	0.008850
520.351300	0.014648
520.351400	0.011139
520.351500	0.015411
520.351600	0.018768
520.351700	0.022736
520.351800	0.022583
520.351900	0.028534
520.352000	0.043182
520.352100	0.067902
520.352200	0.080566
520.352300	0.087433
520.352400	0.075531
520.352500	0.010223
520.352600	-0.088043
520.352700	-0.131378
520.352800	-0.125122
520.352900	-0.127563
520.353000	-0.087738
520.353100	-0.030975
520.353200	0.039062
520.353300	0.172272
520.353400	0.356445
520.353500	0.492554
520.353600	0.493164
520.353700	0.288086
520.353800	-0.064240
520.353900	-0.364685
520.354000	-0.472565
520.354100	-0.366974
520.354200	-0.055695
520.354300	0.265961
520.354400	0.499573
520.354500	0.635986
520.354600	0.503693
520.354700	0.205994
520.354800	-0.104065
520.354900	-0.381165
520.355000	-0.541229
520.355100	-0.573578
520.355200	-0.597076
520.355300	-0.555573
520.355400	-0.352478
520.355500	-0.166931
520.355600	-0.065918
520.355700	-0.026550
520.355800	-0.000763
520.355900	0.000610
520.356000	-0.005798
520.356100	-0.002899
520.356200	-0.003967
520.356300	-0.008240
520.356400	-0.013580
520.356500	-0.007935
520.356600	0.003052
520.356700	0.051422
520.356800	0.268860
520.356900	0.853271
520.357000	1.706085
520.357100	2.220917
520.357200	2.542114
520.357300	1.924438
520.357400	0.266418
520.357500	-1.532288
520.357600	-2.505951
520.357700	-2.569733
520.357800	-2.182465
520.357900	-1.120911
520.358000	0.403290
520.358100	0.990906
520.358200	1.196289
520.358300	0.666504
520.358400	-0.238647
520.358500	-1.006012
520.358600	-1.189880
520.358700	-1.195068
520.358800	-0.950012
520.358900	-0.451508
520.359000	-0.153961
520.359100	-0.032501
520.359200	-0.000763
520.359300	0.012207
520.359400	0.012512
520.359500	0.006866
520.359600	0.003815
520.359700	0.001068
520.359800	0.003204
520.359900	0.003662
520.360000	0.009460
520.360100	0.008698
520.360200	0.010834
520.360300	0.000153
520.360400	0.005035
520.360500	0.018005
520.360600	0.037384
520.360700	0.056305
520.360800	0.052490
520.360900	0.019836
520.361000	-0.012512
520.361100	-0.045319
520.361200	-0.047150
520.361300	-0.022736
520.361400	0.053253
520.361500	0.184174
520.361600	0.324860
520.361700	0.351715
520.361800	0.274353
520.361900	0.137787
520.362000	-0.034027
520.362100	-0.190430
520.362200	-0.313263
520.362300	-0.363007
520.362400	-0.326233
520.362500	-0.209198
520.362600	-0.095520
520.362700	-0.034180
520.362800	0.021210
520.362900	0.148468
520.363000	0.403595
520.363100	0.666199
520.363200	0.760193
520.363300	0.588989
520.363400	0.125427
520.363500	-0.360107
520.363600	-0.680389
520.363700	-0.758972
520.363800	-0.634308
520.363900	-0.374756
520.364000	-0.165558
520.364100	-0.063019
520.364200	-0.031586
520.364300	-0.016479
520.364400	-0.004730
520.364500	-0.005798
520.364600	-0.004272
520.364700	-0.005646
520.364800	-0.006104
520.364900	-0.009766
520.365000	-0.008087
520.365100	-0.007324
520.365200	-0.008850
520.365300	-0.010223
520.365400	-0.007935
520.365500	-0.008850
520.365600	-0.009766
520.365700	-0.007019
520.365800	-0.006104
520.365900	-0.004883
520.366000	-0.011597
520.366100	-0.014496
520.366200	-0.011902
520.366300	-0.012665
520.366400	-0.004120
520.366500	-0.000458
520.366600	0.002136
520.366700	-0.003052
520.366800	-0.006409
520.366900	-0.015411
520.367000	-0.015869
520.367100	-0.016632
520.367200	-0.016327
520.367300	-0.012665
520.367400	-0.014648
520.367500	-0.010986
520.367600	-0.013428
520.367700	-0.012817
520.367800	-0.007324
520.367900	0.019379
520.368000	0.072937
520.368100	0.062866
520.368200	0.021973
520.368300	0.030975
520.368400	0.029755
520.368500	-0.049286
520.368600	-0.107727
520.368700	-0.081177
520.368800	-0.049286
520.368900	-0.085144
520.369000	-0.090790
520.369100	-0.054016
520.369200	-0.024567
520.369300	-0.016022
520.369400	-0.012512
520.369500	-0.009003
520.369600	-0.001373
520.369700	0.010529
520.369800	0.018463
520.369900	0.019379
520.370000	0.003510
520.370100	-0.018768
520.370200	-0.022278
520.370300	-0.027466
520.370400	-0.026855
520.370500	-0.012360
520.370600	-0.019226
520.370700	-0.032959
520.370800	-0.044556
520.370900	-0.041962
520.371000	-0.038910
520.371100	-0.021057
520.371200	-0.001373
520.371300	0.084534
520.371400	0.309753
520.371500	0.605774
520.371600	0.665283
520.371700	0.492706
520.371800	0.203857
520.371900	-0.115814
520.372000	-0.419617
520.372100	-0.638580
520.372200	-0.715942
520.372300	-0.551758
520.372400	-0.285034
520.372500	-0.101776
520.372600	-0.032959
520.372700	0.020142
520.372800	0.201721
520.372900	0.661011
520.373000	1.168213
520.373100	1.345215
520.373200	1.445312
520.373300	0.868530
520.373400	-0.234222
520.373500	-1.146698
520.373600	-1.483459
520.373700	-1.486359
520.373800	-1.250458
520.373900	-0.657654
520.374000	-0.209961
520.374100	0.165710
520.374200	0.656281
520.374300	0.929565
520.374400	0.899048
520.374500	0.720673
520.374600	0.171814
520.374700	-0.444489
520.374800	-0.785828
520.374900	-0.970306
520.375000	-1.044312
520.375100	-0.660248
520.375200	-0.292206
520.375300	-0.085144
520.375400	-0.013580
520.375500	-0.000916
520.375600	-0.006561
520.375700	-0.024261
520.375800	-0.037079
520.375900	-0.044403
520.376000	-0.037384
520.376100	-0.027466
520.376200	-0.018463
520.376300	-0.010986
520.376400	-0.002136
520.376500	-0.003204
520.376600	-0.001068
520.376700	0.002441
520.376800	0.010986
520.376900	0.032806
520.377000	0.049286
520.377100	0.102844
520.377200	0.276184
520.377300	0.553436
520.377400	0.666504
520.377500	0.523987
520.377600	0.135498
520.377700	-0.317535
520.377800	-0.627594
520.377900	-0.736542
520.378000	-0.557098
520.378100	-0.259399
520.378200	-0.076752
520.378300	-0.017700
520.378400	-0.017853
520.378500	0.083618
520.378600	0.455933
520.378700	1.144409
520.378800	1.469574
520.378900	1.632690
520.379000	1.371765
520.379100	0.211945
520.379200	-0.729980
520.379300	-0.892029
520.379400	-0.801544
520.379500	-0.706482
520.379600	-0.447540
520.379700	-0.513153
520.379800	-0.742035
520.379900	-0.863647
520.380000	-0.779724
520.380100	-0.500336
520.380200	-0.229797
520.380300	-0.077820
520.380400	0.067139
520.380500	0.374908
520.380600	0.986481
520.380700	1.313324
520.380800	1.427917
520.380900	1.037598
520.381000	0.047607
520.381100	-0.931244
520.381200	-1.411896
520.381300	-1.479797
520.381400	-1.220856
520.381500	-0.607300
520.381600	-0.224609
520.381700	-0.041504
520.381800	0.109253
520.381900	0.423889
520.382000	0.874939
520.382100	1.044769
520.382200	1.174011
520.382300	0.848083
520.382400	0.017548
520.382500	-0.781555
520.382600	-1.084595
520.382700	-1.075745
520.382800	-0.843506
520.382900	-0.051270
520.383000	0.907135
520.383100	1.326752
520.383200	1.542969
520.383300	1.348724
520.383400	0.301514
520.383500	-0.869904
520.383600	-1.540833
520.383700	-1.573029
520.383800	-1.534424
520.383900	-1.199036
520.384000	-0.422363
520.384100	-0.113983
520.384200	-0.004730
520.384300	0.010834
520.384400	0.009613
520.384500	0.001068
520.384600	0.006409
520.384700	0.009613
520.384800	0.014801
520.384900	0.010834
520.385000	0.007477
520.385100	0.009613
520.385200	0.006256
520.385300	0.002594
520.385400	0.006409
520.385500	0.013428
520.385600	0.014801
520.385700	0.011902
520.385800	0.010529
520.385900	0.012665
520.386000	0.008850
520.386100	0.003967
520.386200	0.000458
520.386300	0.005035
520.386400	0.008240
520.386500	0.028992
520.386600	0.267029
520.386700	1.112823
520.386800	2.743835
520.386900	3.787842
520.387000	3.907928
520.387100	2.774963
520.387200	0.422974
520.387300	-2.093201
520.387400	-3.637695
520.387500	-3.809052
520.387600	-3.158417
520.387700	-1.720276
520.387800	-0.596313
520.387900	-0.138245
520.388000	0.025940
520.388100	0.258026
520.388200	0.813904
520.388300	1.471710
520.388400	1.653137
520.388500	1.663513
520.388600	0.955963
520.388700	-0.245514
520.388800	-1.168823
520.388900	-1.779175
520.389000	-1.898346
520.389100	-1.543884
520.389200	-0.827026
520.389300	-0.319214
520.389400	-0.086823
520.389500	-0.019836
520.389600	-0.011444
520.389700	-0.011292
520.389800	-0.013733
520.389900	-0.004883
520.390000	0.003052
520.390100	0.005035
520.390200	0.005341
520.390300	-0.004730
520.390400	-0.000305
520.390500	-0.005951
520.390600	0.036469
520.390700	0.309753
520.390800	1.188049
520.390900	2.238159
520.391000	2.628784
520.391100	2.121735
520.391200	0.252991
520.391300	-1.802216
520.391400	-2.774811
520.391500	-2.824860
520.391600	-1.989136
520.391700	-0.984497
520.391800	-0.264435
520.391900	-0.071106
520.392000	-0.012207
520.392100	0.005035
520.392200	0.018311
520.392300	0.018768
520.392400	0.018616
520.392500	0.013275
520.392600	0.015259
520.392700	0.014343
520.392800	0.016174
520.392900	0.025635
520.393000	0.026093
520.393100	0.033112
520.393200	0.030212
520.393300	0.028076
520.393400	0.030823
520.393500	0.026550
520.393600	0.023804
520.393700	0.020752
520.393800	0.018311
520.393900	0.007629
520.394000	0.002289
520.394100	-0.015411
520.394200	-0.008545
520.394300	0.018158
520.394400	0.099945
520.394500	0.248718
520.394600	0.383911
520.394700	0.389404
520.394800	0.339355
520.394900	0.233917
520.395000	0.086365
520.395100	-0.076904
520.395200	-0.234222
520.395300	-0.369110
520.395400	-0.449066
520.395500	-0.368042
520.395600	-0.230408
520.395700	-0.062408
520.395800	0.202484
520.395900	0.590363
520.396000	0.913696
520.396100	0.979919
520.396200	0.640411
520.396300	0.017090
520.396400	-0.586700
520.396500	-0.931091
520.396600	-0.969238
520.396700	-0.727539
520.396800	-0.388184
