361.520900	-0.011902
361.521000	-0.016327
361.521100	-0.015869
361.521200	-0.013275
361.521300	-0.015869
361.521400	-0.014801
361.521500	-0.016174
361.521600	-0.018921
361.521700	-0.022736
361.521800	-0.020294
361.521900	-0.021057
361.522000	-0.015106
361.522100	-0.018311
361.522200	-0.019379
361.522300	-0.017700
361.522400	-0.015259
361.522500	-0.012817
361.522600	-0.017395
361.522700	-0.014954
361.522800	-0.018616
361.522900	-0.014648
361.523000	-0.013580
361.523100	-0.018005
361.523200	-0.020447
361.523300	-0.020294
361.523400	-0.018158
361.523500	-0.015411
361.523600	-0.015564
361.523700	-0.017700
361.523800	-0.020752
361.523900	-0.018463
361.524000	-0.020752
361.524100	-0.022430
361.524200	-0.025787
361.524300	-0.019836
361.524400	-0.019379
361.524500	-0.016785
361.524600	-0.022888
361.524700	-0.017395
361.524800	-0.022278
361.524900	-0.019989
361.525000	-0.020447
361.525100	-0.020142
361.525200	-0.018616
361.525300	-0.023499
361.525400	-0.018005
361.525500	-0.019379
361.525600	-0.022736
361.525700	-0.017548
361.525800	-0.024414
361.525900	-0.020752
361.526000	-0.020599
361.526100	-0.019531
361.526200	-0.015869
361.526300	-0.013123
361.526400	-0.021515
361.526500	-0.023041
361.526600	-0.021667
361.526700	-0.019836
361.526800	-0.021973
361.526900	-0.022278
361.527000	-0.020752
361.527100	-0.021210
361.527200	-0.023651
361.527300	-0.018311
361.527400	-0.024261
361.527500	-0.018768
361.527600	-0.025024
361.527700	-0.023956
361.527800	-0.021667
361.527900	-0.019226
361.528000	-0.016937
361.528100	-0.015564
361.528200	-0.015259
361.528300	-0.013885
361.528400	-0.016022
361.528500	-0.012360
361.528600	-0.014954
361.528700	-0.016174
361.528800	-0.015717
361.528900	-0.018768
361.529000	-0.021515
361.529100	-0.020599
361.529200	-0.015869
361.529300	-0.019226
361.529400	-0.018921
361.529500	-0.015717
361.529600	-0.016785
361.529700	-0.017395
361.529800	-0.017090
361.529900	-0.012817
361.530000	-0.016785
361.530100	-0.018768
361.530200	-0.020142
361.530300	-0.021362
361.530400	-0.018311
361.530500	-0.014038
361.530600	-0.015411
361.530700	-0.020142
361.530800	-0.013580
361.530900	-0.012817
361.531000	-0.004120
361.531100	-0.008545
361.531200	-0.010681
361.531300	-0.011749
361.531400	-0.011749
361.531500	-0.010223
361.531600	-0.004578
361.531700	-0.007324
361.531800	-0.005341
361.531900	-0.012207
361.532000	-0.008240
361.532100	-0.006409
361.532200	-0.009766
361.532300	-0.012360
361.532400	-0.010223
361.532500	-0.006714
361.532600	-0.010834
361.532700	-0.011139
361.532800	-0.008240
361.532900	-0.010834
361.533000	-0.005798
361.533100	-0.010529
361.533200	-0.013428
361.533300	-0.016937
361.533400	-0.013428
361.533500	-0.010681
361.533600	-0.010071
361.533700	-0.011139
361.533800	-0.009003
361.533900	-0.011749
361.534000	-0.005798
361.534100	-0.007477
361.534200	-0.013733
361.534300	-0.012054
361.534400	-0.012360
361.534500	-0.010681
361.534600	-0.008087
361.534700	-0.007629
361.534800	-0.013885
361.534900	-0.012970
361.535000	-0.011597
361.535100	-0.007782
361.535200	-0.014954
361.535300	-0.014801
361.535400	-0.016022
361.535500	-0.012817
361.535600	-0.018616
361.535700	-0.010376
361.535800	-0.016632
361.535900	-0.015411
361.536000	-0.014038
361.536100	-0.019379
361.536200	-0.016174
361.536300	-0.016174
361.536400	-0.015106
361.536500	-0.018463
361.536600	-0.011444
361.536700	-0.011902
361.536800	-0.010376
361.536900	-0.008392
361.537000	-0.006714
361.537100	-0.009460
361.537200	-0.010223
361.537300	-0.012970
361.537400	-0.009003
361.537500	-0.009155
361.537600	-0.011292
361.537700	-0.014648
361.537800	-0.009460
361.537900	-0.012512
361.538000	-0.014954
361.538100	-0.020447
361.538200	-0.008850
361.538300	-0.012360
361.538400	-0.014496
361.538500	-0.015869
361.538600	-0.012207
361.538700	-0.013123
361.538800	-0.019073
361.538900	-0.018005
361.539000	-0.016785
361.539100	-0.016785
361.539200	-0.013733
361.539300	-0.015869
361.539400	-0.012360
361.539500	-0.008545
361.539600	-0.014496
361.539700	-0.009613
361.539800	-0.008087
361.539900	-0.012665
361.540000	-0.014648
361.540100	-0.010986
361.540200	-0.013428
361.540300	-0.014038
361.540400	-0.012512
361.540500	-0.014343
361.540600	-0.016174
361.540700	-0.017242
361.540800	-0.015564
361.540900	-0.014191
361.541000	-0.011444
361.541100	-0.013885
361.541200	-0.012054
361.541300	-0.012207
361.541400	-0.017090
361.541500	-0.013580
361.541600	-0.012207
361.541700	-0.012360
361.541800	-0.015259
361.541900	-0.014038
361.542000	-0.015259
361.542100	-0.018158
361.542200	-0.019531
361.542300	-0.018768
361.542400	-0.018005
361.542500	-0.018768
361.542600	-0.012817
361.542700	-0.018768
361.542800	-0.021515
361.542900	-0.019073
361.543000	-0.015564
361.543100	-0.012817
361.543200	-0.009766
361.543300	-0.009766
361.543400	-0.015259
361.543500	-0.014954
361.543600	-0.020294
361.543700	-0.015259
361.543800	-0.009613
361.543900	-0.015564
361.544000	-0.012817
361.544100	-0.013275
361.544200	-0.010071
361.544300	-0.011749
361.544400	-0.013275
361.544500	-0.012054
361.544600	-0.015869
361.544700	-0.016632
361.544800	-0.017548
361.544900	-0.010376
361.545000	-0.014343
361.545100	-0.016174
361.545200	-0.017090
361.545300	-0.023804
361.545400	-0.015717
361.545500	-0.015717
361.545600	-0.013123
361.545700	-0.013733
361.545800	-0.013123
361.545900	-0.016022
361.546000	-0.011902
361.546100	-0.021057
361.546200	-0.015411
361.546300	-0.018616
361.546400	-0.014191
361.546500	-0.013428
361.546600	-0.016785
361.546700	-0.014343
361.546800	-0.014496
361.546900	-0.011597
361.547000	-0.022278
361.547100	-0.020905
361.547200	-0.020905
361.547300	-0.020905
361.547400	-0.019989
361.547500	-0.016937
361.547600	-0.017090
361.547700	-0.014343
361.547800	-0.015106
361.547900	-0.025024
361.548000	-0.022583
361.548100	-0.020599
361.548200	-0.020447
361.548300	-0.019684
361.548400	-0.017242
361.548500	-0.018311
361.548600	-0.021667
361.548700	-0.019989
361.548800	-0.014038
361.548900	-0.009766
361.549000	-0.011444
361.549100	-0.011597
361.549200	-0.011444
361.549300	-0.009918
361.549400	-0.011597
361.549500	-0.013428
361.549600	-0.013123
361.549700	-0.014648
361.549800	-0.011292
361.549900	-0.008240
361.550000	-0.012360
361.550100	-0.012360
361.550200	-0.013885
361.550300	-0.014954
361.550400	-0.015106
361.550500	-0.013733
361.550600	-0.010529
361.550700	-0.009460
361.550800	-0.007019
361.550900	-0.008392
361.551000	-0.004425
361.551100	-0.011597
361.551200	-0.011749
361.551300	-0.014191
361.551400	-0.010986
361.551500	-0.005493
361.551600	-0.002899
361.551700	-0.007782
361.551800	-0.010376
361.551900	-0.005646
361.552000	-0.001831
361.552100	-0.005341
361.552200	-0.005798
361.552300	-0.004120
361.552400	-0.003662
361.552500	-0.007019
361.552600	-0.003357
361.552700	-0.004883
361.552800	-0.005798
361.552900	-0.000763
361.553000	-0.004272
361.553100	-0.003967
361.553200	-0.006409
361.553300	-0.001373
361.553400	-0.003204
361.553500	-0.007019
361.553600	-0.004578
361.553700	0.000763
361.553800	-0.004730
361.553900	-0.005646
361.554000	0.004578
361.554100	-0.001984
361.554200	-0.001068
361.554300	0.002747
361.554400	0.002594
361.554500	-0.001984
361.554600	0.005646
361.554700	0.003510
361.554800	-0.001678
361.554900	0.001221
361.555000	0.001831
361.555100	0.004425
361.555200	-0.001068
361.555300	0.004578
361.555400	0.003815
361.555500	0.007477
361.555600	0.007935
361.555700	0.009460
361.555800	0.007629
361.555900	0.010376
361.556000	0.007324
361.556100	0.010681
361.556200	0.010986
361.556300	0.017853
361.556400	0.019073
361.556500	0.015106
361.556600	0.014496
361.556700	0.013580
361.556800	0.016174
361.556900	0.012817
361.557000	0.015869
361.557100	0.013885
361.557200	0.009155
361.557300	0.014801
361.557400	0.015411
361.557500	0.015411
361.557600	0.014954
361.557700	0.018463
361.557800	0.017090
361.557900	0.016785
361.558000	0.016785
361.558100	0.014038
361.558200	0.020447
361.558300	0.021667
361.558400	0.017700
361.558500	0.023193
361.558600	0.020752
361.558700	0.023346
361.558800	0.019989
361.558900	0.022430
361.559000	0.026855
361.559100	0.029297
361.559200	0.024567
361.559300	0.025635
361.559400	0.025787
361.559500	0.021820
361.559600	0.022583
361.559700	0.017548
361.559800	0.025330
361.559900	0.024872
361.560000	0.020905
361.560100	0.021362
361.560200	0.023346
361.560300	0.026093
361.560400	0.025635
361.560500	0.028076
361.560600	0.028381
361.560700	0.029907
361.560800	0.028992
361.560900	0.030518
361.561000	0.028992
361.561100	0.029449
361.561200	0.030823
361.561300	0.030975
361.561400	0.029297
361.561500	0.030365
361.561600	0.027924
361.561700	0.030975
361.561800	0.033722
361.561900	0.029907
361.562000	0.027466
361.562100	0.026855
361.562200	0.030518
361.562300	0.023193
361.562400	0.026398
361.562500	0.025787
361.562600	0.020142
361.562700	0.027161
361.562800	0.025940
361.562900	0.028076
361.563000	0.026093
361.563100	0.028381
361.563200	0.028839
361.563300	0.025024
361.563400	0.027008
361.563500	0.031738
361.563600	0.037537
361.563700	0.030365
361.563800	0.034790
361.563900	0.032196
361.564000	0.026550
361.564100	0.027161
361.564200	0.022430
361.564300	0.030060
361.564400	0.019989
361.564500	0.021362
361.564600	0.022125
361.564700	0.021210
361.564800	0.024109
361.564900	0.021515
361.565000	0.023499
361.565100	0.029297
361.565200	0.026398
361.565300	0.023499
361.565400	0.023346
361.565500	0.023346
361.565600	0.017853
361.565700	0.018616
361.565800	0.019989
361.565900	0.024261
361.566000	0.020294
361.566100	0.027313
361.566200	0.017242
361.566300	0.014343
361.566400	0.014191
361.566500	0.018463
361.566600	0.013428
361.566700	0.015564
361.566800	0.019531
361.566900	0.015259
361.567000	0.009766
361.567100	0.010834
361.567200	0.009766
361.567300	0.012512
361.567400	0.009308
361.567500	0.007935
361.567600	0.012360
361.567700	0.009918
361.567800	0.009460
361.567900	0.010529
361.568000	0.011597
361.568100	0.005341
361.568200	0.004578
361.568300	-0.001221
361.568400	0.005188
361.568500	0.007477
361.568600	0.004272
361.568700	0.005493
361.568800	0.002747
361.568900	-0.000610
361.569000	-0.001831
361.569100	-0.007324
361.569200	-0.003510
361.569300	-0.005188
361.569400	0.000610
361.569500	-0.006256
361.569600	-0.006561
361.569700	-0.003815
361.569800	-0.002747
361.569900	-0.007172
361.570000	-0.009918
361.570100	-0.010376
361.570200	-0.008545
361.570300	-0.005951
361.570400	-0.004120
361.570500	-0.006561
361.570600	-0.012512
361.570700	-0.008392
361.570800	-0.013428
361.570900	-0.008392
361.571000	-0.010071
361.571100	-0.008850
361.571200	-0.011139
361.571300	-0.008240
361.571400	-0.011444
361.571500	-0.015869
361.571600	-0.018311
361.571700	-0.015869
361.571800	-0.014496
361.571900	-0.019531
361.572000	-0.017700
361.572100	-0.021362
361.572200	-0.012054
361.572300	-0.010376
361.572400	-0.012360
361.572500	-0.018311
361.572600	-0.019379
361.572700	-0.017395
361.572800	-0.016327
361.572900	-0.018311
361.573000	-0.007782
361.573100	-0.015411
361.573200	-0.020142
361.573300	-0.020294
361.573400	-0.015411
361.573500	-0.017242
361.573600	-0.016022
361.573700	-0.018311
361.573800	-0.023346
361.573900	-0.022278
361.574000	-0.018768
361.574100	-0.020905
361.574200	-0.026398
361.574300	-0.031128
361.574400	-0.028229
