136.650500	-0.549774
136.650600	-0.325165
136.650700	-0.114899
136.650800	0.068665
136.650900	0.222473
136.651000	0.334625
136.651100	0.395508
136.651200	0.429230
136.651300	0.422363
136.651400	0.383911
136.651500	0.338135
136.651600	0.294037
136.651700	0.231323
136.651800	0.175476
136.651900	0.102539
136.652000	0.039825
136.652100	-0.029297
136.652200	-0.090942
136.652300	-0.152283
136.652400	-0.203705
136.652500	-0.241394
136.652600	-0.234985
136.652700	-0.209961
136.652800	-0.141449
136.652900	-0.027466
136.653000	0.128632
136.653100	0.329132
136.653200	0.548859
136.653300	0.763397
136.653400	0.968170
136.653500	1.127167
136.653600	1.232910
136.653700	1.291504
136.653800	1.296234
136.653900	1.223145
136.654000	1.074677
136.654100	0.840759
136.654200	0.546265
136.654300	0.241547
136.654400	-0.061798
136.654500	-0.342560
136.654600	-0.562592
136.654700	-0.701599
136.654800	-0.741577
136.654900	-0.662231
136.655000	-0.437012
136.655100	-0.171967
136.655200	0.056458
136.655300	0.223083
136.655400	0.397797
136.655500	0.561523
136.655600	0.727844
136.655700	0.824280
136.655800	0.770874
136.655900	0.540619
136.656000	0.220795
136.656100	-0.138855
136.656200	-0.533905
136.656300	-0.882721
136.656400	-1.175079
136.656500	-1.478577
136.656600	-1.595306
136.656700	-1.631622
136.656800	-1.605377
136.656900	-1.562347
136.657000	-1.484222
136.657100	-1.338806
136.657200	-1.222687
136.657300	-0.838928
136.657400	-0.563660
136.657500	-0.326233
136.657600	-0.144043
136.657700	-0.009460
136.657800	0.070343
136.657900	0.108795
136.658000	0.134430
136.658100	0.140076
136.658200	0.146790
136.658300	0.150909
136.658400	0.148315
136.658500	0.143890
136.658600	0.145264
136.658700	0.149231
136.658800	0.146942
136.658900	0.147400
136.659000	0.146637
136.659100	0.135498
136.659200	0.138702
136.659300	0.135193
136.659400	0.133209
136.659500	0.130768
136.659600	0.129395
136.659700	0.130157
136.659800	0.120850
136.659900	0.121765
136.660000	0.114746
136.660100	0.118713
136.660200	0.117340
136.660300	0.108643
136.660400	0.118561
136.660500	0.110016
136.660600	0.113068
136.660700	0.115051
136.660800	0.111847
136.660900	0.108948
136.661000	0.110779
136.661100	0.107727
136.661200	0.107727
136.661300	0.098877
136.661400	0.105133
136.661500	0.095215
136.661600	0.086060
136.661700	0.093842
136.661800	0.091400
136.661900	0.089111
136.662000	0.097656
136.662100	0.097809
136.662200	0.106354
136.662300	0.100098
136.662400	0.103760
136.662500	0.099335
136.662600	0.101013
136.662700	0.103149
136.662800	0.102234
136.662900	0.098877
136.663000	0.099182
136.663100	0.108185
136.663200	0.107574
136.663300	0.104370
136.663400	0.094147
136.663500	0.097656
136.663600	0.095215
136.663700	0.094299
136.663800	0.096893
136.663900	0.100098
136.664000	0.101471
136.664100	0.100708
136.664200	0.102386
136.664300	0.102692
136.664400	0.098419
136.664500	0.100098
136.664600	0.090790
136.664700	0.091400
136.664800	0.096130
136.664900	0.095825
136.665000	0.093994
136.665100	0.096130
136.665200	0.095673
136.665300	0.092621
136.665400	0.098114
136.665500	0.095978
136.665600	0.101318
136.665700	0.098724
136.665800	0.108032
136.665900	0.121460
136.666000	0.138855
136.666100	0.153503
136.666200	0.170288
136.666300	0.186462
136.666400	0.203857
136.666500	0.200500
136.666600	0.192566
136.666700	0.175934
136.666800	0.153198
136.666900	0.138702
136.667000	0.114441
136.667100	0.077972
136.667200	0.053253
136.667300	0.025177
136.667400	-0.005341
136.667500	-0.022736
136.667600	-0.036316
136.667700	-0.040588
136.667800	-0.031738
136.667900	0.004883
136.668000	0.060577
136.668100	0.167542
136.668200	0.298920
136.668300	0.479584
136.668400	0.694580
136.668500	0.917664
136.668600	1.127319
136.668700	1.296692
136.668800	1.383972
136.668900	1.421661
136.669000	1.413269
136.669100	1.385193
136.669200	1.321411
136.669300	1.237793
136.669400	1.088409
136.669500	0.868988
136.669600	0.595245
136.669700	0.301208
136.669800	0.009003
136.669900	-0.283203
136.670000	-0.557404
136.670100	-0.806122
136.670200	-1.054230
136.670300	-1.162720
136.670400	-1.416931
136.670500	-1.470184
136.670600	-1.466522
136.670700	-1.428986
136.670800	-1.360779
136.670900	-1.271210
136.671000	-1.197205
136.671100	-1.042480
136.671200	-0.890198
136.671300	-0.708008
136.671400	-0.518341
136.671500	-0.342712
136.671600	-0.209656
136.671700	-0.096893
136.671800	-0.018005
136.671900	0.032196
136.672000	0.056152
136.672100	0.076599
136.672200	0.094910
136.672300	0.087891
136.672400	0.096741
136.672500	0.099792
136.672600	0.104675
136.672700	0.097809
136.672800	0.099640
136.672900	0.102844
136.673000	0.099792
136.673100	0.105591
136.673200	0.100555
136.673300	0.094757
136.673400	0.102539
136.673500	0.098724
136.673600	0.106201
136.673700	0.103760
136.673800	0.105591
136.673900	0.105438
136.674000	0.100708
136.674100	0.104218
136.674200	0.098877
136.674300	0.102234
136.674400	0.102386
136.674500	0.097504
136.674600	0.098114
136.674700	0.095825
136.674800	0.088654
136.674900	0.090027
136.675000	0.084534
136.675100	0.086517
136.675200	0.086670
136.675300	0.084534
136.675400	0.091400
136.675500	0.084991
136.675600	0.086212
136.675700	0.090027
136.675800	0.094757
136.675900	0.091400
136.676000	0.097656
136.676100	0.093384
136.676200	0.096893
136.676300	0.092316
136.676400	0.091553
136.676500	0.092163
136.676600	0.088348
136.676700	0.081787
136.676800	0.084839
136.676900	0.083923
136.677000	0.084991
136.677100	0.092468
136.677200	0.091553
136.677300	0.088348
136.677400	0.092468
136.677500	0.099030
136.677600	0.104523
136.677700	0.109863
136.677800	0.107422
136.677900	0.111847
136.678000	0.106659
136.678100	0.106049
136.678200	0.110168
136.678300	0.113525
136.678400	0.114288
136.678500	0.119781
136.678600	0.115509
136.678700	0.112305
136.678800	0.112305
136.678900	0.108032
136.679000	0.102539
136.679100	0.095062
136.679200	0.091095
136.679300	0.077057
136.679400	0.067291
136.679500	0.053101
136.679600	0.025635
136.679700	0.011292
136.679800	0.008240
136.679900	-0.009918
136.680000	-0.008545
136.680100	-0.002747
136.680200	0.002747
136.680300	0.008545
136.680400	0.012817
136.680500	0.019226
136.680600	0.026245
136.680700	0.032806
136.680800	0.036316
136.680900	0.032501
136.681000	0.027924
136.681100	0.019531
136.681200	0.016174
136.681300	0.006866
136.681400	-0.004120
136.681500	-0.008545
136.681600	-0.020294
136.681700	-0.024872
136.681800	-0.025330
136.681900	-0.022888
136.682000	-0.017548
136.682100	-0.017090
136.682200	-0.016479
136.682300	-0.004578
136.682400	0.010681
136.682500	0.026703
136.682600	0.040741
136.682700	0.057526
136.682800	0.059662
136.682900	0.078583
136.683000	0.096436
136.683100	0.126648
136.683200	0.156860
136.683300	0.208435
136.683400	0.257111
136.683500	0.316467
136.683600	0.359955
136.683700	0.397491
136.683800	0.417023
136.683900	0.422668
136.684000	0.412598
136.684100	0.390930
136.684200	0.352783
136.684300	0.308228
136.684400	0.246429
136.684500	0.175934
136.684600	0.104065
136.684700	0.028381
136.684800	-0.053101
136.684900	-0.131836
136.685000	-0.198517
136.685100	-0.265503
136.685200	-0.308685
136.685300	-0.342407
136.685400	-0.364380
136.685500	-0.373230
136.685600	-0.360107
136.685700	-0.335846
136.685800	-0.280762
136.685900	-0.219269
136.686000	-0.165863
136.686100	-0.104980
136.686200	-0.052032
136.686300	-0.015106
136.686400	0.014038
136.686500	0.049286
136.686600	0.056915
136.686700	0.061188
136.686800	0.066376
136.686900	0.063171
136.687000	0.068512
136.687100	0.065765
136.687200	0.062408
136.687300	0.065918
136.687400	0.066223
136.687500	0.070343
136.687600	0.064240
136.687700	0.065308
136.687800	0.072021
136.687900	0.067291
136.688000	0.072479
136.688100	0.079498
136.688200	0.077209
136.688300	0.081329
136.688400	0.079346
136.688500	0.077820
136.688600	0.069427
136.688700	0.070496
136.688800	0.075378
136.688900	0.086670
136.689000	0.095215
136.689100	0.103455
136.689200	0.115204
136.689300	0.118256
136.689400	0.117340
136.689500	0.108337
136.689600	0.109711
136.689700	0.103760
136.689800	0.089722
136.689900	0.078888
136.690000	0.067596
136.690100	0.056458
136.690200	0.047607
136.690300	0.039825
136.690400	0.033112
136.690500	0.029449
136.690600	0.024567
136.690700	0.019073
136.690800	0.017242
136.690900	0.016632
136.691000	0.022583
136.691100	0.028381
136.691200	0.029449
136.691300	0.033417
136.691400	0.043945
136.691500	0.046692
136.691600	0.054932
136.691700	0.062866
136.691800	0.053558
136.691900	0.057220
136.692000	0.054016
136.692100	0.066071
136.692200	0.069580
136.692300	0.065002
136.692400	0.065460
136.692500	0.059052
136.692600	0.053101
136.692700	0.059357
136.692800	0.057220
136.692900	0.057068
136.693000	0.056915
136.693100	0.055237
136.693200	0.057068
136.693300	0.055847
136.693400	0.063324
136.693500	0.064087
136.693600	0.066681
136.693700	0.067444
136.693800	0.067749
136.693900	0.067139
136.694000	0.062561
136.694100	0.063171
136.694200	0.066528
136.694300	0.068207
136.694400	0.063171
136.694500	0.063019
136.694600	0.068207
136.694700	0.068665
136.694800	0.067749
136.694900	0.075378
136.695000	0.086670
136.695100	0.077515
136.695200	0.079193
136.695300	0.077820
136.695400	0.071716
136.695500	0.073700
136.695600	0.071564
136.695700	0.074158
136.695800	0.069427
136.695900	0.065460
136.696000	0.056610
136.696100	0.048981
136.696200	0.046387
136.696300	0.037384
136.696400	0.031891
136.696500	0.023651
136.696600	0.012970
136.696700	0.004425
136.696800	0.002747
136.696900	0.004883
136.697000	-0.002136
136.697100	-0.002899
136.697200	0.004120
136.697300	0.010681
136.697400	0.006409
136.697500	0.006714
136.697600	0.012054
136.697700	0.012054
136.697800	0.028381
136.697900	0.036774
136.698000	0.036163
136.698100	0.040894
136.698200	0.044403
136.698300	0.050812
136.698400	0.048370
136.698500	0.053253
136.698600	0.054474
136.698700	0.052490
136.698800	0.053864
136.698900	0.055084
136.699000	0.050201
136.699100	0.045624
136.699200	0.050964
136.699300	0.049133
136.699400	0.053406
136.699500	0.047150
136.699600	0.043945
136.699700	0.042725
136.699800	0.042267
136.699900	0.040283
136.700000	0.037537
136.700100	0.041046
136.700200	0.041962
136.700300	0.043945
136.700400	0.044098
136.700500	0.042114
136.700600	0.046997
136.700700	0.048370
136.700800	0.041504
136.700900	0.042419
136.701000	0.039520
136.701100	0.038910
136.701200	0.040436
136.701300	0.042419
136.701400	0.049591
136.701500	0.052032
136.701600	0.051422
136.701700	0.052185
136.701800	0.051727
136.701900	0.054169
136.702000	0.050964
136.702100	0.053406
136.702200	0.054932
136.702300	0.051880
136.702400	0.049438
136.702500	0.053101
136.702600	0.054321
136.702700	0.054016
136.702800	0.054779
136.702900	0.057678
136.703000	0.059509
136.703100	0.060577
136.703200	0.062408
136.703300	0.065308
136.703400	0.068817
136.703500	0.070953
136.703600	0.061188
136.703700	0.056000
136.703800	0.054779
136.703900	0.050659
136.704000	0.042725
