483.018500	-0.018311
483.018600	-0.012054
483.018700	-0.011597
483.018800	-0.010376
483.018900	-0.013123
483.019000	-0.013580
483.019100	-0.017548
483.019200	-0.018311
483.019300	-0.021210
483.019400	-0.009766
483.019500	-0.001526
483.019600	-0.000763
483.019700	0.005035
483.019800	0.007019
483.019900	0.008545
483.020000	0.015564
483.020100	0.010376
483.020200	0.012665
483.020300	0.014038
483.020400	0.017853
483.020500	0.023499
483.020600	0.030060
483.020700	0.027008
483.020800	0.032349
483.020900	0.027466
483.021000	0.023346
483.021100	0.014038
483.021200	0.002899
483.021300	0.003662
483.021400	-0.001373
483.021500	-0.002594
483.021600	-0.005798
483.021700	-0.004578
483.021800	0.004578
483.021900	0.001221
483.022000	-0.001678
483.022100	-0.011749
483.022200	-0.025482
483.022300	-0.029755
483.022400	-0.036011
483.022500	-0.030365
483.022600	-0.021973
483.022700	-0.012665
483.022800	-0.009460
483.022900	0.000763
483.023000	0.006409
483.023100	0.011597
483.023200	0.020599
483.023300	0.025940
483.023400	0.033569
483.023500	0.078125
483.023600	0.190887
483.023700	0.388184
483.023800	0.577850
483.023900	0.648193
483.024000	0.587158
483.024100	0.346527
483.024200	-0.033569
483.024300	-0.421448
483.024400	-0.669861
483.024500	-0.749207
483.024600	-0.684509
483.024700	-0.481567
483.024800	-0.240326
483.024900	-0.075531
483.025000	-0.008698
483.025100	0.017242
483.025200	0.018616
483.025300	0.009308
483.025400	0.002594
483.025500	0.004730
483.025600	0.027161
483.025700	0.081177
483.025800	0.118713
483.025900	0.138397
483.026000	0.115051
483.026100	0.055695
483.026200	0.012665
483.026300	0.022125
483.026400	0.078430
483.026500	0.248718
483.026600	0.560913
483.026700	0.698090
483.026800	0.606232
483.026900	0.367432
483.027000	0.001984
483.027100	-0.385437
483.027200	-0.645599
483.027300	-0.783234
483.027400	-0.755005
483.027500	-0.509491
483.027600	-0.250244
483.027700	-0.084991
483.027800	-0.029297
483.027900	-0.010071
483.028000	-0.008850
483.028100	-0.004120
483.028200	0.002441
483.028300	0.002441
483.028400	0.005035
483.028500	0.003967
483.028600	0.007629
483.028700	0.004425
483.028800	0.002594
483.028900	0.005646
483.029000	0.013580
483.029100	0.014954
483.029200	0.013123
483.029300	0.013580
483.029400	0.021210
483.029500	0.027008
483.029600	0.026093
483.029700	0.018616
483.029800	0.011749
483.029900	0.003204
483.030000	-0.000916
483.030100	-0.003204
483.030200	-0.001526
483.030300	-0.001068
483.030400	0.009155
483.030500	0.016022
483.030600	0.022278
483.030700	0.021973
483.030800	0.015869
483.030900	0.021362
483.031000	0.021210
483.031100	0.027618
483.031200	0.036163
483.031300	0.033569
483.031400	0.036774
483.031500	0.016174
483.031600	-0.004120
483.031700	-0.032196
483.031800	-0.055237
483.031900	-0.070190
483.032000	-0.069275
483.032100	-0.065460
483.032200	-0.047760
483.032300	-0.034637
483.032400	-0.022583
483.032500	-0.006256
483.032600	-0.001373
483.032700	0.007477
483.032800	0.004425
483.032900	0.003357
483.033000	-0.000610
483.033100	-0.002899
483.033200	-0.002441
483.033300	-0.000610
483.033400	0.004425
483.033500	0.006104
483.033600	0.011292
483.033700	0.011139
483.033800	0.009918
483.033900	0.016022
483.034000	0.017090
483.034100	0.018616
483.034200	0.009766
483.034300	0.007324
483.034400	0.001221
483.034500	0.002747
483.034600	-0.004883
483.034700	-0.009460
483.034800	-0.007172
483.034900	-0.002747
483.035000	-0.008392
483.035100	-0.011902
483.035200	-0.004730
483.035300	-0.008698
483.035400	-0.002899
483.035500	0.003510
483.035600	0.025330
483.035700	0.097351
483.035800	0.259552
483.035900	0.522919
483.036000	0.653381
483.036100	0.654449
483.036200	0.581665
483.036300	0.262909
483.036400	-0.217896
483.036500	-0.562286
483.036600	-0.694580
483.036700	-0.744476
483.036800	-0.687866
483.036900	-0.436249
483.037000	-0.196533
483.037100	-0.066376
483.037200	-0.013123
483.037300	0.019226
483.037400	0.070496
483.037500	0.131836
483.037600	0.164642
483.037700	0.162506
483.037800	0.106049
483.037900	-0.010071
483.038000	-0.111389
483.038100	-0.158539
483.038200	-0.166626
483.038300	-0.131073
483.038400	-0.076294
483.038500	-0.037231
483.038600	-0.012970
483.038700	-0.001984
483.038800	0.006256
483.038900	0.031281
483.039000	0.058899
483.039100	0.100555
483.039200	0.115204
483.039300	0.135498
483.039400	0.212708
483.039500	0.405579
483.039600	0.711212
483.039700	0.921631
483.039800	0.915680
483.039900	0.730591
483.040000	0.432587
483.040100	0.073853
483.040200	-0.313873
483.040300	-0.665741
483.040400	-0.921021
483.040500	-1.041107
483.040600	-0.953979
483.040700	-0.660248
483.040800	-0.343628
483.040900	-0.132599
483.041000	-0.038605
483.041100	-0.005341
483.041200	0.003204
483.041300	-0.001068
483.041400	-0.001984
483.041500	-0.002441
483.041600	-0.003357
483.041700	-0.005341
483.041800	-0.007324
483.041900	-0.006104
483.042000	-0.005341
483.042100	-0.003510
483.042200	0.000458
483.042300	0.007019
483.042400	0.005188
483.042500	0.010376
483.042600	0.013123
483.042700	0.026093
483.042800	0.029907
483.042900	0.030975
483.043000	0.030670
483.043100	0.027313
483.043200	0.011444
483.043300	-0.002899
483.043400	-0.019379
483.043500	-0.025482
483.043600	-0.018768
483.043700	-0.020142
483.043800	-0.016327
483.043900	-0.000305
483.044000	0.005646
483.044100	0.007019
483.044200	0.010834
483.044300	0.014954
483.044400	0.016174
483.044500	0.015869
483.044600	0.013885
483.044700	0.013428
483.044800	0.021515
483.044900	0.031738
483.045000	0.025635
483.045100	0.023346
483.045200	0.016022
483.045300	0.007782
483.045400	0.000000
483.045500	0.000610
483.045600	-0.001373
483.045700	0.011139
483.045800	0.014801
483.045900	0.021057
483.046000	0.044250
483.046100	0.112915
483.046200	0.258484
483.046300	0.457001
483.046400	0.523071
483.046500	0.452118
483.046600	0.331726
483.046700	0.181580
483.046800	0.032501
483.046900	-0.135956
483.047000	-0.283203
483.047100	-0.406189
483.047200	-0.509338
483.047300	-0.523376
483.047400	-0.368500
483.047500	-0.202026
483.047600	-0.076294
483.047700	-0.027924
483.047800	-0.002289
483.047900	0.002136
483.048000	0.011749
483.048100	0.009766
483.048200	0.013580
483.048300	0.016479
483.048400	0.011902
483.048500	0.008392
483.048600	0.011597
483.048700	0.005951
483.048800	0.004578
483.048900	0.004425
483.049000	0.009460
483.049100	0.006104
483.049200	0.012054
483.049300	0.013428
483.049400	0.007172
483.049500	0.010529
483.049600	0.011749
483.049700	0.019836
483.049800	0.019836
483.049900	0.028381
483.050000	0.029144
483.050100	0.020447
483.050200	0.007935
483.050300	0.005493
483.050400	-0.001221
483.050500	0.001984
483.050600	-0.007782
483.050700	0.000916
483.050800	0.026855
483.050900	0.136719
483.051000	0.383453
483.051100	0.766602
483.051200	1.012268
483.051300	1.066132
483.051400	0.961914
483.051500	0.577393
483.051600	0.051727
483.051700	-0.515442
483.051800	-0.969238
483.051900	-1.145325
483.052000	-1.097107
483.052100	-0.921173
483.052200	-0.590363
483.052300	-0.275116
483.052400	-0.097656
483.052500	-0.025024
483.052600	0.001678
483.052700	0.022278
483.052800	0.037384
483.052900	0.063324
483.053000	0.075073
483.053100	0.086060
483.053200	0.084839
483.053300	0.086060
483.053400	0.162506
483.053500	0.362854
483.053600	0.735016
483.053700	1.035156
483.053800	1.072998
483.053900	1.062164
483.054000	0.761108
483.054100	0.177612
483.054200	-0.458527
483.054300	-1.003418
483.054400	-1.183624
483.054500	-1.221924
483.054600	-1.195374
483.054700	-0.794678
483.054800	-0.435181
483.054900	-0.198517
483.055000	-0.075684
483.055100	-0.031738
483.055200	-0.018005
483.055300	-0.017395
483.055400	-0.010071
483.055500	-0.000916
483.055600	0.004120
483.055700	0.006104
483.055800	0.003510
483.055900	0.010223
483.056000	0.021667
483.056100	0.023651
483.056200	0.022125
483.056300	0.028229
483.056400	0.027161
483.056500	0.015259
483.056600	0.020294
483.056700	0.020599
483.056800	0.018005
483.056900	0.021973
483.057000	0.092316
483.057100	0.302887
483.057200	0.741272
483.057300	1.169891
483.057400	1.317291
483.057500	1.262665
483.057600	0.835266
483.057700	0.149078
483.057800	-0.572205
483.057900	-1.105499
483.058000	-1.210937
483.058100	-1.206207
483.058200	-0.918121
483.058300	-0.489960
483.058400	-0.183563
483.058500	-0.046387
483.058600	-0.015259
483.058700	-0.017548
483.058800	-0.019226
483.058900	-0.021057
483.059000	-0.020752
483.059100	-0.017242
483.059200	-0.010529
483.059300	-0.012207
483.059400	-0.010223
483.059500	-0.007324
483.059600	0.001831
483.059700	0.009918
483.059800	0.022430
483.059900	0.023346
483.060000	0.020294
483.060100	0.010529
483.060200	0.007935
483.060300	0.014801
483.060400	0.105438
483.060500	0.327148
483.060600	0.685120
483.060700	0.968170
483.060800	1.051636
483.060900	0.973206
483.061000	0.636597
483.061100	0.145721
483.061200	-0.379028
483.061300	-0.841522
483.061400	-1.066589
483.061500	-1.058350
483.061600	-0.903625
483.061700	-0.596619
483.061800	-0.307922
483.061900	-0.136414
483.062000	-0.076599
483.062100	-0.042419
483.062200	-0.019379
483.062300	-0.004730
483.062400	0.001831
483.062500	0.007019
483.062600	0.008240
483.062700	0.005035
483.062800	0.012054
483.062900	0.015259
483.063000	0.019226
483.063100	0.019684
483.063200	0.011292
483.063300	0.016632
483.063400	0.015869
483.063500	0.020752
483.063600	0.027771
483.063700	0.030518
483.063800	0.031128
483.063900	0.033569
483.064000	0.033112
483.064100	0.021057
483.064200	0.018158
483.064300	0.005341
483.064400	-0.008698
483.064500	-0.010376
483.064600	-0.008545
483.064700	-0.001373
483.064800	-0.005798
483.064900	-0.003052
483.065000	0.004120
483.065100	0.019073
483.065200	0.037079
483.065300	0.046997
483.065400	0.049438
483.065500	0.041809
483.065600	0.021362
483.065700	0.003357
483.065800	-0.009918
483.065900	-0.015106
483.066000	0.012054
483.066100	0.104218
483.066200	0.296478
483.066300	0.570526
483.066400	0.814362
483.066500	1.024170
483.066600	1.154175
483.066700	1.068573
483.066800	0.753326
483.066900	0.249023
483.067000	-0.284882
483.067100	-0.741425
483.067200	-1.018982
483.067300	-1.061707
483.067400	-0.981903
483.067500	-0.851135
483.067600	-0.691833
483.067700	-0.548553
483.067800	-0.384521
483.067900	-0.217285
483.068000	-0.084076
483.068100	-0.016022
483.068200	0.004120
483.068300	0.007324
483.068400	0.011902
483.068500	0.002136
483.068600	0.000763
483.068700	-0.000610
483.068800	0.009613
483.068900	0.016937
483.069000	0.017548
483.069100	0.020599
483.069200	0.018463
483.069300	0.025177
483.069400	0.027008
483.069500	0.052338
483.069600	0.178223
483.069700	0.447388
483.069800	0.822754
483.069900	1.069336
483.070000	1.087341
483.070100	0.840302
483.070200	0.355225
483.070300	-0.194397
483.070400	-0.700531
483.070500	-1.023865
483.070600	-1.095581
483.070700	-0.940247
483.070800	-0.627441
483.070900	-0.325165
483.071000	-0.142670
483.071100	-0.068359
483.071200	-0.041351
483.071300	-0.017395
483.071400	-0.005493
483.071500	0.013580
483.071600	0.016174
483.071700	0.018311
483.071800	0.020294
483.071900	0.026245
483.072000	0.021973
