28.669700	0.017853
28.669800	0.014801
28.669900	0.017700
28.670000	0.010529
28.670100	0.015411
28.670200	0.016479
28.670300	0.014496
28.670400	0.013275
28.670500	0.012970
28.670600	0.012665
28.670700	0.016327
28.670800	0.013885
28.670900	0.015717
28.671000	0.010986
28.671100	0.013123
28.671200	0.012207
28.671300	0.017090
28.671400	0.016479
28.671500	0.019684
28.671600	0.019531
28.671700	0.016174
28.671800	0.013885
28.671900	0.014648
28.672000	0.014496
28.672100	0.011139
28.672200	0.016022
28.672300	0.017395
28.672400	0.013885
28.672500	0.012360
28.672600	0.018463
28.672700	0.017700
28.672800	0.016632
28.672900	0.017853
28.673000	0.015869
28.673100	0.014954
28.673200	0.014648
28.673300	0.011444
28.673400	0.014191
28.673500	0.012970
28.673600	0.015106
28.673700	0.017242
28.673800	0.014496
28.673900	0.016327
28.674000	0.014496
28.674100	0.011597
28.674200	0.011292
28.674300	0.014648
28.674400	0.015106
28.674500	0.015717
28.674600	0.012207
28.674700	0.015106
28.674800	0.020142
28.674900	0.016479
28.675000	0.014191
28.675100	0.014954
28.675200	0.012207
28.675300	0.009308
28.675400	0.012817
28.675500	0.014038
28.675600	0.011139
28.675700	0.015259
28.675800	0.016174
28.675900	0.017090
28.676000	0.013123
28.676100	0.013733
28.676200	0.012054
28.676300	0.013580
28.676400	0.013428
28.676500	0.019379
28.676600	0.014038
28.676700	0.010986
28.676800	0.011597
28.676900	0.015869
28.677000	0.015564
28.677100	0.016937
28.677200	0.018768
28.677300	0.020294
28.677400	0.017853
28.677500	0.015259
28.677600	0.016479
28.677700	0.019073
28.677800	0.016632
28.677900	0.014954
28.678000	0.016327
28.678100	0.013733
28.678200	0.013428
28.678300	0.013123
28.678400	0.013580
28.678500	0.019531
28.678600	0.015106
28.678700	0.012054
28.678800	0.016174
28.678900	0.015869
28.679000	0.015411
28.679100	0.011139
28.679200	0.011902
28.679300	0.015717
28.679400	0.015259
28.679500	0.016937
28.679600	0.009003
28.679700	0.015106
28.679800	0.012817
28.679900	0.015869
28.680000	0.018005
28.680100	0.011597
28.680200	0.014801
28.680300	0.012970
28.680400	0.012512
28.680500	0.016785
28.680600	0.014648
28.680700	0.015411
28.680800	0.012665
28.680900	0.015106
28.681000	0.008698
28.681100	0.010681
28.681200	0.009003
28.681300	0.016174
28.681400	0.014648
28.681500	0.014648
28.681600	0.014191
28.681700	0.012207
28.681800	0.011902
28.681900	0.014343
28.682000	0.014801
28.682100	0.014801
28.682200	0.013123
28.682300	0.014343
28.682400	0.013580
28.682500	0.012817
28.682600	0.015411
28.682700	0.012970
28.682800	0.015106
28.682900	0.014954
28.683000	0.010376
28.683100	0.016174
28.683200	0.013885
28.683300	0.012054
28.683400	0.014038
28.683500	0.017853
28.683600	0.015106
28.683700	0.014191
28.683800	0.014496
28.683900	0.013733
28.684000	0.019073
28.684100	0.014801
28.684200	0.010681
28.684300	0.012665
28.684400	0.014648
28.684500	0.016327
28.684600	0.017700
28.684700	0.011902
28.684800	0.014038
28.684900	0.019379
28.685000	0.013733
28.685100	0.010376
28.685200	0.010223
28.685300	0.017853
28.685400	0.015259
28.685500	0.014954
28.685600	0.010376
28.685700	0.014191
28.685800	0.015717
28.685900	0.013275
28.686000	0.014191
28.686100	0.016174
28.686200	0.012207
28.686300	0.014648
28.686400	0.013733
28.686500	0.013733
28.686600	0.012817
28.686700	0.009766
28.686800	0.011749
28.686900	0.014191
28.687000	0.011749
28.687100	0.015869
28.687200	0.014648
28.687300	0.014343
28.687400	0.015869
28.687500	0.015411
28.687600	0.013733
28.687700	0.014191
28.687800	0.017853
28.687900	0.013885
28.688000	0.016785
28.688100	0.010986
28.688200	0.012970
28.688300	0.009766
28.688400	0.011749
28.688500	0.011139
28.688600	0.014343
28.688700	0.010376
28.688800	0.013733
28.688900	0.017242
28.689000	0.016022
28.689100	0.019836
28.689200	0.018158
28.689300	0.012970
28.689400	0.005798
28.689500	0.010376
28.689600	0.016632
28.689700	0.017395
28.689800	0.018768
28.689900	0.015106
28.690000	0.017853
28.690100	0.012970
28.690200	0.012360
28.690300	0.012512
28.690400	0.017700
28.690500	0.014801
28.690600	0.015869
28.690700	0.018311
28.690800	0.017853
28.690900	0.015564
28.691000	0.018311
28.691100	0.014954
28.691200	0.016479
28.691300	0.019684
28.691400	0.013733
28.691500	0.011902
28.691600	0.018768
28.691700	0.015106
28.691800	0.015869
28.691900	0.014343
28.692000	0.012512
28.692100	0.020294
28.692200	0.017548
28.692300	0.014496
28.692400	0.014801
28.692500	0.019531
28.692600	0.013428
28.692700	0.016022
28.692800	0.013428
28.692900	0.014496
28.693000	0.012360
28.693100	0.016174
28.693200	0.015869
28.693300	0.012360
28.693400	0.012512
28.693500	0.012665
28.693600	0.010986
28.693700	0.016479
28.693800	0.014801
28.693900	0.014954
28.694000	0.015717
28.694100	0.012970
28.694200	0.014496
28.694300	0.014648
28.694400	0.013580
28.694500	0.009155
28.694600	0.012512
28.694700	0.013733
28.694800	0.018616
28.694900	0.013885
28.695000	0.010986
28.695100	0.012360
28.695200	0.013885
28.695300	0.011139
28.695400	0.013885
28.695500	0.014343
28.695600	0.016785
28.695700	0.015259
28.695800	0.014038
28.695900	0.014954
28.696000	0.011902
28.696100	0.014648
28.696200	0.014343
28.696300	0.015564
28.696400	0.015106
28.696500	0.015564
28.696600	0.012360
28.696700	0.017242
28.696800	0.018921
28.696900	0.016327
28.697000	0.012360
28.697100	0.015411
28.697200	0.007324
28.697300	0.012360
28.697400	0.019684
28.697500	0.013428
28.697600	0.014648
28.697700	0.016937
28.697800	0.016479
28.697900	0.012665
28.698000	0.010834
28.698100	0.011292
28.698200	0.014648
28.698300	0.009308
28.698400	0.011597
28.698500	0.013275
28.698600	0.011444
28.698700	0.011902
28.698800	0.008698
28.698900	0.011749
28.699000	0.010681
28.699100	0.012207
28.699200	0.013123
28.699300	0.014801
28.699400	0.015411
28.699500	0.016785
28.699600	0.014801
28.699700	0.014648
28.699800	0.015259
28.699900	0.013733
28.700000	0.016022
28.700100	0.011597
28.700200	0.012817
28.700300	0.013733
28.700400	0.011292
28.700500	0.014191
28.700600	0.013123
28.700700	0.013428
28.700800	0.013428
28.700900	0.010986
28.701000	0.012817
28.701100	0.008392
28.701200	0.014496
28.701300	0.012360
28.701400	0.010834
28.701500	0.013275
28.701600	0.007324
28.701700	0.010376
28.701800	0.011902
28.701900	0.015564
28.702000	0.015717
28.702100	0.019836
28.702200	0.018921
28.702300	0.013733
28.702400	0.016937
28.702500	0.017242
28.702600	0.015869
28.702700	0.016785
28.702800	0.014496
28.702900	0.010986
28.703000	0.011749
28.703100	0.012817
28.703200	0.013733
28.703300	0.011292
28.703400	0.014496
28.703500	0.014496
28.703600	0.014038
28.703700	0.014343
28.703800	0.011444
28.703900	0.013885
28.704000	0.012970
28.704100	0.012970
28.704200	0.016632
28.704300	0.014954
28.704400	0.014801
28.704500	0.011139
28.704600	0.016022
28.704700	0.012054
28.704800	0.014191
28.704900	0.016327
28.705000	0.013580
28.705100	0.014038
28.705200	0.014343
28.705300	0.016937
28.705400	0.017242
28.705500	0.018158
28.705600	0.011597
28.705700	0.009460
28.705800	0.010681
28.705900	0.012817
28.706000	0.007019
28.706100	0.013123
28.706200	0.016632
28.706300	0.012207
28.706400	0.017242
28.706500	0.016479
28.706600	0.007935
28.706700	0.011139
28.706800	0.020905
28.706900	0.017700
28.707000	0.017700
28.707100	0.018005
28.707200	0.015717
28.707300	0.015106
28.707400	0.011597
28.707500	0.014648
28.707600	0.015564
28.707700	0.014801
28.707800	0.016327
28.707900	0.018005
28.708000	0.016632
28.708100	0.015869
28.708200	0.021667
28.708300	0.015259
28.708400	0.015411
28.708500	0.018311
28.708600	0.016022
28.708700	0.015869
28.708800	0.013275
28.708900	0.016632
28.709000	0.019531
28.709100	0.016937
28.709200	0.017395
28.709300	0.016785
28.709400	0.014191
28.709500	0.015717
28.709600	0.014954
28.709700	0.018158
28.709800	0.017395
28.709900	0.016479
28.710000	0.017242
28.710100	0.011902
28.710200	0.016022
28.710300	0.011139
28.710400	0.016479
28.710500	0.013275
28.710600	0.014954
28.710700	0.017700
28.710800	0.013428
28.710900	0.017242
28.711000	0.016937
28.711100	0.021362
28.711200	0.015411
28.711300	0.014191
28.711400	0.011749
28.711500	0.012360
28.711600	0.012360
28.711700	0.010529
28.711800	0.016327
28.711900	0.018921
28.712000	0.014191
28.712100	0.007935
28.712200	0.013275
28.712300	0.013885
28.712400	0.013580
28.712500	0.014038
28.712600	0.012665
28.712700	0.010986
28.712800	0.014954
28.712900	0.014038
28.713000	0.016785
28.713100	0.015564
28.713200	0.017242
28.713300	0.009155
28.713400	0.016327
28.713500	0.009308
28.713600	0.014801
28.713700	0.011749
28.713800	0.014954
28.713900	0.013428
28.714000	0.014496
28.714100	0.016022
28.714200	0.009613
28.714300	0.011292
28.714400	0.013428
28.714500	0.013123
28.714600	0.017853
28.714700	0.016174
28.714800	0.012512
28.714900	0.014648
28.715000	0.015259
28.715100	0.008392
28.715200	0.011597
28.715300	0.014191
28.715400	0.010986
28.715500	0.014954
28.715600	0.015259
28.715700	0.016479
28.715800	0.014954
28.715900	0.012360
28.716000	0.015869
28.716100	0.015717
28.716200	0.019989
28.716300	0.015869
28.716400	0.013428
28.716500	0.014343
28.716600	0.016785
28.716700	0.015564
28.716800	0.011597
28.716900	0.013733
28.717000	0.017853
28.717100	0.015869
28.717200	0.014954
28.717300	0.013885
28.717400	0.013733
28.717500	0.012360
28.717600	0.011749
28.717700	0.012970
28.717800	0.015717
28.717900	0.015259
28.718000	0.014343
28.718100	0.014191
28.718200	0.012360
28.718300	0.013580
28.718400	0.015411
28.718500	0.016479
28.718600	0.015106
28.718700	0.016479
28.718800	0.014954
28.718900	0.019379
28.719000	0.018616
28.719100	0.019836
28.719200	0.013580
28.719300	0.017242
28.719400	0.014038
28.719500	0.012360
28.719600	0.016174
28.719700	0.016632
28.719800	0.012360
28.719900	0.016174
28.720000	0.020142
28.720100	0.019379
28.720200	0.021057
28.720300	0.017700
28.720400	0.011444
28.720500	0.009918
28.720600	0.015106
28.720700	0.009766
28.720800	0.016022
28.720900	0.017700
28.721000	0.009918
28.721100	0.011444
28.721200	0.014954
28.721300	0.018311
28.721400	0.014954
28.721500	0.016632
28.721600	0.014343
28.721700	0.013428
28.721800	0.008392
28.721900	0.012360
28.722000	0.015717
28.722100	0.012817
28.722200	0.012207
28.722300	0.012970
28.722400	0.013733
28.722500	0.010376
28.722600	0.015411
28.722700	0.014954
28.722800	0.016785
28.722900	0.016937
28.723000	0.012665
28.723100	0.010376
28.723200	0.016174
