446.000900	0.050049
446.001000	0.047455
446.001100	0.044098
446.001200	0.040283
446.001300	0.032349
446.001400	0.025940
446.001500	0.019684
446.001600	0.014648
446.001700	0.018921
446.001800	0.022583
446.001900	0.025787
446.002000	0.037689
446.002100	0.034943
446.002200	0.038910
446.002300	0.041351
446.002400	0.049744
446.002500	0.060120
446.002600	0.062103
446.002700	0.072479
446.002800	0.078125
446.002900	0.072479
446.003000	0.059052
446.003100	0.040894
446.003200	0.028992
446.003300	0.030975
446.003400	0.032501
446.003500	0.031738
446.003600	0.034637
446.003700	0.034943
446.003800	0.032959
446.003900	0.038605
446.004000	0.034790
446.004100	0.026245
446.004200	0.016479
446.004300	0.011444
446.004400	0.008698
446.004500	0.012665
446.004600	0.021515
446.004700	0.025635
446.004800	0.028839
446.004900	0.032196
446.005000	0.030060
446.005100	0.019684
446.005200	0.023651
446.005300	0.018005
446.005400	0.013428
446.005500	0.014801
446.005600	0.013428
446.005700	0.011749
446.005800	0.009613
446.005900	0.014191
446.006000	0.020599
446.006100	0.030365
446.006200	0.032654
446.006300	0.037231
446.006400	0.035248
446.006500	0.041962
446.006600	0.051880
446.006700	0.115967
446.006800	0.291595
446.006900	0.655823
446.007000	1.268311
446.007100	1.964264
446.007200	2.467041
446.007300	2.699585
446.007400	2.743835
446.007500	2.445068
446.007600	1.602936
446.007700	0.377808
446.007800	-0.834808
446.007900	-1.868591
446.008000	-2.521667
446.008100	-2.833862
446.008200	-2.843628
446.008300	-2.572784
446.008400	-2.052460
446.008500	-1.429138
446.008600	-0.857544
446.008700	-0.393982
446.008800	-0.137177
446.008900	-0.011139
446.009000	0.034180
446.009100	0.045166
446.009200	0.041504
446.009300	0.039520
446.009400	0.035706
446.009500	0.037079
446.009600	0.036621
446.009700	0.040436
446.009800	0.038605
446.009900	0.042725
446.010000	0.047607
446.010100	0.044098
446.010200	0.043335
446.010300	0.042267
446.010400	0.040588
446.010500	0.046387
446.010600	0.044861
446.010700	0.053864
446.010800	0.059052
446.010900	0.061340
446.011000	0.061188
446.011100	0.059357
446.011200	0.065155
446.011300	0.066223
446.011400	0.063477
446.011500	0.059509
446.011600	0.073242
446.011700	0.076294
446.011800	0.080414
446.011900	0.077515
446.012000	0.074005
446.012100	0.067749
446.012200	0.050354
446.012300	0.034180
446.012400	0.030518
446.012500	0.034485
446.012600	0.028229
446.012700	0.033112
446.012800	0.041962
446.012900	0.044556
446.013000	0.050812
446.013100	0.048523
446.013200	0.047302
446.013300	0.048218
446.013400	0.046539
446.013500	0.052032
446.013600	0.046997
446.013700	0.045776
446.013800	0.047455
446.013900	0.056915
446.014000	0.056000
446.014100	0.057373
446.014200	0.063324
446.014300	0.070343
446.014400	0.081787
446.014500	0.094147
446.014600	0.107880
446.014700	0.101776
446.014800	0.088806
446.014900	0.082855
446.015000	0.057678
446.015100	0.040894
446.015200	0.024109
446.015300	0.001068
446.015400	-0.006866
446.015500	-0.011139
446.015600	-0.014801
446.015700	-0.001221
446.015800	0.022278
446.015900	0.064850
446.016000	0.114441
446.016100	0.177155
446.016200	0.275879
446.016300	0.408936
446.016400	0.538635
446.016500	0.610657
446.016600	0.613556
446.016700	0.557709
446.016800	0.432739
446.016900	0.253906
446.017000	0.050812
446.017100	-0.153198
446.017200	-0.319366
446.017300	-0.455780
446.017400	-0.559998
446.017500	-0.621796
446.017600	-0.606842
446.017700	-0.510254
446.017800	-0.369873
446.017900	-0.222015
446.018000	-0.109863
446.018100	-0.032196
446.018200	0.013123
446.018300	0.037537
446.018400	0.047760
446.018500	0.061188
446.018600	0.080566
446.018700	0.094604
446.018800	0.099792
446.018900	0.090485
446.019000	0.075378
446.019100	0.062866
446.019200	0.027924
446.019300	0.009003
446.019400	-0.011139
446.019500	-0.018311
446.019600	-0.024719
446.019700	-0.015259
446.019800	-0.002899
446.019900	0.013275
446.020000	0.025177
446.020100	0.045166
446.020200	0.071564
446.020300	0.191040
446.020400	0.471497
446.020500	0.981445
446.020600	1.646729
446.020700	2.155914
446.020800	2.387695
446.020900	2.361755
446.021000	1.856079
446.021100	0.834656
446.021200	-0.365906
446.021300	-1.451569
446.021400	-2.202606
446.021500	-2.425232
446.021600	-2.339783
446.021700	-1.931915
446.021800	-1.231842
446.021900	-0.250702
446.022000	0.513000
446.022100	0.885315
446.022200	1.025085
446.022300	1.128235
446.022400	1.132050
446.022500	0.834656
446.022600	0.270691
446.022700	-0.369720
446.022800	-0.911255
446.022900	-1.159973
446.023000	-1.183319
446.023100	-1.138916
446.023200	-1.116180
446.023300	-0.982666
446.023400	-0.630188
446.023500	-0.327148
446.023600	-0.128021
446.023700	-0.014648
446.023800	0.036926
446.023900	0.052185
446.024000	0.054779
446.024100	0.054932
446.024200	0.060577
446.024300	0.052185
446.024400	0.050049
446.024500	0.050659
446.024600	0.051575
446.024700	0.047455
446.024800	0.054474
446.024900	0.062408
446.025000	0.076599
446.025100	0.090485
446.025200	0.100403
446.025300	0.107422
446.025400	0.101166
446.025500	0.090179
446.025600	0.067139
446.025700	0.041199
446.025800	0.016479
446.025900	0.000763
446.026000	-0.005035
446.026100	-0.002747
446.026200	0.012665
446.026300	0.028687
446.026400	0.040741
446.026500	0.048676
446.026600	0.048370
446.026700	0.049744
446.026800	0.055237
446.026900	0.055237
446.027000	0.057678
446.027100	0.054169
446.027200	0.056458
446.027300	0.051117
446.027400	0.054321
446.027500	0.056610
446.027600	0.057678
446.027700	0.047150
446.027800	0.041809
446.027900	0.041656
446.028000	0.035706
446.028100	0.033264
446.028200	0.032349
446.028300	0.034027
446.028400	0.030670
446.028500	0.032806
446.028600	0.033417
446.028700	0.034180
446.028800	0.035248
446.028900	0.036774
446.029000	0.037994
446.029100	0.040894
446.029200	0.046539
446.029300	0.039673
446.029400	0.038300
446.029500	0.042114
446.029600	0.046082
446.029700	0.042877
446.029800	0.035858
446.029900	0.041809
446.030000	0.041504
446.030100	0.036926
446.030200	0.036774
446.030300	0.030975
446.030400	0.043182
446.030500	0.037842
446.030600	0.036469
446.030700	0.039520
446.030800	0.036926
446.030900	0.041809
446.031000	0.039520
446.031100	0.043030
446.031200	0.041962
446.031300	0.043182
446.031400	0.043488
446.031500	0.044556
446.031600	0.042114
446.031700	0.046082
446.031800	0.046997
446.031900	0.051727
446.032000	0.057831
446.032100	0.058136
446.032200	0.056610
446.032300	0.054779
446.032400	0.050964
446.032500	0.043640
446.032600	0.035858
446.032700	0.028534
446.032800	0.024719
446.032900	0.020294
446.033000	0.020447
446.033100	0.020905
446.033200	0.020142
446.033300	0.021973
446.033400	0.016479
446.033500	0.017090
446.033600	0.019836
446.033700	0.021667
446.033800	0.026550
446.033900	0.031281
446.034000	0.033722
446.034100	0.038147
446.034200	0.031433
446.034300	0.027924
446.034400	0.025177
446.034500	0.022583
446.034600	0.021973
446.034700	0.025787
446.034800	0.023346
446.034900	0.021667
446.035000	0.022278
446.035100	0.031128
446.035200	0.040283
446.035300	0.027466
446.035400	0.032959
446.035500	0.040283
446.035600	0.041656
446.035700	0.042114
446.035800	0.054474
446.035900	0.073853
446.036000	0.110779
446.036100	0.139160
446.036200	0.150299
446.036300	0.143890
446.036400	0.111389
446.036500	0.084839
446.036600	0.053406
446.036700	0.021515
446.036800	-0.007324
446.036900	-0.036774
446.037000	-0.056610
446.037100	-0.062256
446.037200	-0.066071
446.037300	-0.053406
446.037400	-0.029449
446.037500	-0.010223
446.037600	0.009613
446.037700	0.013428
446.037800	0.018463
446.037900	0.013733
446.038000	0.013885
446.038100	0.015717
446.038200	0.008392
446.038300	0.013885
446.038400	0.010071
446.038500	0.012970
446.038600	0.007172
446.038700	0.017700
446.038800	0.017090
446.038900	0.012360
446.039000	0.023193
446.039100	0.025177
446.039200	0.027771
446.039300	0.030212
446.039400	0.036926
446.039500	0.034485
446.039600	0.040436
446.039700	0.032043
446.039800	0.034180
446.039900	0.026855
446.040000	0.023804
446.040100	0.016479
446.040200	0.012207
446.040300	0.008240
446.040400	0.007477
446.040500	0.013123
446.040600	0.010223
446.040700	0.009766
446.040800	0.013885
446.040900	0.013733
446.041000	0.017242
446.041100	0.020294
446.041200	0.012817
446.041300	0.021515
446.041400	0.027313
446.041500	0.030365
446.041600	0.032654
446.041700	0.035095
446.041800	0.030365
446.041900	0.029144
446.042000	0.027313
446.042100	0.029297
446.042200	0.030518
446.042300	0.027008
446.042400	0.028839
446.042500	0.024261
446.042600	0.034485
446.042700	0.031738
446.042800	0.025177
446.042900	0.023651
446.043000	0.021515
446.043100	0.019836
446.043200	0.035400
446.043300	0.044861
446.043400	0.055847
446.043500	0.053864
446.043600	0.053253
446.043700	0.041809
446.043800	0.041046
446.043900	0.033264
446.044000	0.023346
446.044100	0.010376
446.044200	0.004883
446.044300	-0.001221
446.044400	-0.010681
446.044500	-0.011444
446.044600	-0.005341
446.044700	0.003967
446.044800	0.012970
446.044900	0.015106
446.045000	0.024414
446.045100	0.032501
446.045200	0.046387
446.045300	0.098419
446.045400	0.203705
446.045500	0.364227
446.045600	0.539093
446.045700	0.652313
446.045800	0.680695
446.045900	0.617676
446.046000	0.454712
446.046100	0.185242
446.046200	-0.130005
446.046300	-0.411224
446.046400	-0.606689
446.046500	-0.706787
446.046600	-0.739288
446.046700	-0.685272
446.046800	-0.532837
446.046900	-0.313721
446.047000	-0.112610
446.047100	0.012512
446.047200	0.071259
446.047300	0.094757
446.047400	0.094147
446.047500	0.087738
446.047600	0.070801
446.047700	0.042267
446.047800	0.021362
446.047900	0.004120
446.048000	-0.009460
446.048100	-0.018311
446.048200	-0.019073
446.048300	-0.005341
446.048400	0.007324
446.048500	0.015411
446.048600	0.017700
446.048700	0.013885
446.048800	0.006714
446.048900	0.000610
446.049000	-0.001221
446.049100	-0.001984
446.049200	0.001373
446.049300	0.008850
446.049400	0.020294
446.049500	0.023956
446.049600	0.043640
446.049700	0.048370
446.049800	0.051270
446.049900	0.054626
446.050000	0.053864
446.050100	0.051727
446.050200	0.045471
446.050300	0.040741
446.050400	0.029755
446.050500	0.023804
446.050600	0.017395
446.050700	0.011902
446.050800	0.005646
446.050900	-0.003052
446.051000	0.006104
446.051100	0.016785
446.051200	0.026245
446.051300	0.033417
446.051400	0.037537
446.051500	0.036469
446.051600	0.037842
446.051700	0.037079
446.051800	0.045166
446.051900	0.049591
446.052000	0.046234
446.052100	0.044708
446.052200	0.046692
446.052300	0.041351
446.052400	0.041962
446.052500	0.042725
446.052600	0.043182
446.052700	0.040436
446.052800	0.039215
446.052900	0.033417
446.053000	0.031281
446.053100	0.024872
446.053200	0.019989
446.053300	0.014496
446.053400	0.010223
446.053500	0.015106
446.053600	0.018311
446.053700	0.017395
446.053800	0.024872
446.053900	0.034332
446.054000	0.044098
446.054100	0.056152
446.054200	0.060577
446.054300	0.060120
446.054400	0.050964
