28.208900	0.030365
28.209000	0.026245
28.209100	0.028534
28.209200	0.021667
28.209300	0.025482
28.209400	0.031738
28.209500	0.022278
28.209600	0.027466
28.209700	0.023956
28.209800	0.021362
28.209900	0.026550
28.210000	0.028534
28.210100	0.022430
28.210200	0.019989
28.210300	0.017700
28.210400	0.023193
28.210500	0.027771
28.210600	0.027466
28.210700	0.026550
28.210800	0.025787
28.210900	0.026550
28.211000	0.023346
28.211100	0.024414
28.211200	0.026398
28.211300	0.023956
28.211400	0.023346
28.211500	0.022278
28.211600	0.027161
28.211700	0.025787
28.211800	0.025482
28.211900	0.024719
28.212000	0.024109
28.212100	0.025024
28.212200	0.024872
28.212300	0.024872
28.212400	0.023956
28.212500	0.020905
28.212600	0.021210
28.212700	0.023346
28.212800	0.020752
28.212900	0.022125
28.213000	0.024414
28.213100	0.021667
28.213200	0.025635
28.213300	0.026398
28.213400	0.025787
28.213500	0.026245
28.213600	0.024567
28.213700	0.025177
28.213800	0.025482
28.213900	0.023193
28.214000	0.022125
28.214100	0.026093
28.214200	0.025635
28.214300	0.027161
28.214400	0.026855
28.214500	0.023804
28.214600	0.021667
28.214700	0.024719
28.214800	0.024567
28.214900	0.025635
28.215000	0.028839
28.215100	0.028839
28.215200	0.028381
28.215300	0.027313
28.215400	0.023346
28.215500	0.027161
28.215600	0.028687
28.215700	0.026855
28.215800	0.032654
28.215900	0.030670
28.216000	0.026855
28.216100	0.022736
28.216200	0.023651
28.216300	0.026245
28.216400	0.028381
28.216500	0.023193
28.216600	0.020599
28.216700	0.021667
28.216800	0.020294
28.216900	0.023956
28.217000	0.024414
28.217100	0.027771
28.217200	0.023193
28.217300	0.018005
28.217400	0.022125
28.217500	0.019836
28.217600	0.020447
28.217700	0.019684
28.217800	0.024719
28.217900	0.023651
28.218000	0.022736
28.218100	0.022583
28.218200	0.020905
28.218300	0.021362
28.218400	0.021667
28.218500	0.021515
28.218600	0.021973
28.218700	0.023956
28.218800	0.020599
28.218900	0.024872
28.219000	0.026550
28.219100	0.025787
28.219200	0.026550
28.219300	0.024414
28.219400	0.022430
28.219500	0.023804
28.219600	0.023956
28.219700	0.027008
28.219800	0.024719
28.219900	0.024261
28.220000	0.026550
28.220100	0.026550
28.220200	0.024261
28.220300	0.026703
28.220400	0.025787
28.220500	0.028076
28.220600	0.027008
28.220700	0.027771
28.220800	0.025635
28.220900	0.026550
28.221000	0.024719
28.221100	0.025940
28.221200	0.025024
28.221300	0.028229
28.221400	0.027161
28.221500	0.027924
28.221600	0.025635
28.221700	0.027161
28.221800	0.027466
28.221900	0.027313
28.222000	0.023651
28.222100	0.026398
28.222200	0.027466
28.222300	0.023956
28.222400	0.025635
28.222500	0.023346
28.222600	0.029449
28.222700	0.025787
28.222800	0.028687
28.222900	0.025330
28.223000	0.022583
28.223100	0.024414
28.223200	0.025024
28.223300	0.026093
28.223400	0.031891
28.223500	0.026703
28.223600	0.025024
28.223700	0.025330
28.223800	0.027161
28.223900	0.030975
28.224000	0.022583
28.224100	0.026093
28.224200	0.025482
28.224300	0.026093
28.224400	0.023956
28.224500	0.027313
28.224600	0.022125
28.224700	0.027618
28.224800	0.029907
28.224900	0.026703
28.225000	0.025177
28.225100	0.025787
28.225200	0.025024
28.225300	0.025177
28.225400	0.027924
28.225500	0.026398
28.225600	0.019379
28.225700	0.023804
28.225800	0.027161
28.225900	0.025787
28.226000	0.027313
28.226100	0.027313
28.226200	0.028687
28.226300	0.023804
28.226400	0.018463
28.226500	0.021515
28.226600	0.018921
28.226700	0.022278
28.226800	0.029144
28.226900	0.024567
28.227000	0.024109
28.227100	0.022278
28.227200	0.019989
28.227300	0.021057
28.227400	0.026245
28.227500	0.024414
28.227600	0.021820
28.227700	0.021515
28.227800	0.021515
28.227900	0.026855
28.228000	0.023193
28.228100	0.023346
28.228200	0.027008
28.228300	0.020447
28.228400	0.023499
28.228500	0.025940
28.228600	0.023499
28.228700	0.026245
28.228800	0.030212
28.228900	0.027008
28.229000	0.023041
28.229100	0.024719
28.229200	0.025482
28.229300	0.030975
28.229400	0.030518
28.229500	0.029755
28.229600	0.024414
28.229700	0.026245
28.229800	0.026855
28.229900	0.030212
28.230000	0.023804
28.230100	0.022125
28.230200	0.025787
28.230300	0.025635
28.230400	0.025177
28.230500	0.023956
28.230600	0.026550
28.230700	0.025787
28.230800	0.027771
28.230900	0.031433
28.231000	0.024414
28.231100	0.023804
28.231200	0.025482
28.231300	0.025787
28.231400	0.026093
28.231500	0.027008
28.231600	0.021210
28.231700	0.027313
28.231800	0.023804
28.231900	0.025482
28.232000	0.025177
28.232100	0.025787
28.232200	0.022278
28.232300	0.024109
28.232400	0.025024
28.232500	0.029144
28.232600	0.025787
28.232700	0.027161
28.232800	0.027924
28.232900	0.026398
28.233000	0.022583
28.233100	0.021973
28.233200	0.025635
28.233300	0.028534
28.233400	0.025482
28.233500	0.018921
28.233600	0.026550
28.233700	0.025787
28.233800	0.025940
28.233900	0.024109
28.234000	0.025024
28.234100	0.023499
28.234200	0.025635
28.234300	0.023804
28.234400	0.027313
28.234500	0.025330
28.234600	0.027466
28.234700	0.024872
28.234800	0.022278
28.234900	0.024719
28.235000	0.026550
28.235100	0.023499
28.235200	0.026550
28.235300	0.030518
28.235400	0.026855
28.235500	0.026398
28.235600	0.022583
28.235700	0.026703
28.235800	0.028992
28.235900	0.025024
28.236000	0.025330
28.236100	0.024414
28.236200	0.027466
28.236300	0.025635
28.236400	0.026855
28.236500	0.028687
28.236600	0.023651
28.236700	0.025940
28.236800	0.027161
28.236900	0.025330
28.237000	0.028229
28.237100	0.021973
28.237200	0.024567
28.237300	0.021973
28.237400	0.028381
28.237500	0.023804
28.237600	0.021820
28.237700	0.024261
28.237800	0.021362
28.237900	0.023193
28.238000	0.025482
28.238100	0.023193
28.238200	0.025940
28.238300	0.025482
28.238400	0.025635
28.238500	0.024872
28.238600	0.024872
28.238700	0.022125
28.238800	0.022888
28.238900	0.024567
28.239000	0.024261
28.239100	0.021820
28.239200	0.023193
28.239300	0.027618
28.239400	0.026703
28.239500	0.022888
28.239600	0.029297
28.239700	0.028076
28.239800	0.023804
28.239900	0.029907
28.240000	0.028534
28.240100	0.025482
28.240200	0.024414
28.240300	0.021973
28.240400	0.026550
28.240500	0.031738
28.240600	0.025024
28.240700	0.030670
28.240800	0.023956
28.240900	0.020752
28.241000	0.024872
28.241100	0.023499
28.241200	0.027313
28.241300	0.026550
28.241400	0.025635
28.241500	0.024872
28.241600	0.023499
28.241700	0.020142
28.241800	0.023651
28.241900	0.022125
28.242000	0.025940
28.242100	0.026855
28.242200	0.023193
28.242300	0.025635
28.242400	0.027771
28.242500	0.023041
28.242600	0.022583
28.242700	0.023804
28.242800	0.026245
28.242900	0.028076
28.243000	0.026245
28.243100	0.024872
28.243200	0.021667
28.243300	0.023499
28.243400	0.020447
28.243500	0.023346
28.243600	0.020294
28.243700	0.022888
28.243800	0.021973
28.243900	0.024109
28.244000	0.029297
28.244100	0.024719
28.244200	0.020447
28.244300	0.022888
28.244400	0.024261
28.244500	0.021667
28.244600	0.022430
28.244700	0.029297
28.244800	0.025940
28.244900	0.026245
28.245000	0.025330
28.245100	0.022888
28.245200	0.022125
28.245300	0.024109
28.245400	0.024261
28.245500	0.027161
28.245600	0.023651
28.245700	0.027313
28.245800	0.028381
28.245900	0.025482
28.246000	0.022278
28.246100	0.025635
28.246200	0.022278
28.246300	0.028229
28.246400	0.024109
28.246500	0.024719
28.246600	0.025024
28.246700	0.029144
28.246800	0.026703
28.246900	0.024719
28.247000	0.023041
28.247100	0.027924
28.247200	0.027161
28.247300	0.024414
28.247400	0.021973
28.247500	0.024261
28.247600	0.024567
28.247700	0.021973
28.247800	0.022125
28.247900	0.023956
28.248000	0.024567
28.248100	0.027618
28.248200	0.024872
28.248300	0.020752
28.248400	0.024109
28.248500	0.021515
28.248600	0.023041
28.248700	0.023804
28.248800	0.026703
28.248900	0.025024
28.249000	0.025330
28.249100	0.025940
28.249200	0.022736
28.249300	0.026245
28.249400	0.028687
28.249500	0.026550
28.249600	0.028381
28.249700	0.030975
28.249800	0.024719
28.249900	0.022430
28.250000	0.025177
28.250100	0.023346
28.250200	0.023499
28.250300	0.027008
28.250400	0.023956
28.250500	0.027008
28.250600	0.024567
28.250700	0.021973
28.250800	0.018768
28.250900	0.019989
28.251000	0.021515
28.251100	0.028534
28.251200	0.027313
28.251300	0.024414
28.251400	0.021820
28.251500	0.023193
28.251600	0.023346
28.251700	0.022736
28.251800	0.026398
28.251900	0.026855
28.252000	0.026093
28.252100	0.025940
28.252200	0.023499
28.252300	0.028839
28.252400	0.027924
28.252500	0.023804
28.252600	0.027466
28.252700	0.022430
28.252800	0.027466
28.252900	0.027161
28.253000	0.026093
28.253100	0.024567
28.253200	0.023346
28.253300	0.024109
28.253400	0.025940
28.253500	0.022278
28.253600	0.023804
28.253700	0.026855
28.253800	0.024872
28.253900	0.026093
28.254000	0.020905
28.254100	0.017395
28.254200	0.022125
28.254300	0.022430
28.254400	0.027008
28.254500	0.025330
28.254600	0.024414
28.254700	0.022583
28.254800	0.018005
28.254900	0.020752
28.255000	0.025482
28.255100	0.021667
28.255200	0.020294
28.255300	0.020447
28.255400	0.016785
28.255500	0.021515
28.255600	0.021515
28.255700	0.022430
28.255800	0.021515
28.255900	0.022583
28.256000	0.018921
28.256100	0.020142
28.256200	0.023804
28.256300	0.016174
28.256400	0.023804
28.256500	0.020905
28.256600	0.023193
28.256700	0.026855
28.256800	0.023041
28.256900	0.022583
28.257000	0.023956
28.257100	0.023193
28.257200	0.021667
28.257300	0.019684
28.257400	0.025330
28.257500	0.025177
28.257600	0.022736
28.257700	0.023499
28.257800	0.028229
28.257900	0.021973
28.258000	0.026093
28.258100	0.026550
28.258200	0.028229
28.258300	0.028687
28.258400	0.021667
28.258500	0.022278
28.258600	0.026550
28.258700	0.020905
28.258800	0.020905
28.258900	0.023499
28.259000	0.021515
28.259100	0.025177
28.259200	0.025787
28.259300	0.023193
28.259400	0.022888
28.259500	0.023499
28.259600	0.026245
28.259700	0.027466
28.259800	0.026855
28.259900	0.024719
28.260000	0.023346
28.260100	0.021210
28.260200	0.021515
28.260300	0.022583
28.260400	0.022736
28.260500	0.019531
28.260600	0.022583
28.260700	0.018158
28.260800	0.026245
28.260900	0.027313
28.261000	0.026550
28.261100	0.028076
28.261200	0.028229
28.261300	0.028687
28.261400	0.028381
28.261500	0.029755
28.261600	0.023499
28.261700	0.028992
28.261800	0.023499
28.261900	0.023499
28.262000	0.020905
28.262100	0.022888
28.262200	0.023041
28.262300	0.022583
28.262400	0.026093
