64.458500	0.005341
64.458600	0.005798
64.458700	0.005798
64.458800	0.005798
64.458900	0.008240
64.459000	0.004272
64.459100	0.005188
64.459200	0.005188
64.459300	0.006561
64.459400	0.009613
64.459500	0.003510
64.459600	-0.001068
64.459700	-0.000305
64.459800	0.001984
64.459900	0.005035
64.460000	0.005188
64.460100	0.004425
64.460200	0.002594
64.460300	0.000610
64.460400	0.000458
64.460500	-0.003815
64.460600	0.003510
64.460700	0.003510
64.460800	0.005188
64.460900	0.005188
64.461000	0.000305
64.461100	0.003967
64.461200	0.004883
64.461300	0.003052
64.461400	0.006256
64.461500	0.005798
64.461600	0.006409
64.461700	0.002747
64.461800	0.003357
64.461900	0.004730
64.462000	-0.001068
64.462100	-0.000610
64.462200	0.007172
64.462300	0.002747
64.462400	0.005951
64.462500	0.006256
64.462600	0.003662
64.462700	0.004425
64.462800	0.005646
64.462900	0.007477
64.463000	0.008698
64.463100	0.007477
64.463200	0.004120
64.463300	0.002136
64.463400	0.004272
64.463500	0.002594
64.463600	0.003815
64.463700	-0.000305
64.463800	0.005035
64.463900	0.010681
64.464000	0.002136
64.464100	0.003967
64.464200	0.002899
64.464300	0.007935
64.464400	0.006104
64.464500	0.005341
64.464600	0.010071
64.464700	0.007629
64.464800	0.003052
64.464900	0.002899
64.465000	0.001678
64.465100	0.003204
64.465200	0.003662
64.465300	-0.001068
64.465400	0.002289
64.465500	0.002899
64.465600	0.002289
64.465700	-0.000458
64.465800	0.005798
64.465900	0.003967
64.466000	0.005951
64.466100	0.009918
64.466200	0.003510
64.466300	0.007935
64.466400	0.003815
64.466500	0.002441
64.466600	0.001984
64.466700	0.004272
64.466800	0.005493
64.466900	0.004120
64.467000	0.004883
64.467100	0.002136
64.467200	0.003052
64.467300	0.005646
64.467400	0.004120
64.467500	0.003052
64.467600	0.004120
64.467700	0.003662
64.467800	0.006561
64.467900	0.004272
64.468000	0.002899
64.468100	0.002136
64.468200	0.006561
64.468300	0.001984
64.468400	0.000000
64.468500	0.004425
64.468600	0.001221
64.468700	0.001984
64.468800	-0.002289
64.468900	0.001831
64.469000	0.003052
64.469100	0.005646
64.469200	0.000458
64.469300	0.003967
64.469400	0.004120
64.469500	0.006256
64.469600	-0.000610
64.469700	0.004272
64.469800	0.007019
64.469900	0.006256
64.470000	0.008850
64.470100	0.010071
64.470200	0.006561
64.470300	0.004272
64.470400	0.010529
64.470500	0.004883
64.470600	0.005646
64.470700	0.007172
64.470800	0.008392
64.470900	0.005035
64.471000	0.002747
64.471100	0.004883
64.471200	0.003510
64.471300	0.003815
64.471400	0.008545
64.471500	0.005951
64.471600	0.007324
64.471700	0.002289
64.471800	0.003967
64.471900	0.003204
64.472000	0.003662
64.472100	0.008392
64.472200	0.005646
64.472300	0.005035
64.472400	0.009613
64.472500	0.009308
64.472600	0.009613
64.472700	0.007629
64.472800	0.004425
64.472900	0.006256
64.473000	0.004272
64.473100	0.004272
64.473200	0.004425
64.473300	0.003052
64.473400	0.004272
64.473500	0.002441
64.473600	0.008392
64.473700	0.000305
64.473800	-0.003967
64.473900	0.001678
64.474000	0.002747
64.474100	0.000305
64.474200	0.005341
64.474300	0.008087
64.474400	0.004730
64.474500	0.004730
64.474600	0.006256
64.474700	0.007324
64.474800	0.005035
64.474900	0.006866
64.475000	0.004425
64.475100	0.004883
64.475200	0.005035
64.475300	0.007324
64.475400	0.009003
64.475500	0.009003
64.475600	0.006104
64.475700	0.004883
64.475800	0.004730
64.475900	0.006409
64.476000	0.005188
64.476100	0.005951
64.476200	-0.000153
64.476300	0.002136
64.476400	0.005188
64.476500	0.004883
64.476600	0.003967
64.476700	0.003357
64.476800	0.004883
64.476900	0.006409
64.477000	0.006256
64.477100	0.010223
64.477200	0.008698
64.477300	0.004425
64.477400	0.004425
64.477500	0.006714
64.477600	0.003510
64.477700	0.003967
64.477800	0.002136
64.477900	-0.001526
64.478000	0.005493
64.478100	0.001526
64.478200	0.004425
64.478300	0.002289
64.478400	0.004883
64.478500	0.006104
64.478600	0.007782
64.478700	0.009308
64.478800	0.007324
64.478900	0.010071
64.479000	0.011139
64.479100	0.008240
64.479200	0.009918
64.479300	0.009766
64.479400	0.016174
64.479500	0.016785
64.479600	0.012817
64.479700	0.014648
64.479800	0.017700
64.479900	0.013885
64.480000	0.018768
64.480100	0.019531
64.480200	0.017853
64.480300	0.016937
64.480400	0.024719
64.480500	0.017853
64.480600	0.017242
64.480700	0.018005
64.480800	0.019226
64.480900	0.016785
64.481000	0.020294
64.481100	0.015717
64.481200	0.018158
64.481300	0.018616
64.481400	0.020294
64.481500	0.022583
64.481600	0.022278
64.481700	0.018158
64.481800	0.021210
64.481900	0.025787
64.482000	0.022278
64.482100	0.019989
64.482200	0.017548
64.482300	0.021973
64.482400	0.021362
64.482500	0.019226
64.482600	0.022583
64.482700	0.022125
64.482800	0.020752
64.482900	0.021362
64.483000	0.019379
64.483100	0.018616
64.483200	0.018311
64.483300	0.016479
64.483400	0.021820
64.483500	0.020142
64.483600	0.021667
64.483700	0.022430
64.483800	0.020142
64.483900	0.019379
64.484000	0.020752
64.484100	0.019836
64.484200	0.025940
64.484300	0.020752
64.484400	0.015869
64.484500	0.019684
64.484600	0.017548
64.484700	0.017090
64.484800	0.019531
64.484900	0.013275
64.485000	0.011292
64.485100	0.012970
64.485200	0.016479
64.485300	0.012360
64.485400	0.015411
64.485500	0.016022
64.485600	0.014038
64.485700	0.019226
64.485800	0.015259
64.485900	0.010834
64.486000	0.007477
64.486100	0.011139
64.486200	0.013733
64.486300	0.011139
64.486400	0.008392
64.486500	0.011139
64.486600	0.012054
64.486700	0.013733
64.486800	0.012360
64.486900	0.013733
64.487000	0.008240
64.487100	0.007324
64.487200	0.007172
64.487300	0.011902
64.487400	0.014801
64.487500	0.016327
64.487600	0.014343
64.487700	0.012054
64.487800	0.010681
64.487900	0.012970
64.488000	0.010376
64.488100	0.007935
64.488200	0.016174
64.488300	0.009460
64.488400	0.014191
64.488500	0.009155
64.488600	0.006104
64.488700	0.010223
64.488800	0.010071
64.488900	0.006104
64.489000	0.014038
64.489100	0.008698
64.489200	0.008392
64.489300	0.006409
64.489400	0.007324
64.489500	0.007935
64.489600	0.004425
64.489700	0.009308
64.489800	0.007629
64.489900	0.007782
64.490000	0.008240
64.490100	0.005798
64.490200	0.010986
64.490300	0.008392
64.490400	0.005951
64.490500	0.003815
64.490600	-0.001373
64.490700	-0.000916
64.490800	-0.000610
64.490900	0.001526
64.491000	0.000610
64.491100	0.008545
64.491200	0.009918
64.491300	0.005951
64.491400	0.006104
64.491500	0.002899
64.491600	0.002747
64.491700	0.009155
64.491800	0.010986
64.491900	0.014496
64.492000	0.012665
64.492100	0.008240
64.492200	0.011902
64.492300	0.013428
64.492400	0.013580
64.492500	0.010223
64.492600	0.017548
64.492700	0.013275
64.492800	0.013733
64.492900	0.011139
64.493000	0.014038
64.493100	0.008240
64.493200	0.008087
64.493300	0.015564
64.493400	0.008698
64.493500	0.010681
64.493600	0.012207
64.493700	0.008087
64.493800	0.012665
64.493900	0.012054
64.494000	0.010529
64.494100	0.012512
64.494200	0.011902
64.494300	0.009308
64.494400	0.010376
64.494500	0.010986
64.494600	0.010223
64.494700	0.007782
64.494800	0.003815
64.494900	0.005188
64.495000	0.005188
64.495100	0.009308
64.495200	0.008850
64.495300	0.006561
64.495400	0.011749
64.495500	0.008698
64.495600	0.005493
64.495700	0.004272
64.495800	0.003510
64.495900	0.003510
64.496000	0.003967
64.496100	0.002899
64.496200	0.011139
64.496300	0.010376
64.496400	0.011292
64.496500	0.009308
64.496600	0.005646
64.496700	0.008240
64.496800	0.009918
64.496900	0.010223
64.497000	0.012665
64.497100	0.010834
64.497200	0.007324
64.497300	0.006104
64.497400	0.004578
64.497500	0.007935
64.497600	0.004425
64.497700	-0.002594
64.497800	0.006256
64.497900	0.005951
64.498000	0.005798
64.498100	0.002594
64.498200	-0.000153
64.498300	0.004578
64.498400	0.002136
64.498500	0.002594
64.498600	0.004272
64.498700	0.006866
64.498800	0.006256
64.498900	0.005646
64.499000	0.003052
64.499100	0.000763
64.499200	-0.001068
64.499300	0.003357
64.499400	0.005188
64.499500	0.003052
64.499600	0.005188
64.499700	0.005951
64.499800	0.005188
64.499900	0.007172
64.500000	0.003815
64.500100	-0.000916
64.500200	0.000763
64.500300	0.001373
64.500400	0.001678
64.500500	0.002136
64.500600	0.001526
64.500700	0.002289
64.500800	0.004425
64.500900	0.003967
64.501000	0.001221
64.501100	-0.001373
64.501200	0.000916
64.501300	0.005341
64.501400	0.002441
64.501500	-0.002136
64.501600	0.005035
64.501700	0.002136
64.501800	-0.001221
64.501900	0.007935
64.502000	0.002747
64.502100	0.001984
64.502200	0.003204
64.502300	0.004883
64.502400	0.004578
64.502500	0.005341
64.502600	0.004578
64.502700	0.004578
64.502800	0.000610
64.502900	0.004120
64.503000	-0.001221
64.503100	-0.000305
64.503200	-0.000763
64.503300	-0.001221
64.503400	0.000458
64.503500	0.004272
64.503600	0.001221
64.503700	0.001831
64.503800	0.005188
64.503900	0.002594
64.504000	0.000610
64.504100	0.002289
64.504200	0.001678
64.504300	0.002899
64.504400	-0.000153
64.504500	0.000610
64.504600	0.001221
64.504700	0.005646
64.504800	0.005035
64.504900	0.005798
64.505000	0.005798
64.505100	0.008087
64.505200	0.002441
64.505300	0.005798
64.505400	0.002747
64.505500	0.001678
64.505600	-0.001068
64.505700	0.001831
64.505800	0.002289
64.505900	0.004883
64.506000	0.001526
64.506100	0.005188
64.506200	0.001221
64.506300	0.004272
64.506400	0.001526
64.506500	0.000000
64.506600	0.004272
64.506700	-0.002136
64.506800	0.001831
64.506900	-0.005951
64.507000	0.000153
64.507100	0.005341
64.507200	0.001373
64.507300	0.000916
64.507400	0.003967
64.507500	0.004120
64.507600	0.003510
64.507700	0.001526
64.507800	0.001984
64.507900	0.002441
64.508000	0.007019
64.508100	0.007782
64.508200	0.003967
64.508300	0.000000
64.508400	0.001068
64.508500	-0.001221
64.508600	-0.001831
64.508700	-0.001373
64.508800	0.002594
64.508900	0.003662
64.509000	0.003052
64.509100	0.000916
64.509200	0.002136
64.509300	0.004272
64.509400	0.003357
64.509500	0.001831
64.509600	0.003815
64.509700	0.007324
64.509800	0.002441
64.509900	0.003204
64.510000	0.001373
64.510100	0.002441
64.510200	0.000763
64.510300	0.003815
64.510400	-0.001984
64.510500	0.003357
64.510600	0.000305
64.510700	-0.001221
64.510800	-0.000305
64.510900	-0.003815
64.511000	-0.001221
64.511100	-0.002136
64.511200	0.003662
64.511300	-0.000763
64.511400	-0.003815
64.511500	0.000000
64.511600	-0.001373
64.511700	0.000916
64.511800	0.003052
64.511900	0.004730
64.512000	0.001526
