422.653700	0.122375
422.653800	0.120392
422.653900	0.116119
422.654000	0.118256
422.654100	0.115509
422.654200	0.116119
422.654300	0.117340
422.654400	0.117187
422.654500	0.108643
422.654600	0.110168
422.654700	0.112152
422.654800	0.113831
422.654900	0.115509
422.655000	0.111237
422.655100	0.110168
422.655200	0.111847
422.655300	0.108490
422.655400	0.109100
422.655500	0.109711
422.655600	0.107880
422.655700	0.108643
422.655800	0.106354
422.655900	0.101776
422.656000	0.100861
422.656100	0.102081
422.656200	0.102997
422.656300	0.097961
422.656400	0.100250
422.656500	0.102539
422.656600	0.101318
422.656700	0.101471
422.656800	0.104828
422.656900	0.112305
422.657000	0.128021
422.657100	0.153809
422.657200	0.196991
422.657300	0.250244
422.657400	0.306549
422.657500	0.358582
422.657600	0.395660
422.657700	0.423737
422.657800	0.437927
422.657900	0.396729
422.658000	0.286865
422.658100	0.141296
422.658200	0.003662
422.658300	-0.095673
422.658400	-0.142212
422.658500	-0.162659
422.658600	-0.171356
422.658700	-0.183105
422.658800	-0.172577
422.658900	-0.128632
422.659000	-0.064240
422.659100	-0.007935
422.659200	0.035553
422.659300	0.076294
422.659400	0.096283
422.659500	0.101166
422.659600	0.099792
422.659700	0.100098
422.659800	0.100555
422.659900	0.101318
422.660000	0.086670
422.660100	0.075226
422.660200	0.075684
422.660300	0.077057
422.660400	0.082855
422.660500	0.089874
422.660600	0.094910
422.660700	0.098419
422.660800	0.101013
422.660900	0.107574
422.661000	0.115204
422.661100	0.115814
422.661200	0.121460
422.661300	0.124512
422.661400	0.124817
422.661500	0.120544
422.661600	0.124512
422.661700	0.120239
422.661800	0.114136
422.661900	0.114288
422.662000	0.107117
422.662100	0.101624
422.662200	0.105438
422.662300	0.097351
422.662400	0.094452
422.662500	0.089264
422.662600	0.081482
422.662700	0.089874
422.662800	0.119171
422.662900	0.158997
422.663000	0.219421
422.663100	0.280762
422.663200	0.333557
422.663300	0.349884
422.663400	0.327148
422.663500	0.283966
422.663600	0.237579
422.663700	0.185394
422.663800	0.130005
422.663900	0.077515
422.664000	0.027618
422.664100	-0.011139
422.664200	-0.036774
422.664300	-0.056915
422.664400	-0.063629
422.664500	-0.067139
422.664600	-0.079803
422.664700	-0.091553
422.664800	-0.090790
422.664900	-0.055237
422.665000	-0.014954
422.665100	0.022736
422.665200	0.059509
422.665300	0.076294
422.665400	0.076294
422.665500	0.080872
422.665600	0.082703
422.665700	0.081024
422.665800	0.081024
422.665900	0.084991
422.666000	0.092773
422.666100	0.111847
422.666200	0.133820
422.666300	0.160828
422.666400	0.183105
422.666500	0.197144
422.666600	0.198975
422.666700	0.195923
422.666800	0.173492
422.666900	0.141602
422.667000	0.095215
422.667100	0.053253
422.667200	0.016174
422.667300	-0.010986
422.667400	-0.022430
422.667500	-0.025177
422.667600	-0.023499
422.667700	-0.005798
422.667800	0.018158
422.667900	0.040131
422.668000	0.064087
422.668100	0.072021
422.668200	0.079193
422.668300	0.086212
422.668400	0.083160
422.668500	0.096436
422.668600	0.099335
422.668700	0.101929
422.668800	0.094757
422.668900	0.095367
422.669000	0.097504
422.669100	0.091400
422.669200	0.093231
422.669300	0.086670
422.669400	0.083771
422.669500	0.081177
422.669600	0.078735
422.669700	0.072327
422.669800	0.072937
422.669900	0.068665
422.670000	0.070343
422.670100	0.074615
422.670200	0.072327
422.670300	0.074768
422.670400	0.079346
422.670500	0.084991
422.670600	0.086365
422.670700	0.084381
422.670800	0.081329
422.670900	0.085449
422.671000	0.084839
422.671100	0.081329
422.671200	0.091248
422.671300	0.092163
422.671400	0.092010
422.671500	0.090637
422.671600	0.094452
422.671700	0.092163
422.671800	0.092468
422.671900	0.097961
422.672000	0.090332
422.672100	0.096436
422.672200	0.098724
422.672300	0.098572
422.672400	0.105133
422.672500	0.105743
422.672600	0.104675
422.672700	0.106659
422.672800	0.097961
422.672900	0.100098
422.673000	0.098877
422.673100	0.098877
422.673200	0.097656
422.673300	0.098114
422.673400	0.095062
422.673500	0.100861
422.673600	0.113831
422.673700	0.110474
422.673800	0.089874
422.673900	0.064697
422.674000	0.043640
422.674100	0.038147
422.674200	0.048523
422.674300	0.063934
422.674400	0.067139
422.674500	0.073700
422.674600	0.075226
422.674700	0.079651
422.674800	0.092316
422.674900	0.096436
422.675000	0.103455
422.675100	0.111847
422.675200	0.109100
422.675300	0.108795
422.675400	0.108337
422.675500	0.098114
422.675600	0.095673
422.675700	0.096741
422.675800	0.094147
422.675900	0.093079
422.676000	0.092163
422.676100	0.099182
422.676200	0.135651
422.676300	0.218201
422.676400	0.353851
422.676500	0.566254
422.676600	0.863953
422.676700	1.154327
422.676800	1.288452
422.676900	1.339264
422.677000	1.381836
422.677100	1.418610
422.677200	1.298065
422.677300	0.921326
422.677400	0.360870
422.677500	-0.278320
422.677600	-0.895996
422.677700	-1.283417
422.677800	-1.468353
422.677900	-1.458130
422.678000	-1.405334
422.678100	-1.367035
422.678200	-1.280975
422.678300	-1.156006
422.678400	-0.673676
422.678500	-0.341644
422.678600	-0.123901
422.678700	0.022278
422.678800	0.091705
422.678900	0.111694
422.679000	0.121307
422.679100	0.121307
422.679200	0.117950
422.679300	0.105438
422.679400	0.098572
422.679500	0.091705
422.679600	0.096130
422.679700	0.114746
422.679800	0.159607
422.679900	0.247498
422.680000	0.381470
422.680100	0.536346
422.680200	0.690613
422.680300	0.802612
422.680400	0.874329
422.680500	0.890808
422.680600	0.838928
422.680700	0.706940
422.680800	0.495148
422.680900	0.224915
422.681000	-0.067139
422.681100	-0.350494
422.681200	-0.599518
422.681300	-0.747986
422.681400	-0.794067
422.681500	-0.703278
422.681600	-0.416412
422.681700	0.060577
422.681800	0.752411
422.681900	1.625671
422.682000	2.438812
422.682100	2.929993
422.682200	3.171539
422.682300	3.308105
422.682400	3.251343
422.682500	2.711182
422.682600	1.595917
422.682700	0.149231
422.682800	-1.114502
422.682900	-2.539520
422.683000	-3.198700
422.683100	-3.373718
422.683200	-3.335419
422.683300	-3.201294
422.683400	-2.924957
422.683500	-2.358856
422.683600	-1.647034
422.683700	-1.199951
422.683800	-0.457611
422.683900	-0.126190
422.684000	0.063171
422.684100	0.163727
422.684200	0.246429
422.684300	0.350037
422.684400	0.488281
422.684500	0.654602
422.684600	0.814514
422.684700	0.939941
422.684800	1.009827
422.684900	1.026001
422.685000	0.970154
422.685100	0.828247
422.685200	0.607300
422.685300	0.327454
422.685400	0.031738
422.685500	-0.264282
422.685600	-0.552979
422.685700	-0.768280
422.685800	-0.883026
422.685900	-0.898437
422.686000	-0.796509
422.686100	-0.525665
422.686200	-0.141144
422.686300	0.311279
422.686400	0.773010
422.686500	1.153564
422.686600	1.394653
422.686700	1.481628
422.686800	1.423645
422.686900	1.195221
422.687000	0.796967
422.687100	0.263062
422.687200	-0.312347
422.687300	-0.832367
422.687400	-1.175690
422.687500	-1.415253
422.687600	-1.462860
422.687700	-1.398926
422.687800	-1.236572
422.687900	-0.955353
422.688000	-0.623627
422.688100	-0.307465
422.688200	-0.091858
422.688300	0.043640
422.688400	0.117340
422.688500	0.155487
422.688600	0.160980
422.688700	0.162659
422.688800	0.158386
422.688900	0.163269
422.689000	0.159912
422.689100	0.156555
422.689200	0.156250
422.689300	0.158386
422.689400	0.154572
422.689500	0.156250
422.689600	0.159302
422.689700	0.157013
422.689800	0.149994
422.689900	0.149384
422.690000	0.151825
422.690100	0.148163
422.690200	0.147705
422.690300	0.149536
422.690400	0.152435
422.690500	0.153656
422.690600	0.150299
422.690700	0.156708
422.690800	0.165405
422.690900	0.162048
422.691000	0.152283
422.691100	0.153961
422.691200	0.155945
422.691300	0.156250
422.691400	0.152588
422.691500	0.155945
422.691600	0.153961
422.691700	0.152130
422.691800	0.152130
422.691900	0.145416
422.692000	0.144043
422.692100	0.141754
422.692200	0.139313
422.692300	0.134888
422.692400	0.132599
422.692500	0.131226
422.692600	0.133820
422.692700	0.137329
422.692800	0.137177
422.692900	0.135498
422.693000	0.137634
422.693100	0.133514
422.693200	0.131989
422.693300	0.131836
422.693400	0.125732
422.693500	0.121307
422.693600	0.120392
422.693700	0.122375
422.693800	0.119629
422.693900	0.111084
422.694000	0.113831
422.694100	0.110168
422.694200	0.107422
422.694300	0.104980
422.694400	0.106506
422.694500	0.109711
422.694600	0.119476
422.694700	0.119781
422.694800	0.121460
422.694900	0.126343
422.695000	0.122833
422.695100	0.120239
422.695200	0.119781
422.695300	0.117493
422.695400	0.117493
422.695500	0.117798
422.695600	0.119781
422.695700	0.139465
422.695800	0.159454
422.695900	0.183258
422.696000	0.212708
422.696100	0.237885
422.696200	0.260925
422.696300	0.277252
422.696400	0.278473
422.696500	0.292053
422.696600	0.324860
422.696700	0.379333
422.696800	0.484772
422.696900	0.657501
422.697000	0.807190
422.697100	0.860901
422.697200	0.864716
422.697300	0.892181
422.697400	0.931702
422.697500	0.877838
422.697600	0.621948
422.697700	0.206757
422.697800	-0.267944
422.697900	-0.710602
422.698000	-0.954895
422.698100	-1.035614
422.698200	-1.022644
422.698300	-0.997162
422.698400	-0.982819
422.698500	-0.908966
422.698600	-0.681610
422.698700	-0.377350
422.698800	-0.141144
422.698900	0.039978
422.699000	0.157013
422.699100	0.217590
422.699200	0.238342
422.699300	0.249176
422.699400	0.240326
422.699500	0.210419
422.699600	0.153351
422.699700	0.091858
422.699800	0.030670
422.699900	-0.008545
422.700000	-0.013428
422.700100	-0.002594
422.700200	0.038300
422.700300	0.113983
422.700400	0.240479
422.700500	0.428925
422.700600	0.636444
422.700700	0.825195
422.700800	0.963593
422.700900	1.029663
422.701000	1.017609
422.701100	0.951843
422.701200	0.810394
422.701300	0.605774
422.701400	0.355377
422.701500	0.092621
422.701600	-0.165710
422.701700	-0.424957
422.701800	-0.670319
422.701900	-0.830994
422.702000	-0.916290
422.702100	-0.923157
422.702200	-0.869904
422.702300	-0.770111
422.702400	-0.606384
422.702500	-0.431366
422.702600	-0.254974
422.702700	-0.114136
422.702800	-0.005188
422.702900	0.064697
422.703000	0.106049
422.703100	0.125732
422.703200	0.133362
422.703300	0.139160
422.703400	0.143433
422.703500	0.146942
422.703600	0.147095
422.703700	0.142822
422.703800	0.144958
422.703900	0.139008
422.704000	0.135193
422.704100	0.136108
422.704200	0.138245
422.704300	0.144501
422.704400	0.134430
422.704500	0.134125
422.704600	0.130157
422.704700	0.124817
422.704800	0.129395
422.704900	0.116730
422.705000	0.106506
422.705100	0.101624
422.705200	0.096588
422.705300	0.092468
422.705400	0.095215
422.705500	0.100555
422.705600	0.103760
422.705700	0.111084
422.705800	0.109253
422.705900	0.115051
422.706000	0.111389
422.706100	0.111084
422.706200	0.105438
422.706300	0.101013
422.706400	0.095978
422.706500	0.095825
422.706600	0.082855
422.706700	0.077667
422.706800	0.082397
422.706900	0.079346
422.707000	0.075378
422.707100	0.082092
422.707200	0.077820
