68.452100	0.028839
68.452200	0.028076
68.452300	0.027008
68.452400	0.025635
68.452500	0.025787
68.452600	0.027771
68.452700	0.025940
68.452800	0.027618
68.452900	0.026703
68.453000	0.028381
68.453100	0.027008
68.453200	0.025635
68.453300	0.022125
68.453400	0.025635
68.453500	0.025330
68.453600	0.025177
68.453700	0.026855
68.453800	0.024414
68.453900	0.025787
68.454000	0.020905
68.454100	0.024567
68.454200	0.027161
68.454300	0.028687
68.454400	0.024414
68.454500	0.028534
68.454600	0.028381
68.454700	0.029449
68.454800	0.025330
68.454900	0.024872
68.455000	0.031281
68.455100	0.030365
68.455200	0.024109
68.455300	0.027161
68.455400	0.022125
68.455500	0.021973
68.455600	0.026855
68.455700	0.030670
68.455800	0.026855
68.455900	0.030975
68.456000	0.027008
68.456100	0.029755
68.456200	0.027618
68.456300	0.023651
68.456400	0.027008
68.456500	0.032959
68.456600	0.028687
68.456700	0.025024
68.456800	0.022278
68.456900	0.028381
68.457000	0.025177
68.457100	0.024261
68.457200	0.023193
68.457300	0.026093
68.457400	0.029907
68.457500	0.027008
68.457600	0.027618
68.457700	0.027313
68.457800	0.027008
68.457900	0.025177
68.458000	0.022125
68.458100	0.027924
68.458200	0.029602
68.458300	0.027466
68.458400	0.027924
68.458500	0.027924
68.458600	0.029297
68.458700	0.025177
68.458800	0.021973
68.458900	0.023956
68.459000	0.022430
68.459100	0.023956
68.459200	0.025330
68.459300	0.025635
68.459400	0.025940
68.459500	0.028687
68.459600	0.027161
68.459700	0.025787
68.459800	0.029755
68.459900	0.027466
68.460000	0.020752
68.460100	0.021515
68.460200	0.021210
68.460300	0.023193
68.460400	0.023499
68.460500	0.024414
68.460600	0.034027
68.460700	0.028229
68.460800	0.025330
68.460900	0.024414
68.461000	0.025177
68.461100	0.025024
68.461200	0.025787
68.461300	0.031128
68.461400	0.029297
68.461500	0.027466
68.461600	0.026245
68.461700	0.030823
68.461800	0.024872
68.461900	0.024109
68.462000	0.023956
68.462100	0.024109
68.462200	0.027008
68.462300	0.025940
68.462400	0.032806
68.462500	0.032196
68.462600	0.029449
68.462700	0.027771
68.462800	0.031128
68.462900	0.034180
68.463000	0.028229
68.463100	0.030365
68.463200	0.033875
68.463300	0.031738
68.463400	0.031128
68.463500	0.024719
68.463600	0.027771
68.463700	0.024567
68.463800	0.026093
68.463900	0.027161
68.464000	0.027161
68.464100	0.030823
68.464200	0.027008
68.464300	0.031433
68.464400	0.029602
68.464500	0.027924
68.464600	0.028534
68.464700	0.029297
68.464800	0.023956
68.464900	0.030212
68.465000	0.030060
68.465100	0.028076
68.465200	0.027313
68.465300	0.030060
68.465400	0.029602
68.465500	0.024261
68.465600	0.023193
68.465700	0.024109
68.465800	0.028839
68.465900	0.026245
68.466000	0.024414
68.466100	0.027466
68.466200	0.026855
68.466300	0.027313
68.466400	0.026855
68.466500	0.029755
68.466600	0.031281
68.466700	0.033722
68.466800	0.033417
68.466900	0.030365
68.467000	0.032043
68.467100	0.027771
68.467200	0.028992
68.467300	0.030518
68.467400	0.029297
68.467500	0.028534
68.467600	0.023346
68.467700	0.028076
68.467800	0.029297
68.467900	0.029297
68.468000	0.028381
68.468100	0.030365
68.468200	0.028229
68.468300	0.032806
68.468400	0.029144
68.468500	0.028076
68.468600	0.029449
68.468700	0.032196
68.468800	0.031128
68.468900	0.028534
68.469000	0.031586
68.469100	0.028534
68.469200	0.026550
68.469300	0.029297
68.469400	0.027771
68.469500	0.026855
68.469600	0.030975
68.469700	0.035706
68.469800	0.032806
68.469900	0.033722
68.470000	0.031128
68.470100	0.029755
68.470200	0.031586
68.470300	0.029907
68.470400	0.035248
68.470500	0.036774
68.470600	0.035095
68.470700	0.034943
68.470800	0.035706
68.470900	0.032654
68.471000	0.030365
68.471100	0.030212
68.471200	0.031586
68.471300	0.030212
68.471400	0.031891
68.471500	0.033722
68.471600	0.029907
68.471700	0.032043
68.471800	0.036163
68.471900	0.030212
68.472000	0.029297
68.472100	0.030518
68.472200	0.033569
68.472300	0.033417
68.472400	0.026855
68.472500	0.033112
68.472600	0.028534
68.472700	0.027924
68.472800	0.029144
68.472900	0.035858
68.473000	0.031738
68.473100	0.031128
68.473200	0.032043
68.473300	0.033264
68.473400	0.032806
68.473500	0.022125
68.473600	0.030212
68.473700	0.034790
68.473800	0.032501
68.473900	0.032349
68.474000	0.032654
68.474100	0.035400
68.474200	0.033875
68.474300	0.031738
68.474400	0.032806
68.474500	0.030518
68.474600	0.027618
68.474700	0.035706
68.474800	0.029297
68.474900	0.031281
68.475000	0.031128
68.475100	0.031433
68.475200	0.031128
68.475300	0.033875
68.475400	0.036316
68.475500	0.039673
68.475600	0.036469
68.475700	0.036774
68.475800	0.030823
68.475900	0.034180
68.476000	0.034027
68.476100	0.031433
68.476200	0.032959
68.476300	0.036011
68.476400	0.038910
68.476500	0.030060
68.476600	0.036163
68.476700	0.033417
68.476800	0.028992
68.476900	0.036163
68.477000	0.035858
68.477100	0.033112
68.477200	0.032806
68.477300	0.034485
68.477400	0.035248
68.477500	0.033417
68.477600	0.032349
68.477700	0.031738
68.477800	0.033112
68.477900	0.036011
68.478000	0.028381
68.478100	0.032501
68.478200	0.035858
68.478300	0.030212
68.478400	0.032349
68.478500	0.032959
68.478600	0.030518
68.478700	0.036774
68.478800	0.031433
68.478900	0.029602
68.479000	0.034943
68.479100	0.037689
68.479200	0.035706
68.479300	0.037994
68.479400	0.043488
68.479500	0.039825
68.479600	0.030975
68.479700	0.034332
68.479800	0.036163
68.479900	0.032349
68.480000	0.027618
68.480100	0.031128
68.480200	0.037079
68.480300	0.035706
68.480400	0.037384
68.480500	0.030670
68.480600	0.033569
68.480700	0.032043
68.480800	0.035248
68.480900	0.035400
68.481000	0.033264
68.481100	0.035858
68.481200	0.036011
68.481300	0.035553
68.481400	0.039520
68.481500	0.038605
68.481600	0.037842
68.481700	0.036621
68.481800	0.034637
68.481900	0.036621
68.482000	0.036316
68.482100	0.032959
68.482200	0.036926
68.482300	0.041656
68.482400	0.041656
68.482500	0.034637
68.482600	0.033722
68.482700	0.036926
68.482800	0.036011
68.482900	0.038605
68.483000	0.036163
68.483100	0.038910
68.483200	0.040741
68.483300	0.037689
68.483400	0.040283
68.483500	0.037537
68.483600	0.034332
68.483700	0.038147
68.483800	0.038910
68.483900	0.036774
68.484000	0.033112
68.484100	0.032959
68.484200	0.037537
68.484300	0.036621
68.484400	0.033722
68.484500	0.035706
68.484600	0.035095
68.484700	0.034180
68.484800	0.031586
68.484900	0.038605
68.485000	0.037231
68.485100	0.039062
68.485200	0.035400
68.485300	0.036163
68.485400	0.034943
68.485500	0.032349
68.485600	0.033569
68.485700	0.036774
68.485800	0.038910
68.485900	0.039520
68.486000	0.035553
68.486100	0.042725
68.486200	0.043793
68.486300	0.046082
68.486400	0.039368
68.486500	0.040588
68.486600	0.039520
68.486700	0.038757
68.486800	0.036774
68.486900	0.038147
68.487000	0.044250
68.487100	0.042877
68.487200	0.039062
68.487300	0.037384
68.487400	0.034485
68.487500	0.037384
68.487600	0.034943
68.487700	0.033569
68.487800	0.041504
68.487900	0.034790
68.488000	0.036621
68.488100	0.031128
68.488200	0.036621
68.488300	0.041351
68.488400	0.044250
68.488500	0.035400
68.488600	0.036316
68.488700	0.038605
68.488800	0.041504
68.488900	0.036621
68.489000	0.034943
68.489100	0.036316
68.489200	0.036774
68.489300	0.036011
68.489400	0.038757
68.489500	0.039825
68.489600	0.035706
68.489700	0.031738
68.489800	0.035248
68.489900	0.033722
68.490000	0.036621
68.490100	0.037842
68.490200	0.037842
68.490300	0.040283
68.490400	0.044250
68.490500	0.035858
68.490600	0.035095
68.490700	0.036926
68.490800	0.038452
68.490900	0.039825
68.491000	0.037384
68.491100	0.035400
68.491200	0.034332
68.491300	0.041199
68.491400	0.042572
68.491500	0.035553
68.491600	0.037231
68.491700	0.032043
68.491800	0.036163
68.491900	0.037384
68.492000	0.038605
68.492100	0.038757
68.492200	0.040436
68.492300	0.041809
68.492400	0.036621
68.492500	0.033112
68.492600	0.034790
68.492700	0.034943
68.492800	0.036011
68.492900	0.042267
68.493000	0.037842
68.493100	0.041351
68.493200	0.038147
68.493300	0.042419
68.493400	0.042725
68.493500	0.038757
68.493600	0.044250
68.493700	0.045776
68.493800	0.045319
68.493900	0.041809
68.494000	0.047150
68.494100	0.043488
68.494200	0.037842
68.494300	0.042877
68.494400	0.042114
68.494500	0.045319
68.494600	0.043335
68.494700	0.041504
68.494800	0.041656
68.494900	0.038910
68.495000	0.040588
68.495100	0.041046
68.495200	0.039978
68.495300	0.038605
68.495400	0.040131
68.495500	0.042419
68.495600	0.043030
68.495700	0.039520
68.495800	0.038300
68.495900	0.037537
68.496000	0.041504
68.496100	0.043488
68.496200	0.040131
68.496300	0.040741
68.496400	0.042877
68.496500	0.040283
68.496600	0.041809
68.496700	0.046539
68.496800	0.043030
68.496900	0.053101
68.497000	0.045471
68.497100	0.040283
68.497200	0.041504
68.497300	0.044708
68.497400	0.041962
68.497500	0.043793
68.497600	0.042419
68.497700	0.043640
68.497800	0.044250
68.497900	0.042572
68.498000	0.044403
68.498100	0.043945
68.498200	0.045929
68.498300	0.044250
68.498400	0.045166
68.498500	0.045624
68.498600	0.046997
68.498700	0.044250
68.498800	0.041046
68.498900	0.041351
68.499000	0.042572
68.499100	0.041046
68.499200	0.042877
68.499300	0.047302
68.499400	0.046234
68.499500	0.040741
68.499600	0.041809
68.499700	0.042419
68.499800	0.040741
68.499900	0.042572
68.500000	0.041351
68.500100	0.038452
68.500200	0.040588
68.500300	0.042267
68.500400	0.039368
68.500500	0.041962
68.500600	0.039215
68.500700	0.044098
68.500800	0.042877
68.500900	0.042572
68.501000	0.036621
68.501100	0.038605
68.501200	0.041199
68.501300	0.041809
68.501400	0.042419
68.501500	0.037689
68.501600	0.037079
68.501700	0.040436
68.501800	0.040894
68.501900	0.044556
68.502000	0.039520
68.502100	0.038147
68.502200	0.042725
68.502300	0.044403
68.502400	0.045776
68.502500	0.039520
68.502600	0.040283
68.502700	0.040131
68.502800	0.043335
68.502900	0.040894
68.503000	0.038757
68.503100	0.040436
68.503200	0.036926
68.503300	0.040741
68.503400	0.042877
68.503500	0.039673
68.503600	0.039825
68.503700	0.035248
68.503800	0.039062
68.503900	0.041199
68.504000	0.034332
68.504100	0.037689
68.504200	0.040588
68.504300	0.036774
68.504400	0.042114
68.504500	0.037079
68.504600	0.040283
68.504700	0.038452
68.504800	0.043182
68.504900	0.039825
68.505000	0.043945
68.505100	0.041656
68.505200	0.045624
68.505300	0.043488
68.505400	0.045929
68.505500	0.045471
68.505600	0.042877
