356.452100	0.026398
356.452200	0.027313
356.452300	0.025330
356.452400	0.025940
356.452500	0.021057
356.452600	0.026855
356.452700	0.025024
356.452800	0.026855
356.452900	0.029907
356.453000	0.026093
356.453100	0.025635
356.453200	0.028839
356.453300	0.024109
356.453400	0.026855
356.453500	0.025177
356.453600	0.021210
356.453700	0.023346
356.453800	0.025787
356.453900	0.031586
356.454000	0.022888
356.454100	0.022125
356.454200	0.030518
356.454300	0.029297
356.454400	0.030670
356.454500	0.025787
356.454600	0.028534
356.454700	0.026550
356.454800	0.026245
356.454900	0.028381
356.455000	0.029755
356.455100	0.027008
356.455200	0.028839
356.455300	0.028381
356.455400	0.024414
356.455500	0.025940
356.455600	0.028839
356.455700	0.027924
356.455800	0.026855
356.455900	0.028229
356.456000	0.023499
356.456100	0.021820
356.456200	0.019379
356.456300	0.023041
356.456400	0.020905
356.456500	0.022736
356.456600	0.020294
356.456700	0.020142
356.456800	0.018311
356.456900	0.022125
356.457000	0.022736
356.457100	0.024109
356.457200	0.020447
356.457300	0.020599
356.457400	0.026398
356.457500	0.021973
356.457600	0.027618
356.457700	0.022583
356.457800	0.018463
356.457900	0.019989
356.458000	0.019531
356.458100	0.017700
356.458200	0.020752
356.458300	0.017242
356.458400	0.020905
356.458500	0.019531
356.458600	0.018005
356.458700	0.026855
356.458800	0.022430
356.458900	0.018921
356.459000	0.014496
356.459100	0.014648
356.459200	0.014954
356.459300	0.015106
356.459400	0.017090
356.459500	0.017853
356.459600	0.016632
356.459700	0.014648
356.459800	0.018005
356.459900	0.015411
356.460000	0.011749
356.460100	0.022125
356.460200	0.018311
356.460300	0.016174
356.460400	0.016785
356.460500	0.010071
356.460600	0.014038
356.460700	0.013885
356.460800	0.013428
356.460900	0.010834
356.461000	0.011139
356.461100	0.012512
356.461200	0.014648
356.461300	0.009766
356.461400	0.008392
356.461500	0.010986
356.461600	0.005188
356.461700	0.008545
356.461800	0.003510
356.461900	0.004883
356.462000	0.007935
356.462100	0.009460
356.462200	0.010071
356.462300	0.009155
356.462400	0.004883
356.462500	0.006256
356.462600	0.005951
356.462700	0.011292
356.462800	0.007935
356.462900	0.003815
356.463000	0.003357
356.463100	0.006409
356.463200	0.002289
356.463300	0.002289
356.463400	0.005798
356.463500	0.007172
356.463600	0.004883
356.463700	0.002441
356.463800	0.003662
356.463900	-0.002136
356.464000	-0.002747
356.464100	0.004272
356.464200	-0.002136
356.464300	-0.003510
356.464400	0.004272
356.464500	0.004425
356.464600	0.004272
356.464700	0.002289
356.464800	-0.000763
356.464900	-0.001221
356.465000	0.002136
356.465100	0.004730
356.465200	0.000000
356.465300	-0.002747
356.465400	-0.008087
356.465500	-0.007019
356.465600	-0.009308
356.465700	-0.001678
356.465800	0.001221
356.465900	0.000763
356.466000	-0.000458
356.466100	-0.002136
356.466200	-0.007782
356.466300	0.000153
356.466400	0.001831
356.466500	-0.001068
356.466600	0.002136
356.466700	-0.000305
356.466800	0.002594
356.466900	0.000610
356.467000	0.003510
356.467100	-0.003357
356.467200	-0.004578
356.467300	-0.003204
356.467400	-0.004425
356.467500	-0.004578
356.467600	-0.001984
356.467700	-0.001221
356.467800	-0.000916
356.467900	-0.001831
356.468000	-0.002289
356.468100	-0.002747
356.468200	-0.000305
356.468300	-0.005188
356.468400	-0.003357
356.468500	-0.001678
356.468600	-0.003662
356.468700	0.001373
356.468800	-0.000916
356.468900	-0.000763
356.469000	-0.003510
356.469100	-0.004120
356.469200	-0.006104
356.469300	-0.003052
356.469400	-0.000305
356.469500	-0.001221
356.469600	-0.003967
356.469700	-0.007477
356.469800	-0.005188
356.469900	-0.005798
356.470000	-0.000763
356.470100	-0.001221
356.470200	-0.002899
356.470300	-0.006561
356.470400	0.000916
356.470500	-0.005646
356.470600	-0.007324
356.470700	-0.005493
356.470800	-0.003052
356.470900	-0.003052
356.471000	-0.001221
356.471100	-0.001068
356.471200	0.001526
356.471300	-0.002747
356.471400	-0.001221
356.471500	0.003967
356.471600	-0.001068
356.471700	-0.000458
356.471800	0.003510
356.471900	-0.001373
356.472000	-0.005798
356.472100	-0.001068
356.472200	0.000305
356.472300	-0.002747
356.472400	-0.000305
356.472500	0.006409
356.472600	-0.000458
356.472700	0.000458
356.472800	0.003204
356.472900	0.000153
356.473000	0.002899
356.473100	0.001831
356.473200	-0.001984
356.473300	0.000916
356.473400	0.001831
356.473500	0.002441
356.473600	0.001984
356.473700	-0.000763
356.473800	-0.002594
356.473900	0.003662
356.474000	-0.002289
356.474100	-0.000763
356.474200	-0.000305
356.474300	0.005951
356.474400	0.001221
356.474500	-0.000305
356.474600	-0.002899
356.474700	0.002136
356.474800	0.000000
356.474900	-0.001526
356.475000	0.004120
356.475100	0.006561
356.475200	0.003052
356.475300	0.005035
356.475400	0.002747
356.475500	0.002441
356.475600	0.004120
356.475700	0.001984
356.475800	0.001526
356.475900	-0.001678
356.476000	0.001068
356.476100	-0.002136
356.476200	-0.001526
356.476300	-0.003662
356.476400	-0.000153
356.476500	0.002899
356.476600	0.003204
356.476700	-0.004425
356.476800	-0.002441
356.476900	0.001526
356.477000	-0.002441
356.477100	0.000000
356.477200	-0.002136
356.477300	-0.000916
356.477400	-0.000153
356.477500	0.002747
356.477600	0.006561
356.477700	-0.003357
356.477800	-0.000153
356.477900	-0.003357
356.478000	-0.006256
356.478100	-0.000916
356.478200	0.004730
356.478300	-0.000916
356.478400	0.000916
356.478500	-0.002136
356.478600	0.000153
356.478700	0.002747
356.478800	0.000000
356.478900	0.003510
356.479000	0.003510
356.479100	0.001678
356.479200	0.002594
356.479300	0.000000
356.479400	0.002136
356.479500	0.004120
356.479600	0.005188
356.479700	0.002747
356.479800	-0.003052
356.479900	-0.005188
356.480000	-0.002289
356.480100	-0.004120
356.480200	-0.001221
356.480300	-0.001373
356.480400	-0.000610
356.480500	0.002594
356.480600	0.003052
356.480700	0.004883
356.480800	0.002441
356.480900	0.001221
356.481000	0.006866
356.481100	0.005341
356.481200	0.004425
356.481300	0.005493
356.481400	0.002594
356.481500	0.006561
356.481600	0.002136
356.481700	0.005493
356.481800	0.008240
356.481900	0.006409
356.482000	0.000763
356.482100	0.007782
356.482200	0.002289
356.482300	0.005493
356.482400	0.005341
356.482500	0.002441
356.482600	-0.000916
356.482700	0.003815
356.482800	0.006714
356.482900	0.001831
356.483000	-0.003510
356.483100	0.003357
356.483200	0.003967
356.483300	-0.001068
356.483400	-0.000610
356.483500	0.009460
356.483600	0.009003
356.483700	0.005798
356.483800	0.006104
356.483900	0.011444
356.484000	0.010681
356.484100	0.005798
356.484200	0.010834
356.484300	0.011444
356.484400	0.005493
356.484500	0.008850
356.484600	0.006714
356.484700	0.008240
356.484800	0.010986
356.484900	0.008850
356.485000	0.005951
356.485100	0.004272
356.485200	0.003204
356.485300	0.003357
356.485400	0.007935
356.485500	0.005798
356.485600	0.004883
356.485700	0.006714
356.485800	0.000610
356.485900	0.008545
356.486000	0.004425
356.486100	0.006866
356.486200	0.006104
356.486300	0.003815
356.486400	0.009155
356.486500	0.008698
356.486600	0.009460
356.486700	0.006866
356.486800	0.006866
356.486900	0.001526
356.487000	0.008087
356.487100	0.007477
356.487200	0.007629
356.487300	0.003510
356.487400	0.003204
356.487500	0.000610
356.487600	0.001831
356.487700	0.002747
356.487800	0.003510
356.487900	0.008087
356.488000	0.004578
356.488100	0.002441
356.488200	0.000305
356.488300	0.003967
356.488400	0.007324
356.488500	0.001526
356.488600	0.001068
356.488700	0.001984
356.488800	0.000458
356.488900	0.003967
356.489000	0.001068
356.489100	0.000305
356.489200	0.002441
356.489300	0.001678
356.489400	-0.001526
356.489500	0.000153
356.489600	0.004272
356.489700	0.002289
356.489800	-0.000458
356.489900	-0.003357
356.490000	-0.001221
356.490100	-0.001373
356.490200	-0.002441
356.490300	-0.003052
356.490400	0.001373
356.490500	0.000916
356.490600	-0.000610
356.490700	0.001831
356.490800	0.001831
356.490900	0.001373
356.491000	-0.003815
356.491100	0.002594
356.491200	-0.000916
356.491300	0.004272
356.491400	0.003510
356.491500	0.003204
356.491600	-0.003815
356.491700	-0.001373
356.491800	-0.008240
356.491900	-0.010986
356.492000	-0.012817
356.492100	-0.009918
356.492200	-0.010986
356.492300	-0.004730
356.492400	-0.009155
356.492500	-0.007629
356.492600	-0.011902
356.492700	-0.016479
356.492800	-0.016479
356.492900	-0.014648
356.493000	-0.007629
356.493100	-0.012360
356.493200	-0.012817
356.493300	-0.015564
356.493400	-0.011292
356.493500	-0.017548
356.493600	-0.016785
356.493700	-0.021362
356.493800	-0.024567
356.493900	-0.025482
356.494000	-0.022278
356.494100	-0.024414
356.494200	-0.026245
356.494300	-0.030670
356.494400	-0.032806
356.494500	-0.037231
356.494600	-0.035248
356.494700	-0.041656
356.494800	-0.048218
356.494900	-0.048523
356.495000	-0.052338
356.495100	-0.054932
356.495200	-0.057220
356.495300	-0.061798
356.495400	-0.065460
356.495500	-0.068359
356.495600	-0.071564
356.495700	-0.076294
356.495800	-0.076904
356.495900	-0.083008
356.496000	-0.087280
356.496100	-0.091095
356.496200	-0.100861
356.496300	-0.101318
356.496400	-0.109406
356.496500	-0.114746
356.496600	-0.127563
356.496700	-0.129089
356.496800	-0.136108
356.496900	-0.140076
356.497000	-0.144348
356.497100	-0.146179
356.497200	-0.156097
356.497300	-0.166321
356.497400	-0.172729
356.497500	-0.178833
356.497600	-0.187225
356.497700	-0.193176
356.497800	-0.196381
356.497900	-0.204620
356.498000	-0.208740
356.498100	-0.214233
356.498200	-0.224762
356.498300	-0.230408
356.498400	-0.237885
356.498500	-0.248871
356.498600	-0.253754
356.498700	-0.261230
356.498800	-0.273285
356.498900	-0.277863
356.499000	-0.280762
356.499100	-0.294189
356.499200	-0.304718
356.499300	-0.315704
356.499400	-0.320282
356.499500	-0.332336
356.499600	-0.336456
356.499700	-0.347595
356.499800	-0.355988
356.499900	-0.370483
356.500000	-0.369415
356.500100	-0.384521
356.500200	-0.395813
356.500300	-0.409698
356.500400	-0.419312
356.500500	-0.430603
356.500600	-0.436401
356.500700	-0.448761
356.500800	-0.457916
356.500900	-0.471802
356.501000	-0.476837
356.501100	-0.491638
356.501200	-0.504608
356.501300	-0.514374
356.501400	-0.523682
356.501500	-0.536194
356.501600	-0.552063
356.501700	-0.562439
356.501800	-0.577087
356.501900	-0.595551
356.502000	-0.605164
356.502100	-0.615234
356.502200	-0.628357
356.502300	-0.643005
356.502400	-0.653992
356.502500	-0.663910
356.502600	-0.675354
356.502700	-0.688171
356.502800	-0.702820
356.502900	-0.714264
356.503000	-0.726624
356.503100	-0.741425
356.503200	-0.753326
356.503300	-0.767212
356.503400	-0.774994
356.503500	-0.783844
356.503600	-0.798187
356.503700	-0.806274
356.503800	-0.817108
356.503900	-0.823669
356.504000	-0.834503
356.504100	-0.839996
356.504200	-0.843658
356.504300	-0.851746
356.504400	-0.852661
356.504500	-0.868073
356.504600	-0.867920
356.504700	-0.873871
356.504800	-0.870972
356.504900	-0.874176
356.505000	-0.875854
356.505100	-0.878143
356.505200	-0.877686
356.505300	-0.878296
356.505400	-0.872192
356.505500	-0.868988
356.505600	-0.865784
