198.090500	1.296387
198.090600	-0.195160
198.090700	-1.627045
198.090800	-2.754822
198.090900	-3.277435
198.091000	-3.356476
198.091100	-3.252411
198.091200	-2.952118
198.091300	-2.292938
198.091400	-1.473999
198.091500	-0.798645
198.091600	-0.346069
198.091700	-0.093689
198.091800	0.012665
198.091900	0.054779
198.092000	0.065460
198.092100	0.057678
198.092200	0.074310
198.092300	0.102692
198.092400	0.155487
198.092500	0.261230
198.092600	0.402679
198.092700	0.533752
198.092800	0.600739
198.092900	0.585022
198.093000	0.500793
198.093100	0.369873
198.093200	0.194702
198.093300	-0.000763
198.093400	-0.192871
198.093500	-0.357513
198.093600	-0.472412
198.093700	-0.552673
198.093800	-0.598602
198.093900	-0.586395
198.094000	-0.492554
198.094100	-0.321808
198.094200	-0.146179
198.094300	-0.037537
198.094400	0.025024
198.094500	0.043793
198.094600	0.047913
198.094700	0.049438
198.094800	0.058289
198.094900	0.064240
198.095000	0.067596
198.095100	0.070038
198.095200	0.062561
198.095300	0.060425
198.095400	0.065460
198.095500	0.065460
198.095600	0.066223
198.095700	0.070801
198.095800	0.070801
198.095900	0.072174
198.096000	0.072937
198.096100	0.071259
198.096200	0.066681
198.096300	0.072479
198.096400	0.079041
198.096500	0.076599
198.096600	0.064850
198.096700	0.060272
198.096800	0.055542
198.096900	0.041962
198.097000	0.034485
198.097100	0.033875
198.097200	0.032196
198.097300	0.033417
198.097400	0.032654
198.097500	0.041351
198.097600	0.039673
198.097700	0.047150
198.097800	0.042419
198.097900	0.044403
198.098000	0.054779
198.098100	0.073853
198.098200	0.118408
198.098300	0.199432
198.098400	0.343933
198.098500	0.519409
198.098600	0.643005
198.098700	0.677032
198.098800	0.638885
198.098900	0.547791
198.099000	0.385132
198.099100	0.146484
198.099200	-0.119019
198.099300	-0.352173
198.099400	-0.506744
198.099500	-0.602875
198.099600	-0.645905
198.099700	-0.632477
198.099800	-0.536346
198.099900	-0.371094
198.100000	-0.204163
198.100100	-0.077820
198.100200	-0.005798
198.100300	0.029144
198.100400	0.036163
198.100500	0.043335
198.100600	0.041962
198.100700	0.036163
198.100800	0.029602
198.100900	0.031433
198.101000	0.032654
198.101100	0.033264
198.101200	0.036774
198.101300	0.040741
198.101400	0.049591
198.101500	0.054626
198.101600	0.058746
198.101700	0.057526
198.101800	0.056000
198.101900	0.057983
198.102000	0.048523
198.102100	0.051575
198.102200	0.044250
198.102300	0.032654
198.102400	0.033417
198.102500	0.021362
198.102600	0.030212
198.102700	0.031281
198.102800	0.039062
198.102900	0.043640
198.103000	0.042725
198.103100	0.041656
198.103200	0.042725
198.103300	0.032196
198.103400	0.029297
198.103500	0.027924
198.103600	0.026398
198.103700	0.015411
198.103800	0.009766
198.103900	0.008240
198.104000	0.018311
198.104100	0.019226
198.104200	0.014648
198.104300	0.020599
198.104400	0.033112
198.104500	0.032654
198.104600	0.041199
198.104700	0.050049
198.104800	0.052032
198.104900	0.047760
198.105000	0.045166
198.105100	0.042267
198.105200	0.026398
198.105300	0.022278
198.105400	0.022125
198.105500	0.017853
198.105600	0.013275
198.105700	0.011139
198.105800	0.014801
198.105900	0.032806
198.106000	0.107117
198.106100	0.234680
198.106200	0.439453
198.106300	0.705566
198.106400	0.906219
198.106500	0.972443
198.106600	1.009216
198.106700	1.050262
198.106800	0.993195
198.106900	0.691833
198.107000	0.178375
198.107100	-0.369568
198.107200	-0.789337
198.107300	-1.013794
198.107400	-1.042480
198.107500	-1.013641
198.107600	-0.986938
198.107700	-0.927124
198.107800	-0.704346
198.107900	-0.452423
198.108000	-0.245361
198.108100	-0.103455
198.108200	-0.028076
198.108300	0.005646
198.108400	0.020142
198.108500	0.019379
198.108600	0.034637
198.108700	0.033875
198.108800	0.031433
198.108900	0.031281
198.109000	0.034485
198.109100	0.034027
198.109200	0.025940
198.109300	0.032349
198.109400	0.037842
198.109500	0.037231
198.109600	0.039215
198.109700	0.038300
198.109800	0.033417
198.109900	0.041504
198.110000	0.033569
198.110100	0.034943
198.110200	0.041351
198.110300	0.038300
198.110400	0.042877
198.110500	0.043945
198.110600	0.051270
198.110700	0.055389
198.110800	0.060577
198.110900	0.063477
198.111000	0.059509
198.111100	0.052643
198.111200	0.042877
198.111300	0.036774
198.111400	0.028076
198.111500	0.030060
198.111600	0.015717
198.111700	0.013275
198.111800	0.007019
198.111900	0.006561
198.112000	0.004578
198.112100	0.020599
198.112200	0.023346
198.112300	0.027924
198.112400	0.040741
198.112500	0.041046
198.112600	0.039978
198.112700	0.039673
198.112800	0.039825
198.112900	0.031891
198.113000	0.025940
198.113100	0.031281
198.113200	0.027161
198.113300	0.029297
198.113400	0.029755
198.113500	0.030823
198.113600	0.024872
198.113700	0.022736
198.113800	0.020294
198.113900	0.019531
198.114000	0.013733
198.114100	0.007019
198.114200	0.006561
198.114300	0.008850
198.114400	0.015717
198.114500	0.020294
198.114600	0.032501
198.114700	0.039215
198.114800	0.043335
198.114900	0.038757
198.115000	0.040741
198.115100	0.032349
198.115200	0.031891
198.115300	0.025024
198.115400	0.021362
198.115500	0.023956
198.115600	0.017548
198.115700	0.007935
198.115800	-0.000458
198.115900	0.000000
198.116000	0.000000
198.116100	0.005035
198.116200	0.001984
198.116300	0.005188
198.116400	0.004883
198.116500	0.015411
198.116600	0.013428
198.116700	0.008240
198.116800	0.012207
198.116900	0.012970
198.117000	0.008392
198.117100	0.019531
198.117200	0.027161
198.117300	0.032959
198.117400	0.043488
198.117500	0.052185
198.117600	0.047455
198.117700	0.062256
198.117800	0.087585
198.117900	0.144501
198.118000	0.232544
198.118100	0.335541
198.118200	0.432129
198.118300	0.516663
198.118400	0.575256
198.118500	0.561523
198.118600	0.458374
198.118700	0.275879
198.118800	0.047455
198.118900	-0.201569
198.119000	-0.407562
198.119100	-0.530548
198.119200	-0.541687
198.119300	-0.447235
198.119400	-0.232086
198.119500	0.048065
198.119600	0.340271
198.119700	0.562439
198.119800	0.700378
198.119900	0.709229
198.120000	0.581818
198.120100	0.357666
198.120200	0.071259
198.120300	-0.235901
198.120400	-0.506439
198.120500	-0.712585
198.120600	-0.842896
198.120700	-0.887146
198.120800	-0.856323
198.120900	-0.765228
198.121000	-0.604858
198.121100	-0.435486
198.121200	-0.260620
198.121300	-0.123291
198.121400	-0.039673
198.121500	0.001221
198.121600	0.024109
198.121700	0.044250
198.121800	0.046234
198.121900	0.051270
198.122000	0.056152
198.122100	0.057678
198.122200	0.059662
198.122300	0.064087
198.122400	0.066223
198.122500	0.054169
198.122600	0.062103
198.122700	0.058594
198.122800	0.049744
198.122900	0.045319
198.123000	0.038757
198.123100	0.032501
198.123200	0.034027
198.123300	0.025177
198.123400	0.025024
198.123500	0.021667
198.123600	0.013123
198.123700	0.012360
198.123800	0.021515
198.123900	0.022583
198.124000	0.019073
198.124100	0.026550
198.124200	0.026550
198.124300	0.025177
198.124400	0.028534
198.124500	0.035095
198.124600	0.036163
198.124700	0.032501
198.124800	0.032043
198.124900	0.036316
198.125000	0.041199
198.125100	0.030060
198.125200	0.037537
198.125300	0.033722
198.125400	0.043182
198.125500	0.039062
198.125600	0.052032
198.125700	0.060577
198.125800	0.074158
198.125900	0.071106
198.126000	0.073547
198.126100	0.073547
198.126200	0.060425
198.126300	0.055084
198.126400	0.049591
198.126500	0.033569
198.126600	0.019073
198.126700	0.007935
198.126800	0.000610
198.126900	-0.004425
198.127000	-0.003357
198.127100	-0.001373
198.127200	-0.007172
198.127300	-0.001526
198.127400	0.005951
198.127500	0.009918
198.127600	0.025482
198.127700	0.037079
198.127800	0.043182
198.127900	0.048218
198.128000	0.041962
198.128100	0.040588
198.128200	0.043793
198.128300	0.036469
198.128400	0.040283
198.128500	0.051727
198.128600	0.091400
198.128700	0.200348
198.128800	0.385895
198.128900	0.672913
198.129000	1.048126
198.129100	1.465149
198.129200	1.787567
198.129300	1.914978
198.129400	1.882629
198.129500	1.743774
198.129600	1.517029
198.129700	1.122437
198.129800	0.561981
198.129900	-0.064392
198.130000	-0.623779
198.130100	-1.125793
198.130200	-1.644287
198.130300	-1.886749
198.130400	-1.833496
198.130500	-1.483917
198.130600	-1.078186
198.130700	-0.318146
198.130800	0.238647
198.130900	0.683289
198.131000	0.950165
198.131100	0.909119
198.131200	0.515442
198.131300	-0.076752
198.131400	-0.669403
198.131500	-1.154175
198.131600	-1.455078
198.131700	-1.508331
198.131800	-1.425629
198.131900	-1.232605
198.132000	-0.906677
198.132100	-0.561829
198.132200	-0.294189
198.132300	-0.109100
198.132400	-0.012360
198.132500	0.030518
198.132600	0.045471
198.132700	0.046539
198.132800	0.052338
198.132900	0.046539
198.133000	0.053101
198.133100	0.042572
198.133200	0.050201
198.133300	0.042572
198.133400	0.039062
198.133500	0.037689
198.133600	0.031586
198.133700	0.034790
198.133800	0.043945
198.133900	0.047913
198.134000	0.043030
198.134100	0.042725
198.134200	0.047455
198.134300	0.047913
198.134400	0.046539
198.134500	0.053864
198.134600	0.046082
198.134700	0.046387
198.134800	0.048523
198.134900	0.043335
198.135000	0.045471
198.135100	0.049286
198.135200	0.048218
198.135300	0.050507
198.135400	0.048676
198.135500	0.046082
198.135600	0.053711
198.135700	0.048523
198.135800	0.046692
198.135900	0.049286
198.136000	0.054474
198.136100	0.059052
198.136200	0.060730
198.136300	0.062714
198.136400	0.067902
198.136500	0.058594
198.136600	0.061340
198.136700	0.060272
198.136800	0.052338
198.136900	0.044098
198.137000	0.043030
198.137100	0.032043
198.137200	0.020294
198.137300	0.020142
198.137400	0.014191
198.137500	0.019989
198.137600	0.026398
198.137700	0.060120
198.137800	0.133820
198.137900	0.267792
198.138000	0.467834
198.138100	0.697632
198.138200	0.883026
198.138300	0.984192
198.138400	0.994720
198.138500	0.892792
198.138600	0.683746
198.138700	0.366058
198.138800	-0.000610
198.138900	-0.358887
198.139000	-0.643616
198.139100	-0.830078
198.139200	-0.918427
198.139300	-0.900269
198.139400	-0.799866
198.139500	-0.633087
198.139600	-0.439453
198.139700	-0.252380
198.139800	-0.117645
198.139900	-0.045624
198.140000	-0.012207
198.140100	-0.010223
198.140200	-0.018005
198.140300	-0.024261
198.140400	-0.026855
198.140500	-0.023956
198.140600	-0.023499
198.140700	-0.017548
198.140800	-0.005646
198.140900	0.021515
198.141000	0.075073
198.141100	0.162048
198.141200	0.294037
198.141300	0.468903
198.141400	0.657654
198.141500	0.828247
198.141600	0.926819
198.141700	0.947571
198.141800	0.897675
198.141900	0.765381
198.142000	0.552368
198.142100	0.277710
198.142200	-0.021210
198.142300	-0.312195
198.142400	-0.572815
198.142500	-0.780792
198.142600	-0.921783
198.142700	-0.956116
198.142800	-0.916595
198.142900	-0.800171
198.143000	-0.641785
198.143100	-0.471649
198.143200	-0.287476
198.143300	-0.144501
198.143400	-0.047150
198.143500	0.010376
198.143600	0.036011
198.143700	0.043945
198.143800	0.056152
198.143900	0.053101
198.144000	0.055847
