45.719300	0.038910
45.719400	0.036316
45.719500	0.034180
45.719600	0.037689
45.719700	0.035553
45.719800	0.036469
45.719900	0.039520
45.720000	0.041199
45.720100	0.035400
45.720200	0.037537
45.720300	0.035400
45.720400	0.038910
45.720500	0.036621
45.720600	0.034027
45.720700	0.035248
45.720800	0.036163
45.720900	0.034943
45.721000	0.033875
45.721100	0.039673
45.721200	0.041809
45.721300	0.043488
45.721400	0.036926
45.721500	0.034332
45.721600	0.034943
45.721700	0.033569
45.721800	0.035400
45.721900	0.034180
45.722000	0.035553
45.722100	0.037231
45.722200	0.037079
45.722300	0.035553
45.722400	0.033264
45.722500	0.031586
45.722600	0.037384
45.722700	0.032196
45.722800	0.031891
45.722900	0.034027
45.723000	0.036469
45.723100	0.032806
45.723200	0.040436
45.723300	0.032501
45.723400	0.037537
45.723500	0.034637
45.723600	0.035400
45.723700	0.036774
45.723800	0.038757
45.723900	0.034332
45.724000	0.039215
45.724100	0.040283
45.724200	0.039520
45.724300	0.034943
45.724400	0.034180
45.724500	0.032196
45.724600	0.034790
45.724700	0.036774
45.724800	0.039520
45.724900	0.039368
45.725000	0.037079
45.725100	0.032043
45.725200	0.032806
45.725300	0.036469
45.725400	0.034485
45.725500	0.032043
45.725600	0.031128
45.725700	0.036774
45.725800	0.039673
45.725900	0.037384
45.726000	0.035095
45.726100	0.033875
45.726200	0.034790
45.726300	0.036469
45.726400	0.038147
45.726500	0.041656
45.726600	0.035553
45.726700	0.036316
45.726800	0.032196
45.726900	0.036774
45.727000	0.033722
45.727100	0.042114
45.727200	0.036316
45.727300	0.036163
45.727400	0.037842
45.727500	0.035553
45.727600	0.038605
45.727700	0.036621
45.727800	0.037537
45.727900	0.043640
45.728000	0.039215
45.728100	0.034332
45.728200	0.027924
45.728300	0.029297
45.728400	0.032654
45.728500	0.037689
45.728600	0.040436
45.728700	0.034790
45.728800	0.034332
45.728900	0.038605
45.729000	0.037842
45.729100	0.031281
45.729200	0.031433
45.729300	0.034943
45.729400	0.038147
45.729500	0.039062
45.729600	0.042267
45.729700	0.041046
45.729800	0.036316
45.729900	0.041504
45.730000	0.040741
45.730100	0.036621
45.730200	0.031891
45.730300	0.038452
45.730400	0.039825
45.730500	0.036621
45.730600	0.036316
45.730700	0.036774
45.730800	0.039673
45.730900	0.034332
45.731000	0.032654
45.731100	0.031128
45.731200	0.033722
45.731300	0.034180
45.731400	0.036621
45.731500	0.034180
45.731600	0.035858
45.731700	0.039520
45.731800	0.037842
45.731900	0.037384
45.732000	0.041504
45.732100	0.038452
45.732200	0.035553
45.732300	0.037994
45.732400	0.038452
45.732500	0.036316
45.732600	0.037842
45.732700	0.036316
45.732800	0.036774
45.732900	0.037079
45.733000	0.035248
45.733100	0.036011
45.733200	0.035553
45.733300	0.037842
45.733400	0.037231
45.733500	0.037842
45.733600	0.037842
45.733700	0.039520
45.733800	0.036011
45.733900	0.037994
45.734000	0.033722
45.734100	0.039215
45.734200	0.036621
45.734300	0.033569
45.734400	0.040588
45.734500	0.036774
45.734600	0.037537
45.734700	0.033875
45.734800	0.035400
45.734900	0.033722
45.735000	0.039215
45.735100	0.032654
45.735200	0.036163
45.735300	0.033569
45.735400	0.031738
45.735500	0.032349
45.735600	0.036926
45.735700	0.036926
45.735800	0.035553
45.735900	0.037842
45.736000	0.037994
45.736100	0.032501
45.736200	0.036163
45.736300	0.033264
45.736400	0.032349
45.736500	0.033264
45.736600	0.033417
45.736700	0.034332
45.736800	0.037079
45.736900	0.036774
45.737000	0.037537
45.737100	0.035248
45.737200	0.033264
45.737300	0.033875
45.737400	0.037842
45.737500	0.038605
45.737600	0.039062
45.737700	0.039215
45.737800	0.036163
45.737900	0.039368
45.738000	0.034637
45.738100	0.035553
45.738200	0.034180
45.738300	0.034943
45.738400	0.034180
45.738500	0.038300
45.738600	0.037384
45.738700	0.040283
45.738800	0.036621
45.738900	0.035858
45.739000	0.041809
45.739100	0.035553
45.739200	0.040588
45.739300	0.040436
45.739400	0.041656
45.739500	0.036774
45.739600	0.041962
45.739700	0.044708
45.739800	0.042419
45.739900	0.039062
45.740000	0.038605
45.740100	0.040894
45.740200	0.040436
45.740300	0.036621
45.740400	0.041656
45.740500	0.039978
45.740600	0.039368
45.740700	0.036163
45.740800	0.037231
45.740900	0.034637
45.741000	0.037384
45.741100	0.039520
45.741200	0.036621
45.741300	0.038147
45.741400	0.039215
45.741500	0.037231
45.741600	0.037231
45.741700	0.037537
45.741800	0.038452
45.741900	0.040436
45.742000	0.043030
45.742100	0.034637
45.742200	0.035553
45.742300	0.036926
45.742400	0.038452
45.742500	0.040741
45.742600	0.037994
45.742700	0.034332
45.742800	0.038757
45.742900	0.037537
45.743000	0.043182
45.743100	0.038605
45.743200	0.042572
45.743300	0.032501
45.743400	0.035400
45.743500	0.030823
45.743600	0.033875
45.743700	0.036011
45.743800	0.036163
45.743900	0.038147
45.744000	0.040894
45.744100	0.034943
45.744200	0.034790
45.744300	0.034790
45.744400	0.038147
45.744500	0.036926
45.744600	0.035706
45.744700	0.042267
45.744800	0.039062
45.744900	0.038300
45.745000	0.038605
45.745100	0.037384
45.745200	0.032043
45.745300	0.034332
45.745400	0.030518
45.745500	0.030518
45.745600	0.036163
45.745700	0.036316
45.745800	0.037689
45.745900	0.038605
45.746000	0.037689
45.746100	0.036011
45.746200	0.034027
45.746300	0.037231
45.746400	0.041962
45.746500	0.038605
45.746600	0.037689
45.746700	0.039215
45.746800	0.039062
45.746900	0.036316
45.747000	0.037231
45.747100	0.038147
45.747200	0.032501
45.747300	0.032349
45.747400	0.034332
45.747500	0.030518
45.747600	0.034790
45.747700	0.037842
45.747800	0.035248
45.747900	0.035553
45.748000	0.031891
45.748100	0.034943
45.748200	0.037994
45.748300	0.037079
45.748400	0.038757
45.748500	0.040588
45.748600	0.040131
45.748700	0.036011
45.748800	0.033875
45.748900	0.034943
45.749000	0.037689
45.749100	0.035553
45.749200	0.036316
45.749300	0.038300
45.749400	0.038452
45.749500	0.039062
45.749600	0.035400
45.749700	0.034790
45.749800	0.034637
45.749900	0.035706
45.750000	0.038452
45.750100	0.037842
45.750200	0.036011
45.750300	0.034180
45.750400	0.033264
45.750500	0.034027
45.750600	0.037231
45.750700	0.039978
45.750800	0.039215
45.750900	0.038147
45.751000	0.032654
45.751100	0.037231
45.751200	0.033264
45.751300	0.034027
45.751400	0.037537
45.751500	0.035553
45.751600	0.034180
45.751700	0.034943
45.751800	0.036163
45.751900	0.037842
45.752000	0.034485
45.752100	0.038147
45.752200	0.036316
45.752300	0.036469
45.752400	0.037537
45.752500	0.036774
45.752600	0.036774
45.752700	0.033264
45.752800	0.033875
45.752900	0.039062
45.753000	0.037994
45.753100	0.036316
45.753200	0.033569
45.753300	0.039215
45.753400	0.034790
45.753500	0.036316
45.753600	0.037079
45.753700	0.038147
45.753800	0.037537
45.753900	0.031738
45.754000	0.033264
45.754100	0.036469
45.754200	0.036774
45.754300	0.040588
45.754400	0.038757
45.754500	0.036011
45.754600	0.034485
45.754700	0.035553
45.754800	0.034027
45.754900	0.037231
45.755000	0.039520
45.755100	0.036011
45.755200	0.037537
45.755300	0.041504
45.755400	0.044861
45.755500	0.040894
45.755600	0.037842
45.755700	0.038147
45.755800	0.037384
45.755900	0.035095
45.756000	0.039062
45.756100	0.039520
45.756200	0.033875
45.756300	0.037537
45.756400	0.038300
45.756500	0.037537
45.756600	0.033112
45.756700	0.035706
45.756800	0.029144
45.756900	0.034637
45.757000	0.036011
45.757100	0.036774
45.757200	0.036163
45.757300	0.037537
45.757400	0.041504
45.757500	0.035553
45.757600	0.030060
45.757700	0.031586
45.757800	0.034485
45.757900	0.037994
45.758000	0.032196
45.758100	0.034943
45.758200	0.032959
45.758300	0.037231
45.758400	0.034637
45.758500	0.029297
45.758600	0.035095
45.758700	0.038300
45.758800	0.035553
45.758900	0.035553
45.759000	0.036316
45.759100	0.037384
45.759200	0.037079
45.759300	0.033264
45.759400	0.035095
45.759500	0.035400
45.759600	0.034180
45.759700	0.043182
45.759800	0.034637
45.759900	0.039215
45.760000	0.038147
45.760100	0.037689
45.760200	0.038757
45.760300	0.036621
45.760400	0.034790
45.760500	0.033875
45.760600	0.030670
45.760700	0.038910
45.760800	0.037689
45.760900	0.036316
45.761000	0.034485
45.761100	0.036163
45.761200	0.037384
45.761300	0.040131
45.761400	0.038757
45.761500	0.033112
45.761600	0.033112
45.761700	0.036011
45.761800	0.033417
45.761900	0.032349
45.762000	0.033722
45.762100	0.036163
45.762200	0.033417
45.762300	0.039825
45.762400	0.034485
45.762500	0.033264
45.762600	0.035095
45.762700	0.034180
45.762800	0.028839
45.762900	0.036774
45.763000	0.037384
45.763100	0.037537
45.763200	0.039673
45.763300	0.037231
45.763400	0.038147
45.763500	0.036926
45.763600	0.033875
45.763700	0.039062
45.763800	0.038300
45.763900	0.034180
45.764000	0.032959
45.764100	0.031586
45.764200	0.036621
45.764300	0.033264
45.764400	0.030365
45.764500	0.035706
45.764600	0.033722
45.764700	0.032196
45.764800	0.033264
45.764900	0.030823
45.765000	0.036926
45.765100	0.036774
45.765200	0.036774
45.765300	0.035095
45.765400	0.035706
45.765500	0.035553
45.765600	0.035706
45.765700	0.035706
45.765800	0.033722
45.765900	0.038910
45.766000	0.036011
45.766100	0.036926
45.766200	0.038757
45.766300	0.035400
45.766400	0.038910
45.766500	0.040894
45.766600	0.036469
45.766700	0.038452
45.766800	0.037231
45.766900	0.033875
45.767000	0.033569
45.767100	0.039520
45.767200	0.037689
45.767300	0.039368
45.767400	0.042725
45.767500	0.037079
45.767600	0.035553
45.767700	0.036316
45.767800	0.037842
45.767900	0.037689
45.768000	0.035858
45.768100	0.040131
45.768200	0.038147
45.768300	0.035858
45.768400	0.034943
45.768500	0.032959
45.768600	0.033722
45.768700	0.033875
45.768800	0.033722
45.768900	0.032349
45.769000	0.036163
45.769100	0.038757
45.769200	0.037079
45.769300	0.039215
45.769400	0.032654
45.769500	0.036163
45.769600	0.034485
45.769700	0.034027
45.769800	0.034943
45.769900	0.037384
45.770000	0.037842
45.770100	0.040436
45.770200	0.039368
45.770300	0.036316
45.770400	0.032196
45.770500	0.034180
45.770600	0.035095
45.770700	0.032043
45.770800	0.031281
45.770900	0.036774
45.771000	0.034332
45.771100	0.035553
45.771200	0.037689
45.771300	0.037537
45.771400	0.036011
45.771500	0.034943
45.771600	0.036926
45.771700	0.040283
45.771800	0.037842
45.771900	0.040131
45.772000	0.034943
45.772100	0.035706
45.772200	0.035400
45.772300	0.034027
45.772400	0.035706
45.772500	0.039062
45.772600	0.042419
45.772700	0.037537
45.772800	0.037842
