17.610500	0.035095
17.610600	0.037079
17.610700	0.038757
17.610800	0.035095
17.610900	0.036163
17.611000	0.032806
17.611100	0.038452
17.611200	0.032959
17.611300	0.035706
17.611400	0.034332
17.611500	0.036926
17.611600	0.035248
17.611700	0.034790
17.611800	0.037689
17.611900	0.036621
17.612000	0.035400
17.612100	0.035706
17.612200	0.029297
17.612300	0.034332
17.612400	0.034485
17.612500	0.036163
17.612600	0.035858
17.612700	0.039673
17.612800	0.042267
17.612900	0.038605
17.613000	0.040436
17.613100	0.037994
17.613200	0.033112
17.613300	0.037537
17.613400	0.029602
17.613500	0.036316
17.613600	0.035858
17.613700	0.037384
17.613800	0.038910
17.613900	0.037842
17.614000	0.034332
17.614100	0.032806
17.614200	0.034332
17.614300	0.034332
17.614400	0.036316
17.614500	0.031433
17.614600	0.037537
17.614700	0.033569
17.614800	0.036163
17.614900	0.034790
17.615000	0.032043
17.615100	0.030212
17.615200	0.034943
17.615300	0.037842
17.615400	0.036469
17.615500	0.035400
17.615600	0.038147
17.615700	0.037231
17.615800	0.032959
17.615900	0.039215
17.616000	0.042114
17.616100	0.040741
17.616200	0.041962
17.616300	0.043182
17.616400	0.035400
17.616500	0.033417
17.616600	0.036316
17.616700	0.035400
17.616800	0.036926
17.616900	0.032196
17.617000	0.038605
17.617100	0.033264
17.617200	0.037384
17.617300	0.031891
17.617400	0.037079
17.617500	0.032806
17.617600	0.034790
17.617700	0.037231
17.617800	0.031281
17.617900	0.036469
17.618000	0.033112
17.618100	0.036469
17.618200	0.033722
17.618300	0.037231
17.618400	0.035706
17.618500	0.039215
17.618600	0.044708
17.618700	0.036163
17.618800	0.036774
17.618900	0.035400
17.619000	0.035858
17.619100	0.037384
17.619200	0.031586
17.619300	0.031433
17.619400	0.035553
17.619500	0.034180
17.619600	0.036774
17.619700	0.036163
17.619800	0.037079
17.619900	0.039215
17.620000	0.035400
17.620100	0.036926
17.620200	0.032959
17.620300	0.037384
17.620400	0.035095
17.620500	0.030975
17.620600	0.030212
17.620700	0.031433
17.620800	0.036774
17.620900	0.034332
17.621000	0.033264
17.621100	0.035248
17.621200	0.034943
17.621300	0.039673
17.621400	0.037384
17.621500	0.036926
17.621600	0.033264
17.621700	0.037842
17.621800	0.037231
17.621900	0.033875
17.622000	0.034485
17.622100	0.035095
17.622200	0.032196
17.622300	0.032349
17.622400	0.037231
17.622500	0.039520
17.622600	0.036011
17.622700	0.033875
17.622800	0.037689
17.622900	0.039673
17.623000	0.037079
17.623100	0.037537
17.623200	0.033569
17.623300	0.029907
17.623400	0.036316
17.623500	0.033569
17.623600	0.036469
17.623700	0.038147
17.623800	0.036621
17.623900	0.035095
17.624000	0.034180
17.624100	0.036469
17.624200	0.035248
17.624300	0.033875
17.624400	0.032043
17.624500	0.032959
17.624600	0.033875
17.624700	0.036011
17.624800	0.035858
17.624900	0.036316
17.625000	0.033112
17.625100	0.039825
17.625200	0.034943
17.625300	0.037384
17.625400	0.034180
17.625500	0.035095
17.625600	0.037689
17.625700	0.035858
17.625800	0.035706
17.625900	0.036163
17.626000	0.035248
17.626100	0.034790
17.626200	0.034027
17.626300	0.032501
17.626400	0.037384
17.626500	0.035858
17.626600	0.031891
17.626700	0.035095
17.626800	0.031433
17.626900	0.038605
17.627000	0.036011
17.627100	0.034332
17.627200	0.030365
17.627300	0.034332
17.627400	0.038605
17.627500	0.039368
17.627600	0.036163
17.627700	0.036163
17.627800	0.036926
17.627900	0.041504
17.628000	0.038605
17.628100	0.037842
17.628200	0.036316
17.628300	0.040588
17.628400	0.036316
17.628500	0.038605
17.628600	0.036163
17.628700	0.035706
17.628800	0.033875
17.628900	0.034637
17.629000	0.031586
17.629100	0.032654
17.629200	0.034180
17.629300	0.039062
17.629400	0.034485
17.629500	0.034943
17.629600	0.034790
17.629700	0.035553
17.629800	0.038147
17.629900	0.036926
17.630000	0.036621
17.630100	0.036011
17.630200	0.036011
17.630300	0.039368
17.630400	0.033112
17.630500	0.035400
17.630600	0.032959
17.630700	0.040741
17.630800	0.041962
17.630900	0.036011
17.631000	0.035553
17.631100	0.037231
17.631200	0.036011
17.631300	0.039215
17.631400	0.038757
17.631500	0.037842
17.631600	0.034943
17.631700	0.032501
17.631800	0.027008
17.631900	0.033722
17.632000	0.036774
17.632100	0.035095
17.632200	0.034027
17.632300	0.037384
17.632400	0.034332
17.632500	0.034180
17.632600	0.039215
17.632700	0.037231
17.632800	0.034180
17.632900	0.037842
17.633000	0.039825
17.633100	0.037842
17.633200	0.038605
17.633300	0.034637
17.633400	0.036316
17.633500	0.035553
17.633600	0.038605
17.633700	0.037842
17.633800	0.039673
17.633900	0.033569
17.634000	0.035095
17.634100	0.034943
17.634200	0.037537
17.634300	0.037231
17.634400	0.037079
17.634500	0.037689
17.634600	0.039673
17.634700	0.038910
17.634800	0.034027
17.634900	0.035095
17.635000	0.035095
17.635100	0.032043
17.635200	0.035858
17.635300	0.037842
17.635400	0.041656
17.635500	0.040894
17.635600	0.035553
17.635700	0.034180
17.635800	0.034943
17.635900	0.033722
17.636000	0.034485
17.636100	0.033112
17.636200	0.037384
17.636300	0.033569
17.636400	0.037079
17.636500	0.038605
17.636600	0.038605
17.636700	0.039062
17.636800	0.033112
17.636900	0.037079
17.637000	0.039825
17.637100	0.034180
17.637200	0.039673
17.637300	0.036621
17.637400	0.028992
17.637500	0.034027
17.637600	0.033569
17.637700	0.037994
17.637800	0.035706
17.637900	0.034332
17.638000	0.028229
17.638100	0.033264
17.638200	0.042114
17.638300	0.038147
17.638400	0.033417
17.638500	0.036011
17.638600	0.033569
17.638700	0.034943
17.638800	0.033264
17.638900	0.035706
17.639000	0.037842
17.639100	0.035400
17.639200	0.036011
17.639300	0.031128
17.639400	0.034332
17.639500	0.034790
17.639600	0.033875
17.639700	0.033417
17.639800	0.036926
17.639900	0.032349
17.640000	0.033417
17.640100	0.038910
17.640200	0.040283
17.640300	0.037842
17.640400	0.036926
17.640500	0.035706
17.640600	0.038757
17.640700	0.034943
17.640800	0.031738
17.640900	0.030212
17.641000	0.036621
17.641100	0.032654
17.641200	0.028687
17.641300	0.035400
17.641400	0.040894
17.641500	0.036469
17.641600	0.035095
17.641700	0.034332
17.641800	0.036774
17.641900	0.040436
17.642000	0.036621
17.642100	0.035248
17.642200	0.032196
17.642300	0.034485
17.642400	0.037231
17.642500	0.041199
17.642600	0.039062
17.642700	0.036469
17.642800	0.032501
17.642900	0.037079
17.643000	0.034637
17.643100	0.034485
17.643200	0.036774
17.643300	0.038605
17.643400	0.036926
17.643500	0.036621
17.643600	0.043640
17.643700	0.036469
17.643800	0.037384
17.643900	0.033112
17.644000	0.031433
17.644100	0.037994
17.644200	0.040283
17.644300	0.037842
17.644400	0.034943
17.644500	0.036621
17.644600	0.034790
17.644700	0.036621
17.644800	0.030670
17.644900	0.035095
17.645000	0.039368
17.645100	0.032806
17.645200	0.037231
17.645300	0.035858
17.645400	0.037537
17.645500	0.038300
17.645600	0.039673
17.645700	0.037842
17.645800	0.036316
17.645900	0.041199
17.646000	0.038147
17.646100	0.036621
17.646200	0.036316
17.646300	0.035553
17.646400	0.034332
17.646500	0.032043
17.646600	0.038300
17.646700	0.036774
17.646800	0.037689
17.646900	0.039825
17.647000	0.034790
17.647100	0.036469
17.647200	0.033875
17.647300	0.033569
17.647400	0.036011
17.647500	0.036926
17.647600	0.035706
17.647700	0.035858
17.647800	0.036621
17.647900	0.040588
17.648000	0.040131
17.648100	0.039673
17.648200	0.038300
17.648300	0.035248
17.648400	0.038147
17.648500	0.032349
17.648600	0.038452
17.648700	0.037689
17.648800	0.036774
17.648900	0.033722
17.649000	0.038452
17.649100	0.036926
17.649200	0.034637
17.649300	0.037994
17.649400	0.041199
17.649500	0.038452
17.649600	0.035400
17.649700	0.035248
17.649800	0.032196
17.649900	0.033722
17.650000	0.037842
17.650100	0.038147
17.650200	0.038605
17.650300	0.037079
17.650400	0.036469
17.650500	0.039062
17.650600	0.035706
17.650700	0.034485
17.650800	0.034790
17.650900	0.032196
17.651000	0.030365
17.651100	0.034332
17.651200	0.033722
17.651300	0.036621
17.651400	0.035553
17.651500	0.037079
17.651600	0.035706
17.651700	0.035706
17.651800	0.030823
17.651900	0.035400
17.652000	0.036621
17.652100	0.035858
17.652200	0.031891
17.652300	0.036621
17.652400	0.038452
17.652500	0.037842
17.652600	0.036163
17.652700	0.038757
17.652800	0.037537
17.652900	0.036926
17.653000	0.035248
17.653100	0.034790
17.653200	0.031738
17.653300	0.031891
17.653400	0.036011
17.653500	0.036774
17.653600	0.035248
17.653700	0.035706
17.653800	0.033112
17.653900	0.032959
17.654000	0.036316
17.654100	0.037384
17.654200	0.038757
17.654300	0.039062
17.654400	0.038300
17.654500	0.035400
17.654600	0.034027
17.654700	0.037842
17.654800	0.040894
17.654900	0.034943
17.655000	0.034180
17.655100	0.036163
17.655200	0.041656
17.655300	0.037079
17.655400	0.037689
17.655500	0.034027
17.655600	0.034943
17.655700	0.032654
17.655800	0.033722
17.655900	0.035706
17.656000	0.038757
17.656100	0.035553
17.656200	0.036316
17.656300	0.032349
17.656400	0.031586
17.656500	0.037537
17.656600	0.037994
17.656700	0.036163
17.656800	0.037231
17.656900	0.035400
17.657000	0.034485
17.657100	0.037384
17.657200	0.036316
17.657300	0.041046
17.657400	0.033264
17.657500	0.035553
17.657600	0.037994
17.657700	0.037537
17.657800	0.035706
17.657900	0.038910
17.658000	0.036621
17.658100	0.037842
17.658200	0.036011
17.658300	0.035553
17.658400	0.037537
17.658500	0.034180
17.658600	0.037537
17.658700	0.038757
17.658800	0.033722
17.658900	0.036621
17.659000	0.034027
17.659100	0.036926
17.659200	0.035858
17.659300	0.031128
17.659400	0.032806
17.659500	0.034332
17.659600	0.036163
17.659700	0.034180
17.659800	0.032654
17.659900	0.034485
17.660000	0.039215
17.660100	0.036621
17.660200	0.040894
17.660300	0.036163
17.660400	0.037079
17.660500	0.034943
17.660600	0.033875
17.660700	0.040131
17.660800	0.041199
17.660900	0.035095
17.661000	0.034027
17.661100	0.035706
17.661200	0.034332
17.661300	0.037384
17.661400	0.032654
17.661500	0.033264
17.661600	0.034943
17.661700	0.036926
17.661800	0.036316
17.661900	0.029449
17.662000	0.041046
17.662100	0.032043
17.662200	0.028992
17.662300	0.038300
17.662400	0.033112
17.662500	0.038300
17.662600	0.035095
17.662700	0.041351
17.662800	0.035553
17.662900	0.039062
17.663000	0.036011
17.663100	0.036469
17.663200	0.041199
17.663300	0.035706
17.663400	0.041809
17.663500	0.034790
17.663600	0.038757
17.663700	0.038757
17.663800	0.037079
17.663900	0.037537
17.664000	0.039673
