408.061700	-0.003052
408.061800	0.003662
408.061900	-0.003662
408.062000	0.001526
408.062100	0.016327
408.062200	0.020294
408.062300	0.032501
408.062400	0.037384
408.062500	0.034180
408.062600	0.033569
408.062700	0.037994
408.062800	0.037689
408.062900	0.037079
408.063000	0.040131
408.063100	0.032043
408.063200	0.037231
408.063300	0.029907
408.063400	0.029907
408.063500	0.029602
408.063600	0.034180
408.063700	0.043182
408.063800	0.037537
408.063900	0.042725
408.064000	0.041046
408.064100	0.036926
408.064200	0.040588
408.064300	0.045166
408.064400	0.039825
408.064500	0.042725
408.064600	0.039215
408.064700	0.041504
408.064800	0.042877
408.064900	0.046997
408.065000	0.047913
408.065100	0.048828
408.065200	0.056458
408.065300	0.063477
408.065400	0.059357
408.065500	0.066986
408.065600	0.094910
408.065700	0.145111
408.065800	0.231628
408.065900	0.359039
408.066000	0.532837
408.066100	0.798950
408.066200	1.107330
408.066300	1.356201
408.066400	1.471252
408.066500	1.515808
408.066600	1.549225
408.066700	1.587982
408.066800	1.601562
408.066900	1.478882
408.067000	1.123657
408.067100	0.623627
408.067200	0.071106
408.067300	-0.481567
408.067400	-0.982513
408.067500	-1.457214
408.067600	-1.696167
408.067700	-1.750946
408.067800	-1.728363
408.067900	-1.677399
408.068000	-1.642609
408.068100	-1.593933
408.068200	-1.427307
408.068300	-1.204529
408.068400	-0.794983
408.068500	-0.520477
408.068600	-0.301514
408.068700	-0.133667
408.068800	-0.019379
408.068900	0.042572
408.069000	0.068054
408.069100	0.078430
408.069200	0.080261
408.069300	0.090485
408.069400	0.090942
408.069500	0.083466
408.069600	0.082703
408.069700	0.073853
408.069800	0.073700
408.069900	0.073547
408.070000	0.066681
408.070100	0.069122
408.070200	0.066986
408.070300	0.064697
408.070400	0.064087
408.070500	0.059204
408.070600	0.061951
408.070700	0.061951
408.070800	0.056763
408.070900	0.055237
408.071000	0.055542
408.071100	0.057526
408.071200	0.050354
408.071300	0.049744
408.071400	0.056458
408.071500	0.054169
408.071600	0.060425
408.071700	0.052185
408.071800	0.051727
408.071900	0.052643
408.072000	0.057373
408.072100	0.056763
408.072200	0.059052
408.072300	0.069427
408.072400	0.081329
408.072500	0.095825
408.072600	0.114746
408.072700	0.126038
408.072800	0.137329
408.072900	0.139771
408.073000	0.139160
408.073100	0.130310
408.073200	0.116425
408.073300	0.101624
408.073400	0.076447
408.073500	0.042877
408.073600	0.014038
408.073700	-0.017395
408.073800	-0.029602
408.073900	-0.044861
408.074000	-0.051422
408.074100	-0.048065
408.074200	-0.043030
408.074300	-0.037537
408.074400	-0.020294
408.074500	0.027313
408.074600	0.091705
408.074700	0.195618
408.074800	0.356903
408.074900	0.583191
408.075000	0.882721
408.075100	1.261444
408.075200	1.682434
408.075300	2.069702
408.075400	2.332306
408.075500	2.384186
408.075600	2.302856
408.075700	2.193298
408.075800	2.067871
408.075900	1.886292
408.076000	1.614227
408.076100	1.236115
408.076200	0.768280
408.076300	0.172119
408.076400	-0.496216
408.076500	-1.089783
408.076600	-1.698303
408.076700	-2.066345
408.076800	-2.229309
408.076900	-2.243805
408.077000	-2.194519
408.077100	-2.120209
408.077200	-2.051544
408.077300	-1.959534
408.077400	-1.766663
408.077500	-1.443634
408.077600	-1.208801
408.077700	-0.733032
408.077800	-0.471802
408.077900	-0.265503
408.078000	-0.109558
408.078100	-0.023499
408.078200	0.026398
408.078300	0.041962
408.078400	0.059052
408.078500	0.055084
408.078600	0.065613
408.078700	0.071716
408.078800	0.075378
408.078900	0.078735
408.079000	0.077667
408.079100	0.074615
408.079200	0.077515
408.079300	0.072327
408.079400	0.073547
408.079500	0.085449
408.079600	0.088196
408.079700	0.103302
408.079800	0.110474
408.079900	0.120544
408.080000	0.135193
408.080100	0.154724
408.080200	0.165253
408.080300	0.173645
408.080400	0.169830
408.080500	0.158691
408.080600	0.135040
408.080700	0.125580
408.080800	0.114136
408.080900	0.098114
408.081000	0.070190
408.081100	0.042572
408.081200	0.023804
408.081300	-0.004120
408.081400	-0.024719
408.081500	-0.035858
408.081600	-0.049438
408.081700	-0.052338
408.081800	-0.050354
408.081900	-0.055695
408.082000	-0.049438
408.082100	-0.041656
408.082200	-0.024567
408.082300	-0.014496
408.082400	0.000916
408.082500	0.009918
408.082600	0.032349
408.082700	0.050659
408.082800	0.060577
408.082900	0.072937
408.083000	0.070038
408.083100	0.071869
408.083200	0.068512
408.083300	0.071106
408.083400	0.072479
408.083500	0.075226
408.083600	0.077972
408.083700	0.072632
408.083800	0.070343
408.083900	0.070801
408.084000	0.077820
408.084100	0.105438
408.084200	0.165710
408.084300	0.262451
408.084400	0.396881
408.084500	0.593109
408.084600	0.830383
408.084700	1.009369
408.084800	1.101227
408.084900	1.134796
408.085000	1.153412
408.085100	1.169128
408.085200	1.128845
408.085300	0.956116
408.085400	0.634613
408.085500	0.246124
408.085600	-0.171204
408.085700	-0.563202
408.085800	-0.900879
408.085900	-1.142426
408.086000	-1.179199
408.086100	-1.238098
408.086200	-1.211853
408.086300	-1.191254
408.086400	-1.191406
408.086500	-1.022644
408.086600	-0.800018
408.086700	-0.557556
408.086800	-0.353699
408.086900	-0.191650
408.087000	-0.081024
408.087100	-0.004120
408.087200	0.032959
408.087300	0.048370
408.087400	0.052185
408.087500	0.052948
408.087600	0.058136
408.087700	0.063477
408.087800	0.067749
408.087900	0.069885
408.088000	0.078583
408.088100	0.084229
408.088200	0.079498
408.088300	0.080109
408.088400	0.074615
408.088500	0.066071
408.088600	0.069733
408.088700	0.068207
408.088800	0.068359
408.088900	0.060272
408.089000	0.059357
408.089100	0.052338
408.089200	0.056610
408.089300	0.055847
408.089400	0.057373
408.089500	0.051880
408.089600	0.049591
408.089700	0.044556
408.089800	0.045776
408.089900	0.046082
408.090000	0.053558
408.090100	0.056763
408.090200	0.062256
408.090300	0.065155
408.090400	0.060120
408.090500	0.062256
408.090600	0.058594
408.090700	0.057678
408.090800	0.054016
408.090900	0.057220
408.091000	0.056152
408.091100	0.052490
408.091200	0.057526
408.091300	0.057220
408.091400	0.053864
408.091500	0.056152
408.091600	0.052490
408.091700	0.056763
408.091800	0.058136
408.091900	0.059052
408.092000	0.051270
408.092100	0.049133
408.092200	0.055389
408.092300	0.048828
408.092400	0.052490
408.092500	0.046082
408.092600	0.044098
408.092700	0.042114
408.092800	0.036774
408.092900	0.039978
408.093000	0.037079
408.093100	0.043640
408.093200	0.040741
408.093300	0.040436
408.093400	0.039368
408.093500	0.045013
408.093600	0.048218
408.093700	0.061035
408.093800	0.074158
408.093900	0.075378
408.094000	0.086365
408.094100	0.098877
408.094200	0.105743
408.094300	0.106201
408.094400	0.087738
408.094500	0.072632
408.094600	0.068054
408.094700	0.065460
408.094800	0.060730
408.094900	0.063629
408.095000	0.055695
408.095100	0.057983
408.095200	0.062408
408.095300	0.071259
408.095400	0.081329
408.095500	0.080872
408.095600	0.072479
408.095700	0.067139
408.095800	0.065002
408.095900	0.073547
408.096000	0.081787
408.096100	0.091705
408.096200	0.088959
408.096300	0.098572
408.096400	0.099335
408.096500	0.086975
408.096600	0.070190
408.096700	0.058289
408.096800	0.036316
408.096900	0.008087
408.097000	-0.017700
408.097100	-0.043945
408.097200	-0.064240
408.097300	-0.069885
408.097400	-0.077667
408.097500	-0.078278
408.097600	-0.080414
408.097700	-0.075836
408.097800	-0.055389
408.097900	-0.030823
408.098000	-0.008850
408.098100	0.011292
408.098200	0.023804
408.098300	0.029755
408.098400	0.034180
408.098500	0.039825
408.098600	0.041962
408.098700	0.041199
408.098800	0.042114
408.098900	0.048218
408.099000	0.038147
408.099100	0.034637
408.099200	0.039520
408.099300	0.041199
408.099400	0.040283
408.099500	0.048370
408.099600	0.061951
408.099700	0.098572
408.099800	0.164337
408.099900	0.271606
408.100000	0.420380
408.100100	0.597687
408.100200	0.752106
408.100300	0.841064
408.100400	0.852661
408.100500	0.813599
408.100600	0.731506
408.100700	0.600128
408.100800	0.425568
408.100900	0.207214
408.101000	-0.031281
408.101100	-0.273437
408.101200	-0.466919
408.101300	-0.612793
408.101400	-0.708313
408.101500	-0.775757
408.101600	-0.809326
408.101700	-0.801086
408.101800	-0.743256
408.101900	-0.612793
408.102000	-0.448456
408.102100	-0.280151
408.102200	-0.151672
408.102300	-0.056458
408.102400	0.009460
408.102500	0.072632
408.102600	0.156097
408.102700	0.270691
408.102800	0.407867
408.102900	0.545959
408.103000	0.638580
408.103100	0.675507
408.103200	0.670776
408.103300	0.623474
408.103400	0.536652
408.103500	0.409698
408.103600	0.238037
408.103700	0.038605
408.103800	-0.166931
408.103900	-0.353241
408.104000	-0.496826
408.104100	-0.588989
408.104200	-0.655975
408.104300	-0.686340
408.104400	-0.676880
408.104500	-0.633545
408.104600	-0.537872
408.104700	-0.401306
408.104800	-0.252838
408.104900	-0.132904
408.105000	-0.040283
408.105100	0.022583
408.105200	0.057831
408.105300	0.069427
408.105400	0.077362
408.105500	0.085602
408.105600	0.085144
408.105700	0.081940
408.105800	0.079041
408.105900	0.076294
408.106000	0.073395
408.106100	0.070038
408.106200	0.070801
408.106300	0.085144
408.106400	0.102386
408.106500	0.156708
408.106600	0.222931
408.106700	0.327759
408.106800	0.451050
408.106900	0.565338
408.107000	0.659180
408.107100	0.730133
408.107200	0.756226
408.107300	0.745087
408.107400	0.699005
408.107500	0.589294
408.107600	0.427856
408.107700	0.229797
408.107800	0.006561
408.107900	-0.219421
408.108000	-0.419312
408.108100	-0.576477
408.108200	-0.684204
408.108300	-0.738525
408.108400	-0.752411
408.108500	-0.734558
408.108600	-0.684357
408.108700	-0.604248
408.108800	-0.491638
408.108900	-0.354614
408.109000	-0.223999
408.109100	-0.118103
408.109200	-0.038605
408.109300	0.009155
408.109400	0.044708
408.109500	0.063324
408.109600	0.074768
408.109700	0.072632
408.109800	0.075531
408.109900	0.066681
408.110000	0.066528
408.110100	0.062714
408.110200	0.060577
408.110300	0.053711
408.110400	0.047607
408.110500	0.039673
408.110600	0.030518
408.110700	0.032196
408.110800	0.032349
408.110900	0.044708
408.111000	0.058594
408.111100	0.093384
408.111200	0.130157
408.111300	0.169373
408.111400	0.204773
408.111500	0.244141
408.111600	0.279083
408.111700	0.294647
408.111800	0.302429
408.111900	0.301361
408.112000	0.286560
408.112100	0.258942
408.112200	0.232849
408.112300	0.203552
408.112400	0.169983
408.112500	0.133362
408.112600	0.089111
408.112700	0.036316
408.112800	-0.013733
408.112900	-0.058899
408.113000	-0.104065
408.113100	-0.139771
408.113200	-0.180969
408.113300	-0.218353
408.113400	-0.247345
408.113500	-0.263367
408.113600	-0.259552
408.113700	-0.211945
408.113800	-0.141144
408.113900	-0.086670
408.114000	-0.021210
408.114100	0.028992
408.114200	0.060730
408.114300	0.071106
408.114400	0.070190
408.114500	0.066681
408.114600	0.060120
408.114700	0.056763
408.114800	0.055389
408.114900	0.055389
408.115000	0.050354
408.115100	0.047150
408.115200	0.040283
