67.223300	0.001221
67.223400	-0.003815
67.223500	-0.001221
67.223600	0.004272
67.223700	0.002747
67.223800	-0.001221
67.223900	0.001221
67.224000	0.004578
67.224100	0.003967
67.224200	0.003967
67.224300	0.000458
67.224400	0.000610
67.224500	0.001526
67.224600	0.000305
67.224700	-0.001373
67.224800	0.003662
67.224900	0.001831
67.225000	-0.001678
67.225100	-0.000763
67.225200	0.000000
67.225300	0.001526
67.225400	-0.002747
67.225500	0.004272
67.225600	0.005951
67.225700	0.002136
67.225800	0.000610
67.225900	0.000610
67.226000	-0.003357
67.226100	0.005646
67.226200	0.006561
67.226300	0.003052
67.226400	0.003052
67.226500	0.003052
67.226600	-0.001221
67.226700	-0.001831
67.226800	-0.001373
67.226900	-0.002136
67.227000	0.000000
67.227100	-0.001831
67.227200	-0.004425
67.227300	-0.001678
67.227400	0.001678
67.227500	0.003204
67.227600	0.000000
67.227700	-0.003815
67.227800	0.001221
67.227900	0.001678
67.228000	0.002441
67.228100	0.006714
67.228200	0.004425
67.228300	0.001526
67.228400	0.004578
67.228500	-0.000763
67.228600	0.005188
67.228700	0.000916
67.228800	0.004120
67.228900	0.001068
67.229000	0.002136
67.229100	-0.001221
67.229200	-0.001984
67.229300	-0.000916
67.229400	0.002899
67.229500	0.003204
67.229600	0.005798
67.229700	0.007782
67.229800	-0.002441
67.229900	0.000610
67.230000	-0.000458
67.230100	0.001526
67.230200	-0.000305
67.230300	0.001221
67.230400	0.001221
67.230500	-0.002747
67.230600	-0.000763
67.230700	-0.000305
67.230800	-0.000610
67.230900	0.004272
67.231000	0.002594
67.231100	0.002899
67.231200	0.000763
67.231300	0.004425
67.231400	0.000305
67.231500	0.005341
67.231600	0.001984
67.231700	0.000610
67.231800	-0.003510
67.231900	-0.002899
67.232000	-0.001831
67.232100	0.003815
67.232200	0.003510
67.232300	0.000305
67.232400	0.000305
67.232500	-0.003662
67.232600	-0.003815
67.232700	0.006256
67.232800	0.003510
67.232900	0.004272
67.233000	0.004883
67.233100	0.004883
67.233200	0.003204
67.233300	0.000000
67.233400	-0.000610
67.233500	-0.001984
67.233600	0.001526
67.233700	0.002899
67.233800	-0.000305
67.233900	-0.000610
67.234000	-0.002441
67.234100	-0.002899
67.234200	0.002441
67.234300	0.000916
67.234400	0.002441
67.234500	0.001221
67.234600	0.002899
67.234700	-0.000458
67.234800	0.002594
67.234900	0.002747
67.235000	0.001373
67.235100	0.003815
67.235200	0.000610
67.235300	0.002594
67.235400	-0.001526
67.235500	0.001068
67.235600	0.003510
67.235700	0.001221
67.235800	0.001221
67.235900	0.004730
67.236000	0.006104
67.236100	0.000000
67.236200	0.008545
67.236300	-0.001068
67.236400	0.003662
67.236500	0.003052
67.236600	0.002594
67.236700	0.003967
67.236800	0.003967
67.236900	0.001984
67.237000	0.002899
67.237100	0.004272
67.237200	0.003357
67.237300	0.004272
67.237400	0.003204
67.237500	0.001831
67.237600	0.004272
67.237700	0.003662
67.237800	0.000153
67.237900	0.001984
67.238000	-0.000763
67.238100	0.002899
67.238200	0.001068
67.238300	0.000153
67.238400	0.000458
67.238500	0.001373
67.238600	0.003815
67.238700	0.004120
67.238800	0.003815
67.238900	0.003052
67.239000	0.000000
67.239100	-0.001068
67.239200	-0.002899
67.239300	-0.000153
67.239400	-0.002594
67.239500	-0.004120
67.239600	-0.002136
67.239700	-0.006409
67.239800	-0.002899
67.239900	-0.005493
67.240000	-0.000153
67.240100	0.004425
67.240200	-0.000153
67.240300	0.001221
67.240400	0.002594
67.240500	0.005493
67.240600	0.006409
67.240700	0.002441
67.240800	0.005188
67.240900	0.008240
67.241000	0.000153
67.241100	0.001984
67.241200	0.001221
67.241300	0.002594
67.241400	0.001221
67.241500	0.002899
67.241600	0.000305
67.241700	0.002289
67.241800	0.000458
67.241900	-0.001678
67.242000	-0.000916
67.242100	0.004120
67.242200	0.003815
67.242300	0.000763
67.242400	-0.001984
67.242500	-0.002747
67.242600	-0.003662
67.242700	0.001373
67.242800	0.001373
67.242900	0.006714
67.243000	-0.001526
67.243100	-0.003357
67.243200	-0.002899
67.243300	-0.003204
67.243400	-0.000916
67.243500	-0.002441
67.243600	-0.001831
67.243700	0.000458
67.243800	-0.005646
67.243900	0.000610
67.244000	0.002594
67.244100	0.003204
67.244200	0.007019
67.244300	0.006256
67.244400	0.003510
67.244500	0.003967
67.244600	0.003815
67.244700	0.001221
67.244800	0.000916
67.244900	0.001068
67.245000	0.005646
67.245100	0.001373
67.245200	-0.003510
67.245300	-0.000916
67.245400	0.001526
67.245500	0.000000
67.245600	-0.002441
67.245700	-0.000305
67.245800	0.003662
67.245900	0.000153
67.246000	0.002594
67.246100	0.003357
67.246200	0.000916
67.246300	0.003052
67.246400	-0.001221
67.246500	-0.000153
67.246600	-0.000458
67.246700	-0.001373
67.246800	0.004578
67.246900	-0.000153
67.247000	0.000610
67.247100	0.001526
67.247200	0.003815
67.247300	0.001373
67.247400	-0.001526
67.247500	0.004425
67.247600	0.002441
67.247700	0.001221
67.247800	0.000000
67.247900	-0.002289
67.248000	-0.003357
67.248100	0.000305
67.248200	-0.000763
67.248300	0.002136
67.248400	0.002441
67.248500	0.001678
67.248600	0.000458
67.248700	0.003052
67.248800	-0.004730
67.248900	0.006409
67.249000	-0.002289
67.249100	-0.002747
67.249200	-0.003510
67.249300	-0.001373
67.249400	0.002441
67.249500	0.000763
67.249600	0.000153
67.249700	0.000000
67.249800	0.003662
67.249900	0.002289
67.250000	-0.000610
67.250100	-0.001831
67.250200	0.000610
67.250300	0.000000
67.250400	0.001678
67.250500	0.004120
67.250600	0.001678
67.250700	-0.002136
67.250800	-0.001831
67.250900	0.003052
67.251000	0.001221
67.251100	0.007019
67.251200	0.003052
67.251300	0.001526
67.251400	0.003967
67.251500	0.000458
67.251600	0.001984
67.251700	0.003357
67.251800	0.002747
67.251900	0.003052
67.252000	0.003052
67.252100	0.003815
67.252200	0.007782
67.252300	0.001678
67.252400	0.001526
67.252500	0.003967
67.252600	0.003815
67.252700	0.004272
67.252800	0.000916
67.252900	0.000153
67.253000	0.001373
67.253100	0.001526
67.253200	0.003052
67.253300	0.002289
67.253400	-0.002441
67.253500	0.002899
67.253600	0.005493
67.253700	0.002594
67.253800	0.003510
67.253900	-0.000305
67.254000	0.007629
67.254100	0.004425
67.254200	-0.001068
67.254300	-0.000610
67.254400	0.000000
67.254500	0.003357
67.254600	0.001984
67.254700	-0.000305
67.254800	-0.001373
67.254900	-0.000916
67.255000	0.003967
67.255100	-0.000305
67.255200	-0.000610
67.255300	0.004425
67.255400	0.000763
67.255500	-0.004730
67.255600	0.000916
67.255700	0.001221
67.255800	0.003204
67.255900	0.003510
67.256000	-0.000305
67.256100	0.002441
67.256200	0.003662
67.256300	-0.001526
67.256400	0.002136
67.256500	0.001221
67.256600	0.001831
67.256700	0.004883
67.256800	0.001678
67.256900	0.003357
67.257000	0.000763
67.257100	0.000000
67.257200	0.005493
67.257300	0.002899
67.257400	0.002136
67.257500	0.000916
67.257600	0.003357
67.257700	0.000763
67.257800	0.000763
67.257900	-0.003052
67.258000	-0.003052
67.258100	0.002594
67.258200	0.000916
67.258300	-0.001831
67.258400	-0.005188
67.258500	-0.001831
67.258600	0.001984
67.258700	-0.001831
67.258800	0.000458
67.258900	0.001068
67.259000	0.001984
67.259100	0.004120
67.259200	0.007019
67.259300	0.004272
67.259400	0.002441
67.259500	-0.000458
67.259600	0.001678
67.259700	0.001526
67.259800	-0.001831
67.259900	0.000000
67.260000	0.005188
67.260100	0.005493
67.260200	0.001984
67.260300	0.000000
67.260400	0.000153
67.260500	-0.002136
67.260600	-0.000610
67.260700	0.002289
67.260800	-0.002136
67.260900	0.000916
67.261000	0.001984
67.261100	0.004120
67.261200	0.000610
67.261300	-0.001373
67.261400	0.001526
67.261500	-0.005646
67.261600	0.001984
67.261700	0.003967
67.261800	0.004730
67.261900	-0.000763
67.262000	0.004272
67.262100	-0.000305
67.262200	0.000458
67.262300	-0.000153
67.262400	0.001373
67.262500	0.005035
67.262600	0.001984
67.262700	0.001678
67.262800	-0.000458
67.262900	-0.006256
67.263000	-0.005798
67.263100	0.001068
67.263200	0.000458
67.263300	-0.002289
67.263400	0.002747
67.263500	0.003662
67.263600	0.004730
67.263700	0.004272
67.263800	0.001221
67.263900	0.002136
67.264000	0.000763
67.264100	0.002747
67.264200	0.004883
67.264300	0.005341
67.264400	0.003815
67.264500	0.003815
67.264600	0.002594
67.264700	0.008545
67.264800	0.004883
67.264900	0.001984
67.265000	0.003967
67.265100	0.003510
67.265200	0.003204
67.265300	0.006256
67.265400	0.004578
67.265500	-0.000763
67.265600	0.000763
67.265700	-0.000916
67.265800	-0.001831
67.265900	-0.000916
67.266000	0.001526
67.266100	0.001526
67.266200	0.003052
67.266300	0.001526
67.266400	0.000153
67.266500	-0.000763
67.266600	-0.001678
67.266700	-0.003815
67.266800	0.000458
67.266900	-0.002289
67.267000	0.002594
67.267100	0.000305
67.267200	-0.002289
67.267300	-0.002747
67.267400	-0.001221
67.267500	0.001526
67.267600	0.000763
67.267700	-0.000458
67.267800	0.001831
67.267900	0.001221
67.268000	0.002289
67.268100	0.001984
67.268200	0.000763
67.268300	0.001068
67.268400	0.002747
67.268500	0.000763
67.268600	-0.002747
67.268700	-0.001984
67.268800	-0.001221
67.268900	0.001221
67.269000	-0.000458
67.269100	-0.002899
67.269200	-0.002289
67.269300	-0.004120
67.269400	-0.001678
67.269500	-0.001678
67.269600	-0.001068
67.269700	0.001678
67.269800	0.003815
67.269900	0.003204
67.270000	0.003052
67.270100	-0.000916
67.270200	0.000153
67.270300	-0.002136
67.270400	0.002441
67.270500	-0.000763
67.270600	0.004272
67.270700	0.004425
67.270800	0.005798
67.270900	0.006409
67.271000	0.001373
67.271100	0.001373
67.271200	-0.000610
67.271300	-0.000916
67.271400	0.000610
67.271500	-0.004730
67.271600	-0.002441
67.271700	-0.001373
67.271800	-0.000458
67.271900	-0.001373
67.272000	0.002441
67.272100	0.003662
67.272200	0.002441
67.272300	0.000763
67.272400	-0.001984
67.272500	0.001678
67.272600	-0.000610
67.272700	-0.003510
67.272800	-0.004425
67.272900	0.001068
67.273000	0.000000
67.273100	-0.001984
67.273200	-0.003967
67.273300	0.002136
67.273400	0.003815
67.273500	0.002747
67.273600	0.002441
67.273700	-0.000610
67.273800	0.002441
67.273900	0.007172
67.274000	0.004272
67.274100	0.004730
67.274200	0.006561
67.274300	0.008087
67.274400	0.000305
67.274500	0.000610
67.274600	-0.001678
67.274700	-0.001373
67.274800	-0.000153
67.274900	0.001221
67.275000	0.003662
67.275100	0.001526
67.275200	0.000610
67.275300	0.003967
67.275400	-0.005798
67.275500	0.001068
67.275600	0.000458
67.275700	0.000000
67.275800	0.000610
67.275900	-0.001068
67.276000	0.000305
67.276100	0.002747
67.276200	-0.001373
67.276300	-0.000763
67.276400	0.001373
67.276500	0.004730
67.276600	0.003204
67.276700	0.004883
67.276800	0.004425
