99.632900	0.132141
99.633000	0.140228
99.633100	0.151672
99.633200	0.155487
99.633300	0.152588
99.633400	0.154419
99.633500	0.153351
99.633600	0.170441
99.633700	0.174866
99.633800	0.192261
99.633900	0.213013
99.634000	0.243835
99.634100	0.279694
99.634200	0.319519
99.634300	0.363464
99.634400	0.404053
99.634500	0.439148
99.634600	0.459137
99.634700	0.471191
99.634800	0.465851
99.634900	0.447540
99.635000	0.423431
99.635100	0.390778
99.635200	0.350189
99.635300	0.313416
99.635400	0.253448
99.635500	0.196838
99.635600	0.139160
99.635700	0.080719
99.635800	0.021515
99.635900	-0.033875
99.636000	-0.087280
99.636100	-0.140839
99.636200	-0.191040
99.636300	-0.223083
99.636400	-0.260925
99.636500	-0.276031
99.636600	-0.292969
99.636700	-0.289307
99.636800	-0.250854
99.636900	-0.192108
99.637000	-0.083923
99.637100	0.073090
99.637200	0.278778
99.637300	0.541229
99.637400	0.858154
99.637500	1.222534
99.637600	1.614380
99.637700	1.983948
99.637800	2.301025
99.637900	2.523956
99.638000	2.663116
99.638100	2.736816
99.638200	2.750397
99.638300	2.718353
99.638400	2.631683
99.638500	2.463379
99.638600	2.204590
99.638700	1.820984
99.638800	1.352386
99.638900	0.816650
99.639000	0.262909
99.639100	-0.313873
99.639200	-0.864410
99.639300	-1.397858
99.639400	-1.888428
99.639500	-2.351685
99.639600	-2.716675
99.639700	-2.961273
99.639800	-3.095856
99.639900	-3.138580
99.640000	-3.108368
99.640100	-3.028870
99.640200	-2.913055
99.640300	-2.760925
99.640400	-2.554016
99.640500	-2.272797
99.640600	-1.943359
99.640700	-1.591034
99.640800	-1.275482
99.640900	-0.939331
99.641000	-0.612946
99.641100	-0.368042
99.641200	-0.176544
99.641300	-0.030518
99.641400	0.062408
99.641500	0.127563
99.641600	0.164185
99.641700	0.190887
99.641800	0.205078
99.641900	0.215302
99.642000	0.211945
99.642100	0.215302
99.642200	0.218964
99.642300	0.221252
99.642400	0.224152
99.642500	0.227509
99.642600	0.230713
99.642700	0.230713
99.642800	0.232391
99.642900	0.233765
99.643000	0.231171
99.643100	0.229187
99.643200	0.227051
99.643300	0.221863
99.643400	0.223083
99.643500	0.225067
99.643600	0.227966
99.643700	0.227509
99.643800	0.240631
99.643900	0.252686
99.644000	0.253754
99.644100	0.264130
99.644200	0.270386
99.644300	0.275421
99.644400	0.283813
99.644500	0.278015
99.644600	0.275574
99.644700	0.267334
99.644800	0.258789
99.644900	0.245056
99.645000	0.235748
99.645100	0.219421
99.645200	0.200958
99.645300	0.181580
99.645400	0.159912
99.645500	0.142822
99.645600	0.115204
99.645700	0.090332
99.645800	0.069580
99.645900	0.057526
99.646000	0.033875
99.646100	0.016937
99.646200	0.007935
99.646300	0.004120
99.646400	-0.009003
99.646500	-0.008087
99.646600	-0.006256
99.646700	0.005646
99.646800	0.014038
99.646900	0.026855
99.647000	0.051575
99.647100	0.065002
99.647200	0.087128
99.647300	0.113068
99.647400	0.128021
99.647500	0.137329
99.647600	0.144348
99.647700	0.151062
99.647800	0.158234
99.647900	0.153046
99.648000	0.159607
99.648100	0.157776
99.648200	0.153198
99.648300	0.150757
99.648400	0.151367
99.648500	0.148621
99.648600	0.142365
99.648700	0.146179
99.648800	0.140381
99.648900	0.133820
99.649000	0.127563
99.649100	0.127258
99.649200	0.125732
99.649300	0.126038
99.649400	0.125885
99.649500	0.127258
99.649600	0.122681
99.649700	0.117493
99.649800	0.113220
99.649900	0.117645
99.650000	0.118408
99.650100	0.116425
99.650200	0.119934
99.650300	0.122833
99.650400	0.124359
99.650500	0.125427
99.650600	0.115967
99.650700	0.123444
99.650800	0.120239
99.650900	0.121155
99.651000	0.122070
99.651100	0.123901
99.651200	0.119781
99.651300	0.125885
99.651400	0.121613
99.651500	0.122833
99.651600	0.130768
99.651700	0.136566
99.651800	0.139618
99.651900	0.149078
99.652000	0.149078
99.652100	0.155182
99.652200	0.162354
99.652300	0.166626
99.652400	0.165253
99.652500	0.162811
99.652600	0.157928
99.652700	0.156097
99.652800	0.151520
99.652900	0.152740
99.653000	0.152893
99.653100	0.147247
99.653200	0.145874
99.653300	0.149078
99.653400	0.150146
99.653500	0.147552
99.653600	0.149689
99.653700	0.144043
99.653800	0.147552
99.653900	0.138702
99.654000	0.135040
99.654100	0.121918
99.654200	0.108490
99.654300	0.100403
99.654400	0.092468
99.654500	0.085297
99.654600	0.086517
99.654700	0.080261
99.654800	0.077209
99.654900	0.072784
99.655000	0.063629
99.655100	0.055237
99.655200	0.052795
99.655300	0.049744
99.655400	0.048828
99.655500	0.046082
99.655600	0.038147
99.655700	0.037384
99.655800	0.039673
99.655900	0.040741
99.656000	0.043793
99.656100	0.041504
99.656200	0.052948
99.656300	0.047607
99.656400	0.042877
99.656500	0.046539
99.656600	0.059814
99.656700	0.067291
99.656800	0.079651
99.656900	0.100861
99.657000	0.133362
99.657100	0.186462
99.657200	0.256958
99.657300	0.349121
99.657400	0.448303
99.657500	0.559998
99.657600	0.665588
99.657700	0.765991
99.657800	0.838623
99.657900	0.908813
99.658000	0.948486
99.658100	0.969849
99.658200	0.971832
99.658300	0.959930
99.658400	0.925293
99.658500	0.858002
99.658600	0.762024
99.658700	0.634460
99.658800	0.475464
99.658900	0.291138
99.659000	0.086823
99.659100	-0.110931
99.659200	-0.307922
99.659300	-0.500793
99.659400	-0.680847
99.659500	-0.815430
99.659600	-0.913391
99.659700	-0.980682
99.659800	-1.019135
99.659900	-1.032715
99.660000	-1.016235
99.660100	-0.986328
99.660200	-0.947113
99.660300	-0.885468
99.660400	-0.794067
99.660500	-0.687866
99.660600	-0.568085
99.660700	-0.436249
99.660800	-0.317688
99.660900	-0.201721
99.661000	-0.105743
99.661100	-0.028229
99.661200	0.027618
99.661300	0.079041
99.661400	0.114594
99.661500	0.134430
99.661600	0.142670
99.661700	0.152130
99.661800	0.155792
99.661900	0.157471
99.662000	0.154572
99.662100	0.139618
99.662200	0.144958
99.662300	0.142670
99.662400	0.144348
99.662500	0.143738
99.662600	0.139160
99.662700	0.134735
99.662800	0.134125
99.662900	0.126038
99.663000	0.121460
99.663100	0.116882
99.663200	0.111389
99.663300	0.103302
99.663400	0.097351
99.663500	0.097046
99.663600	0.090790
99.663700	0.088501
99.663800	0.080261
99.663900	0.076599
99.664000	0.076294
99.664100	0.072327
99.664200	0.081482
99.664300	0.076904
99.664400	0.082092
99.664500	0.079346
99.664600	0.079803
99.664700	0.082397
99.664800	0.085449
99.664900	0.085602
99.665000	0.079651
99.665100	0.081635
99.665200	0.085602
99.665300	0.095215
99.665400	0.101776
99.665500	0.098572
99.665600	0.103912
99.665700	0.106812
99.665800	0.105286
99.665900	0.106964
99.666000	0.100250
99.666100	0.104218
99.666200	0.103760
99.666300	0.098572
99.666400	0.100098
99.666500	0.100708
99.666600	0.102997
99.666700	0.096436
99.666800	0.099487
99.666900	0.104065
99.667000	0.106201
99.667100	0.104523
99.667200	0.104523
99.667300	0.102997
99.667400	0.104523
99.667500	0.102692
99.667600	0.106049
99.667700	0.101471
99.667800	0.105286
99.667900	0.105896
99.668000	0.102234
99.668100	0.110321
99.668200	0.108185
99.668300	0.098877
99.668400	0.104675
99.668500	0.108948
99.668600	0.110779
99.668700	0.104675
99.668800	0.107574
99.668900	0.107574
99.669000	0.108490
99.669100	0.117798
99.669200	0.118561
99.669300	0.118561
99.669400	0.121155
99.669500	0.129089
99.669600	0.134888
99.669700	0.141907
99.669800	0.147247
99.669900	0.153809
99.670000	0.148468
99.670100	0.151672
99.670200	0.155487
99.670300	0.161438
99.670400	0.159912
99.670500	0.160065
99.670600	0.163422
99.670700	0.160828
99.670800	0.161896
99.670900	0.156708
99.671000	0.154419
99.671100	0.150757
99.671200	0.134277
99.671300	0.125732
99.671400	0.120544
99.671500	0.113373
99.671600	0.102234
99.671700	0.099030
99.671800	0.088806
99.671900	0.076447
99.672000	0.064392
99.672100	0.054016
99.672200	0.039215
99.672300	0.032043
99.672400	0.023651
99.672500	0.021667
99.672600	0.023499
99.672700	0.021210
99.672800	0.019073
99.672900	0.022125
99.673000	0.024719
99.673100	0.026093
99.673200	0.025330
99.673300	0.029144
99.673400	0.028534
99.673500	0.036316
99.673600	0.042725
99.673700	0.045471
99.673800	0.056305
99.673900	0.062408
99.674000	0.064850
99.674100	0.069733
99.674200	0.076447
99.674300	0.073395
99.674400	0.079498
99.674500	0.081635
99.674600	0.082245
99.674700	0.086975
99.674800	0.091095
99.674900	0.082855
99.675000	0.093689
99.675100	0.085754
99.675200	0.087433
99.675300	0.087891
99.675400	0.082703
99.675500	0.086670
99.675600	0.091248
99.675700	0.087585
99.675800	0.087433
99.675900	0.087891
99.676000	0.089111
99.676100	0.082245
99.676200	0.083771
99.676300	0.079346
99.676400	0.081940
99.676500	0.083160
99.676600	0.087433
99.676700	0.088501
99.676800	0.088501
99.676900	0.088348
99.677000	0.098267
99.677100	0.094757
99.677200	0.091858
99.677300	0.092773
99.677400	0.094452
99.677500	0.099487
99.677600	0.098724
99.677700	0.095062
99.677800	0.096436
99.677900	0.096741
99.678000	0.095978
99.678100	0.101929
99.678200	0.109863
99.678300	0.113831
99.678400	0.117645
99.678500	0.124207
99.678600	0.124054
99.678700	0.130768
99.678800	0.133667
99.678900	0.141296
99.679000	0.140991
99.679100	0.139008
99.679200	0.143585
99.679300	0.138855
99.679400	0.137177
99.679500	0.125580
99.679600	0.114136
99.679700	0.110474
99.679800	0.097961
99.679900	0.077057
99.680000	0.067139
99.680100	0.054932
99.680200	0.045624
99.680300	0.035400
99.680400	0.020752
99.680500	0.012360
99.680600	0.012207
99.680700	0.009155
99.680800	0.006409
99.680900	0.009003
99.681000	0.011292
99.681100	0.017700
99.681200	0.017395
99.681300	0.028534
99.681400	0.032959
99.681500	0.045319
99.681600	0.049896
99.681700	0.059509
99.681800	0.069275
99.681900	0.078583
99.682000	0.093231
99.682100	0.109863
99.682200	0.128174
99.682300	0.144653
99.682400	0.166168
99.682500	0.191345
99.682600	0.218506
99.682700	0.254822
99.682800	0.294495
99.682900	0.343475
99.683000	0.391541
99.683100	0.436554
99.683200	0.464172
99.683300	0.478516
99.683400	0.479736
99.683500	0.465546
99.683600	0.440063
99.683700	0.408936
99.683800	0.379028
99.683900	0.356598
99.684000	0.315247
99.684100	0.279236
99.684200	0.246582
99.684300	0.216827
99.684400	0.186615
99.684500	0.147705
99.684600	0.120392
99.684700	0.086212
99.684800	0.041504
99.684900	0.009460
99.685000	-0.029449
99.685100	-0.063934
99.685200	-0.103760
99.685300	-0.128326
99.685400	-0.156860
99.685500	-0.194092
99.685600	-0.212402
99.685700	-0.227814
99.685800	-0.239258
99.685900	-0.245514
99.686000	-0.237885
99.686100	-0.223999
99.686200	-0.206909
99.686300	-0.185547
99.686400	-0.145874
