72.906500	-0.003204
72.906600	-0.002747
72.906700	-0.003510
72.906800	-0.008392
72.906900	-0.005035
72.907000	-0.001221
72.907100	-0.003052
72.907200	-0.002441
72.907300	-0.003204
72.907400	-0.002594
72.907500	-0.000763
72.907600	-0.004578
72.907700	-0.005951
72.907800	-0.005188
72.907900	-0.008087
72.908000	-0.001526
72.908100	-0.003662
72.908200	-0.001984
72.908300	0.000153
72.908400	0.001984
72.908500	0.001831
72.908600	0.000610
72.908700	0.001678
72.908800	0.003052
72.908900	0.000458
72.909000	-0.000610
72.909100	0.004578
72.909200	0.004272
72.909300	-0.001526
72.909400	-0.003510
72.909500	-0.001526
72.909600	-0.002747
72.909700	-0.001373
72.909800	0.000000
72.909900	0.003815
72.910000	0.005493
72.910100	-0.001373
72.910200	0.000610
72.910300	-0.001984
72.910400	0.003357
72.910500	0.003815
72.910600	0.005951
72.910700	0.007782
72.910800	0.003662
72.910900	0.001831
72.911000	0.002441
72.911100	0.007172
72.911200	0.008545
72.911300	0.004883
72.911400	0.006409
72.911500	0.002441
72.911600	0.002136
72.911700	0.004120
72.911800	0.002136
72.911900	0.005798
72.912000	0.007629
72.912100	0.002441
72.912200	0.001831
72.912300	0.001831
72.912400	0.002899
72.912500	0.001984
72.912600	-0.000916
72.912700	0.007019
72.912800	0.001678
72.912900	0.001068
72.913000	-0.000458
72.913100	0.006104
72.913200	0.008698
72.913300	0.006561
72.913400	0.006409
72.913500	0.007477
72.913600	0.005188
72.913700	0.002136
72.913800	0.005188
72.913900	0.004883
72.914000	0.003510
72.914100	0.000916
72.914200	0.005493
72.914300	0.003815
72.914400	0.009308
72.914500	0.005951
72.914600	0.003510
72.914700	0.009308
72.914800	0.005951
72.914900	0.004578
72.915000	0.004578
72.915100	0.001831
72.915200	0.009460
72.915300	0.005035
72.915400	0.006409
72.915500	0.009460
72.915600	0.012207
72.915700	0.013885
72.915800	0.009308
72.915900	0.008087
72.916000	0.007324
72.916100	0.010681
72.916200	0.006866
72.916300	0.005798
72.916400	0.009308
72.916500	0.007629
72.916600	0.008545
72.916700	0.008545
72.916800	0.014496
72.916900	0.010986
72.917000	0.009766
72.917100	0.010071
72.917200	0.009155
72.917300	0.012817
72.917400	0.010529
72.917500	0.009766
72.917600	0.011597
72.917700	0.009308
72.917800	0.006714
72.917900	0.012970
72.918000	0.005493
72.918100	0.009460
72.918200	0.009918
72.918300	0.012360
72.918400	0.010376
72.918500	0.012817
72.918600	0.012207
72.918700	0.011292
72.918800	0.012817
72.918900	0.009155
72.919000	0.012665
72.919100	0.008698
72.919200	0.008698
72.919300	0.010986
72.919400	0.013123
72.919500	0.012360
72.919600	0.004425
72.919700	0.008087
72.919800	0.012207
72.919900	0.007324
72.920000	0.007629
72.920100	0.007782
72.920200	0.009918
72.920300	0.011749
72.920400	0.013123
72.920500	0.010376
72.920600	0.006714
72.920700	0.007629
72.920800	0.011902
72.920900	0.006561
72.921000	0.008545
72.921100	0.008087
72.921200	0.008545
72.921300	0.012512
72.921400	0.008240
72.921500	0.012970
72.921600	0.012360
72.921700	0.011444
72.921800	0.006409
72.921900	0.010681
72.922000	0.008850
72.922100	0.010223
72.922200	0.008392
72.922300	0.011902
72.922400	0.011902
72.922500	0.013885
72.922600	0.010376
72.922700	0.010986
72.922800	0.019989
72.922900	0.019379
72.923000	0.012665
72.923100	0.009003
72.923200	0.006104
72.923300	0.003357
72.923400	0.004730
72.923500	0.009308
72.923600	0.009155
72.923700	0.011292
72.923800	0.010681
72.923900	0.015106
72.924000	0.015869
72.924100	0.014343
72.924200	0.011292
72.924300	0.012207
72.924400	0.012207
72.924500	0.017090
72.924600	0.012817
72.924700	0.009613
72.924800	0.008698
72.924900	0.012360
72.925000	0.012054
72.925100	0.013275
72.925200	0.005188
72.925300	0.013885
72.925400	0.010834
72.925500	0.010071
72.925600	0.005646
72.925700	0.010834
72.925800	0.010071
72.925900	0.007782
72.926000	0.009308
72.926100	0.007172
72.926200	0.007477
72.926300	0.010986
72.926400	0.011902
72.926500	0.014191
72.926600	0.005951
72.926700	0.011444
72.926800	0.010071
72.926900	0.005341
72.927000	0.009003
72.927100	0.011139
72.927200	0.007782
72.927300	0.007019
72.927400	0.007477
72.927500	0.011139
72.927600	0.007324
72.927700	0.013580
72.927800	0.017548
72.927900	0.008850
72.928000	0.008545
72.928100	0.014191
72.928200	0.014038
72.928300	0.014038
72.928400	0.012665
72.928500	0.010986
72.928600	0.011139
72.928700	0.008087
72.928800	0.006561
72.928900	0.007782
72.929000	0.010529
72.929100	0.009766
72.929200	0.009918
72.929300	0.007782
72.929400	0.011749
72.929500	0.006409
72.929600	0.007477
72.929700	0.006866
72.929800	0.008240
72.929900	0.009460
72.930000	0.009613
72.930100	0.009003
72.930200	0.007019
72.930300	0.010986
72.930400	0.006866
72.930500	0.005646
72.930600	0.007172
72.930700	0.010986
72.930800	0.012207
72.930900	0.006409
72.931000	0.005798
72.931100	0.009766
72.931200	0.007935
72.931300	0.005646
72.931400	0.009003
72.931500	0.012512
72.931600	0.006256
72.931700	0.007324
72.931800	0.004578
72.931900	0.010529
72.932000	0.008392
72.932100	0.007172
72.932200	0.008545
72.932300	0.010223
72.932400	0.010071
72.932500	0.007324
72.932600	0.012360
72.932700	0.013123
72.932800	0.010529
72.932900	0.010071
72.933000	0.005798
72.933100	0.011139
72.933200	0.007629
72.933300	0.009003
72.933400	0.014191
72.933500	0.010529
72.933600	0.009460
72.933700	0.011444
72.933800	0.010681
72.933900	0.015259
72.934000	0.011749
72.934100	0.016174
72.934200	0.012665
72.934300	0.008545
72.934400	0.006409
72.934500	0.005951
72.934600	0.006561
72.934700	0.004883
72.934800	0.007782
72.934900	0.009918
72.935000	0.010986
72.935100	0.012360
72.935200	0.010986
72.935300	0.008240
72.935400	0.010834
72.935500	0.009003
72.935600	0.006409
72.935700	0.015564
72.935800	0.013733
72.935900	0.005493
72.936000	0.010529
72.936100	0.011139
72.936200	0.008850
72.936300	0.009308
72.936400	0.008087
72.936500	0.008087
72.936600	0.006561
72.936700	0.012665
72.936800	0.009613
72.936900	0.013580
72.937000	0.010071
72.937100	0.011902
72.937200	0.012360
72.937300	0.011444
72.937400	0.010223
72.937500	0.007324
72.937600	0.009155
72.937700	0.011902
72.937800	0.006409
72.937900	0.009766
72.938000	0.010986
72.938100	0.008240
72.938200	0.010529
72.938300	0.011749
72.938400	0.012054
72.938500	0.014496
72.938600	0.009766
72.938700	0.008545
72.938800	0.010986
72.938900	0.008698
72.939000	0.009155
72.939100	0.008087
72.939200	0.010834
72.939300	0.011597
72.939400	0.011902
72.939500	0.005951
72.939600	0.004578
72.939700	0.011444
72.939800	0.016022
72.939900	0.014038
72.940000	0.014191
72.940100	0.010834
72.940200	0.015411
72.940300	0.015259
72.940400	0.009613
72.940500	0.008240
72.940600	0.010223
72.940700	0.007629
72.940800	0.006409
72.940900	0.010223
72.941000	0.011749
72.941100	0.011597
72.941200	0.009460
72.941300	0.008392
72.941400	0.011444
72.941500	0.011444
72.941600	0.007477
72.941700	0.009155
72.941800	0.004272
72.941900	0.008240
72.942000	0.006409
72.942100	0.006714
72.942200	0.005188
72.942300	0.007935
72.942400	0.008240
72.942500	0.012817
72.942600	0.009155
72.942700	0.006256
72.942800	0.011597
72.942900	0.010834
72.943000	0.010834
72.943100	0.016174
72.943200	0.008545
72.943300	0.008698
72.943400	0.011902
72.943500	0.008392
72.943600	0.006409
72.943700	0.010986
72.943800	0.009003
72.943900	0.003357
72.944000	0.009003
72.944100	0.005341
72.944200	0.008698
72.944300	0.012207
72.944400	0.009918
72.944500	0.008087
72.944600	0.009918
72.944700	0.004120
72.944800	0.012054
72.944900	0.005951
72.945000	0.010986
72.945100	0.010223
72.945200	0.008850
72.945300	0.007324
72.945400	0.008392
72.945500	0.008240
72.945600	0.010681
72.945700	0.008698
72.945800	0.007477
72.945900	0.006561
72.946000	0.009460
72.946100	0.010834
72.946200	0.009918
72.946300	0.007935
72.946400	0.010986
72.946500	0.009460
72.946600	0.012970
72.946700	0.012970
72.946800	0.010223
72.946900	0.009308
72.947000	0.004425
72.947100	0.011749
72.947200	0.008850
72.947300	0.008545
72.947400	0.011139
72.947500	0.008087
72.947600	0.008545
72.947700	0.009766
72.947800	0.010223
72.947900	0.013428
72.948000	0.011139
72.948100	0.010376
72.948200	0.010834
72.948300	0.014954
72.948400	0.009460
72.948500	0.010529
72.948600	0.009766
72.948700	0.012512
72.948800	0.008545
72.948900	0.013580
72.949000	0.009460
72.949100	0.013733
72.949200	0.014343
72.949300	0.014191
72.949400	0.016479
72.949500	0.013733
72.949600	0.012054
72.949700	0.007172
72.949800	0.013733
72.949900	0.014343
72.950000	0.014648
72.950100	0.011902
72.950200	0.008698
72.950300	0.010681
72.950400	0.013885
72.950500	0.010986
72.950600	0.009918
72.950700	0.011444
72.950800	0.012512
72.950900	0.010681
72.951000	0.007629
72.951100	0.010223
72.951200	0.011902
72.951300	0.013428
72.951400	0.010529
72.951500	0.012360
72.951600	0.013275
72.951700	0.011139
72.951800	0.006409
72.951900	0.013123
72.952000	0.013733
72.952100	0.013885
72.952200	0.014038
72.952300	0.012665
72.952400	0.015869
72.952500	0.010834
72.952600	0.008850
72.952700	0.013123
72.952800	0.013123
72.952900	0.018005
72.953000	0.009003
72.953100	0.009613
72.953200	0.009155
72.953300	0.007935
72.953400	0.012665
72.953500	0.012054
72.953600	0.010986
72.953700	0.010223
72.953800	0.007324
72.953900	0.011902
72.954000	0.005188
72.954100	0.008240
72.954200	0.009308
72.954300	0.009003
72.954400	0.009766
72.954500	0.005493
72.954600	0.008240
72.954700	0.007935
72.954800	0.011902
72.954900	0.011902
72.955000	0.006256
72.955100	0.006409
72.955200	0.010223
72.955300	0.009308
72.955400	0.007477
72.955500	0.011749
72.955600	0.014954
72.955700	0.016022
72.955800	0.010681
72.955900	0.009003
72.956000	0.010986
72.956100	0.012360
72.956200	0.009613
72.956300	0.010529
72.956400	0.009613
72.956500	0.015106
72.956600	0.009766
72.956700	0.003967
72.956800	0.010071
72.956900	0.010071
72.957000	0.006409
72.957100	0.004120
72.957200	0.009308
72.957300	0.011139
72.957400	0.012512
72.957500	0.010986
72.957600	0.005188
72.957700	0.008545
72.957800	0.010223
72.957900	0.010681
72.958000	0.009155
72.958100	0.008850
72.958200	0.009155
72.958300	0.007782
72.958400	0.014343
72.958500	0.006409
72.958600	0.007629
72.958700	0.007324
72.958800	0.010223
72.958900	0.010223
72.959000	0.012360
72.959100	0.008240
72.959200	0.006714
72.959300	0.009460
72.959400	0.010071
72.959500	0.013733
72.959600	0.011139
72.959700	0.005798
72.959800	0.009003
72.959900	0.010529
72.960000	0.007477
