88.573700	0.664825
88.573800	0.584717
88.573900	0.488281
88.574000	0.382080
88.574100	0.257874
88.574200	0.143127
88.574300	0.022583
88.574400	-0.104218
88.574500	-0.226135
88.574600	-0.341034
88.574700	-0.458832
88.574800	-0.580902
88.574900	-0.679169
88.575000	-0.771484
88.575100	-0.856323
88.575200	-0.939941
88.575300	-0.998230
88.575400	-1.036682
88.575500	-1.058197
88.575600	-1.053619
88.575700	-1.045380
88.575800	-1.021423
88.575900	-0.975647
88.576000	-0.938568
88.576100	-0.887604
88.576200	-0.834503
88.576300	-0.778351
88.576400	-0.713959
88.576500	-0.644989
88.576600	-0.563202
88.576700	-0.475159
88.576800	-0.380402
88.576900	-0.299377
88.577000	-0.209045
88.577100	-0.143127
88.577200	-0.075073
88.577300	-0.013123
88.577400	0.028076
88.577500	0.067139
88.577600	0.099487
88.577700	0.119019
88.577800	0.137939
88.577900	0.146790
88.578000	0.152588
88.578100	0.158386
88.578200	0.164185
88.578300	0.168152
88.578400	0.168457
88.578500	0.173035
88.578600	0.180664
88.578700	0.175934
88.578800	0.174561
88.578900	0.172729
88.579000	0.180511
88.579100	0.179596
88.579200	0.171814
88.579300	0.175629
88.579400	0.173187
88.579500	0.172119
88.579600	0.172577
88.579700	0.164490
88.579800	0.162506
88.579900	0.161743
88.580000	0.156860
88.580100	0.155640
88.580200	0.155029
88.580300	0.155029
88.580400	0.150299
88.580500	0.149384
88.580600	0.151672
88.580700	0.139160
88.580800	0.130157
88.580900	0.136566
88.581000	0.136871
88.581100	0.139008
88.581200	0.134125
88.581300	0.135803
88.581400	0.134430
88.581500	0.134430
88.581600	0.132599
88.581700	0.127258
88.581800	0.127258
88.581900	0.123901
88.582000	0.117950
88.582100	0.121307
88.582200	0.125275
88.582300	0.120392
88.582400	0.116577
88.582500	0.112305
88.582600	0.109863
88.582700	0.109100
88.582800	0.107727
88.582900	0.109100
88.583000	0.108337
88.583100	0.108490
88.583200	0.105133
88.583300	0.103149
88.583400	0.100098
88.583500	0.100555
88.583600	0.104675
88.583700	0.108032
88.583800	0.107117
88.583900	0.104828
88.584000	0.103607
88.584100	0.103455
88.584200	0.107727
88.584300	0.101471
88.584400	0.104828
88.584500	0.093231
88.584600	0.097198
88.584700	0.097504
88.584800	0.099030
88.584900	0.099792
88.585000	0.099792
88.585100	0.094757
88.585200	0.091553
88.585300	0.087433
88.585400	0.088196
88.585500	0.089417
88.585600	0.085297
88.585700	0.085449
88.585800	0.087891
88.585900	0.083923
88.586000	0.078583
88.586100	0.084381
88.586200	0.083618
88.586300	0.077820
88.586400	0.079651
88.586500	0.081177
88.586600	0.084839
88.586700	0.085449
88.586800	0.084686
88.586900	0.082855
88.587000	0.090790
88.587100	0.079651
88.587200	0.080414
88.587300	0.083313
88.587400	0.078125
88.587500	0.080261
88.587600	0.073090
88.587700	0.078278
88.587800	0.077362
88.587900	0.071716
88.588000	0.072479
88.588100	0.068054
88.588200	0.071411
88.588300	0.071259
88.588400	0.069275
88.588500	0.058136
88.588600	0.062561
88.588700	0.062408
88.588800	0.071411
88.588900	0.072327
88.589000	0.071411
88.589100	0.082245
88.589200	0.085297
88.589300	0.087128
88.589400	0.094452
88.589500	0.109406
88.589600	0.115051
88.589700	0.125732
88.589800	0.127258
88.589900	0.137024
88.590000	0.130005
88.590100	0.132141
88.590200	0.133972
88.590300	0.132751
88.590400	0.130310
88.590500	0.124512
88.590600	0.113220
88.590700	0.117645
88.590800	0.109406
88.590900	0.100403
88.591000	0.083618
88.591100	0.078430
88.591200	0.055237
88.591300	0.030212
88.591400	0.017853
88.591500	-0.002899
88.591600	-0.012817
88.591700	-0.016937
88.591800	-0.029297
88.591900	-0.034332
88.592000	-0.028229
88.592100	-0.026093
88.592200	-0.021210
88.592300	-0.024567
88.592400	-0.020294
88.592500	-0.020447
88.592600	-0.010681
88.592700	0.001068
88.592800	0.010834
88.592900	0.021057
88.593000	0.025177
88.593100	0.035400
88.593200	0.036774
88.593300	0.058746
88.593400	0.065460
88.593500	0.073853
88.593600	0.078888
88.593700	0.086975
88.593800	0.089874
88.593900	0.086975
88.594000	0.090485
88.594100	0.089111
88.594200	0.083160
88.594300	0.081635
88.594400	0.072784
88.594500	0.067902
88.594600	0.063019
88.594700	0.054016
88.594800	0.055084
88.594900	0.046082
88.595000	0.042267
88.595100	0.040283
88.595200	0.029449
88.595300	0.030365
88.595400	0.029602
88.595500	0.026855
88.595600	0.029907
88.595700	0.032043
88.595800	0.037689
88.595900	0.037384
88.596000	0.035400
88.596100	0.033569
88.596200	0.035095
88.596300	0.032043
88.596400	0.034943
88.596500	0.037842
88.596600	0.045319
88.596700	0.048828
88.596800	0.050507
88.596900	0.051270
88.597000	0.053864
88.597100	0.058441
88.597200	0.058289
88.597300	0.067291
88.597400	0.065765
88.597500	0.071564
88.597600	0.073242
88.597700	0.072937
88.597800	0.075073
88.597900	0.083008
88.598000	0.085754
88.598100	0.089569
88.598200	0.088043
88.598300	0.086365
88.598400	0.085449
88.598500	0.087585
88.598600	0.088501
88.598700	0.086975
88.598800	0.085602
88.598900	0.089111
88.599000	0.088348
88.599100	0.086975
88.599200	0.085754
88.599300	0.079956
88.599400	0.079346
88.599500	0.071716
88.599600	0.068207
88.599700	0.062103
88.599800	0.056610
88.599900	0.047760
88.600000	0.044556
88.600100	0.037231
88.600200	0.031433
88.600300	0.027161
88.600400	0.023499
88.600500	0.018768
88.600600	0.025330
88.600700	0.030670
88.600800	0.030060
88.600900	0.035400
88.601000	0.034027
88.601100	0.045166
88.601200	0.042877
88.601300	0.051422
88.601400	0.056458
88.601500	0.064087
88.601600	0.063019
88.601700	0.070190
88.601800	0.072479
88.601900	0.075989
88.602000	0.079956
88.602100	0.083618
88.602200	0.088501
88.602300	0.087891
88.602400	0.081177
88.602500	0.090332
88.602600	0.086365
88.602700	0.083618
88.602800	0.090332
88.602900	0.087433
88.603000	0.083008
88.603100	0.083160
88.603200	0.077667
88.603300	0.077362
88.603400	0.069885
88.603500	0.064087
88.603600	0.058746
88.603700	0.061340
88.603800	0.057526
88.603900	0.054626
88.604000	0.048523
88.604100	0.040588
88.604200	0.036163
88.604300	0.034637
88.604400	0.021667
88.604500	0.025177
88.604600	0.019379
88.604700	0.018005
88.604800	0.013428
88.604900	0.000153
88.605000	0.002899
88.605100	0.013733
88.605200	0.012360
88.605300	0.009766
88.605400	0.013275
88.605500	0.024567
88.605600	0.024719
88.605700	0.032806
88.605800	0.044556
88.605900	0.038452
88.606000	0.043640
88.606100	0.046692
88.606200	0.048370
88.606300	0.055847
88.606400	0.060272
88.606500	0.054932
88.606600	0.060577
88.606700	0.050812
88.606800	0.056610
88.606900	0.053558
88.607000	0.056458
88.607100	0.053711
88.607200	0.055847
88.607300	0.058899
88.607400	0.060577
88.607500	0.052643
88.607600	0.057373
88.607700	0.057373
88.607800	0.050507
88.607900	0.052490
88.608000	0.050354
88.608100	0.048370
88.608200	0.043335
88.608300	0.044098
88.608400	0.046387
88.608500	0.048676
88.608600	0.048370
88.608700	0.047150
88.608800	0.044403
88.608900	0.049896
88.609000	0.042267
88.609100	0.043793
88.609200	0.043793
88.609300	0.041809
88.609400	0.042572
88.609500	0.041199
88.609600	0.039215
88.609700	0.035400
88.609800	0.035095
88.609900	0.035706
88.610000	0.032654
88.610100	0.035706
88.610200	0.033722
88.610300	0.034485
88.610400	0.030518
88.610500	0.035858
88.610600	0.048828
88.610700	0.043182
88.610800	0.039520
88.610900	0.045624
88.611000	0.046692
88.611100	0.052948
88.611200	0.048523
88.611300	0.047302
88.611400	0.049591
88.611500	0.051575
88.611600	0.050964
88.611700	0.042419
88.611800	0.046997
88.611900	0.035858
88.612000	0.046997
88.612100	0.039673
88.612200	0.034180
88.612300	0.034943
88.612400	0.035400
88.612500	0.034332
88.612600	0.039673
88.612700	0.044403
88.612800	0.048218
88.612900	0.044861
88.613000	0.045776
88.613100	0.050507
88.613200	0.051880
88.613300	0.059204
88.613400	0.052185
88.613500	0.061493
88.613600	0.060730
88.613700	0.067139
88.613800	0.058899
88.613900	0.063171
88.614000	0.069733
88.614100	0.068817
88.614200	0.082397
88.614300	0.091248
88.614400	0.117340
88.614500	0.140228
88.614600	0.190277
88.614700	0.254974
88.614800	0.348206
88.614900	0.470428
88.615000	0.611115
88.615100	0.787048
88.615200	1.001434
88.615300	1.232605
88.615400	1.484528
88.615500	1.756744
88.615600	2.013245
88.615700	2.241364
88.615800	2.429199
88.615900	2.578278
88.616000	2.691956
88.616100	2.763824
88.616200	2.803040
88.616300	2.810211
88.616400	2.775269
88.616500	2.697906
88.616600	2.568665
88.616700	2.375031
88.616800	2.108612
88.616900	1.776581
88.617000	1.396179
88.617100	0.952454
88.617200	0.476379
88.617300	-0.028839
88.617400	-0.544739
88.617500	-1.003265
88.617600	-1.499329
88.617700	-1.911163
88.617800	-2.291260
88.617900	-2.606812
88.618000	-2.859497
88.618100	-3.030853
88.618200	-3.150024
88.618300	-3.207703
88.618400	-3.222504
88.618500	-3.197632
88.618600	-3.140717
88.618700	-3.056335
88.618800	-2.946930
88.618900	-2.791290
88.619000	-2.603760
88.619100	-2.384338
88.619200	-2.128906
88.619300	-1.862793
88.619400	-1.583862
88.619500	-1.304932
88.619600	-1.034851
88.619700	-0.807037
88.619800	-0.600891
88.619900	-0.425110
88.620000	-0.282440
88.620100	-0.180359
88.620200	-0.111389
88.620300	-0.060883
88.620400	-0.012970
88.620500	0.023499
88.620600	0.056458
88.620700	0.092316
88.620800	0.123444
88.620900	0.150146
88.621000	0.173950
88.621100	0.200195
88.621200	0.221405
88.621300	0.236664
88.621400	0.249939
88.621500	0.249481
88.621600	0.255432
88.621700	0.253601
88.621800	0.249634
88.621900	0.254364
88.622000	0.254211
88.622100	0.253296
88.622200	0.249329
88.622300	0.245209
88.622400	0.238190
88.622500	0.234375
88.622600	0.233002
88.622700	0.230408
88.622800	0.227966
88.622900	0.220490
88.623000	0.222168
88.623100	0.218353
88.623200	0.214844
88.623300	0.213318
88.623400	0.210419
88.623500	0.203247
88.623600	0.202179
88.623700	0.198364
88.623800	0.198975
88.623900	0.201111
88.624000	0.195770
88.624100	0.193481
88.624200	0.193481
88.624300	0.195007
88.624400	0.189667
88.624500	0.191650
88.624600	0.190277
88.624700	0.179901
88.624800	0.183563
88.624900	0.177765
88.625000	0.166016
88.625100	0.169525
88.625200	0.169067
88.625300	0.162354
88.625400	0.162506
88.625500	0.146484
88.625600	0.137024
88.625700	0.138702
88.625800	0.138550
88.625900	0.141602
88.626000	0.143433
88.626100	0.141296
88.626200	0.140228
88.626300	0.132446
88.626400	0.132599
88.626500	0.136108
88.626600	0.129089
88.626700	0.130310
88.626800	0.132294
88.626900	0.141754
88.627000	0.150604
88.627100	0.170288
88.627200	0.191193
