60.464900	0.028992
60.465000	0.032043
60.465100	0.034485
60.465200	0.030060
60.465300	0.026245
60.465400	0.034790
60.465500	0.037384
60.465600	0.030060
60.465700	0.030670
60.465800	0.028381
60.465900	0.034180
60.466000	0.025635
60.466100	0.031281
60.466200	0.030975
60.466300	0.028992
60.466400	0.027313
60.466500	0.027161
60.466600	0.031433
60.466700	0.031281
60.466800	0.035400
60.466900	0.030975
60.467000	0.029144
60.467100	0.026245
60.467200	0.032349
60.467300	0.034943
60.467400	0.030975
60.467500	0.030518
60.467600	0.034943
60.467700	0.033569
60.467800	0.033264
60.467900	0.031586
60.468000	0.030212
60.468100	0.030365
60.468200	0.032196
60.468300	0.032043
60.468400	0.034027
60.468500	0.033417
60.468600	0.034943
60.468700	0.033112
60.468800	0.034027
60.468900	0.031738
60.469000	0.031433
60.469100	0.030670
60.469200	0.030212
60.469300	0.030212
60.469400	0.030670
60.469500	0.030670
60.469600	0.027161
60.469700	0.033417
60.469800	0.033569
60.469900	0.034485
60.470000	0.032196
60.470100	0.034637
60.470200	0.027466
60.470300	0.035095
60.470400	0.032501
60.470500	0.036774
60.470600	0.035858
60.470700	0.027924
60.470800	0.030975
60.470900	0.037842
60.471000	0.034485
60.471100	0.040894
60.471200	0.033112
60.471300	0.037689
60.471400	0.033264
60.471500	0.037537
60.471600	0.037231
60.471700	0.044098
60.471800	0.045471
60.471900	0.046234
60.472000	0.046997
60.472100	0.045776
60.472200	0.043945
60.472300	0.048065
60.472400	0.047302
60.472500	0.045929
60.472600	0.047913
60.472700	0.045776
60.472800	0.048676
60.472900	0.054932
60.473000	0.050659
60.473100	0.050354
60.473200	0.050507
60.473300	0.052795
60.473400	0.054626
60.473500	0.052643
60.473600	0.044403
60.473700	0.049591
60.473800	0.047455
60.473900	0.053406
60.474000	0.049896
60.474100	0.044861
60.474200	0.043182
60.474300	0.048676
60.474400	0.049286
60.474500	0.047455
60.474600	0.045013
60.474700	0.053253
60.474800	0.048523
60.474900	0.049286
60.475000	0.043335
60.475100	0.046997
60.475200	0.045471
60.475300	0.047913
60.475400	0.049744
60.475500	0.043793
60.475600	0.044556
60.475700	0.043030
60.475800	0.046997
60.475900	0.042419
60.476000	0.047760
60.476100	0.047760
60.476200	0.048065
60.476300	0.045013
60.476400	0.040283
60.476500	0.047913
60.476600	0.047913
60.476700	0.044556
60.476800	0.040131
60.476900	0.040588
60.477000	0.043793
60.477100	0.046387
60.477200	0.047913
60.477300	0.045929
60.477400	0.045471
60.477500	0.046387
60.477600	0.042114
60.477700	0.046082
60.477800	0.041962
60.477900	0.039673
60.478000	0.041046
60.478100	0.044098
60.478200	0.039062
60.478300	0.039978
60.478400	0.043182
60.478500	0.042877
60.478600	0.039368
60.478700	0.044250
60.478800	0.039978
60.478900	0.039673
60.479000	0.039215
60.479100	0.038452
60.479200	0.042725
60.479300	0.042877
60.479400	0.041962
60.479500	0.040588
60.479600	0.037842
60.479700	0.043793
60.479800	0.036469
60.479900	0.039368
60.480000	0.039368
60.480100	0.039825
60.480200	0.037994
60.480300	0.036621
60.480400	0.035706
60.480500	0.036774
60.480600	0.038605
60.480700	0.036163
60.480800	0.039062
60.480900	0.035095
60.481000	0.036621
60.481100	0.033569
60.481200	0.037231
60.481300	0.034027
60.481400	0.035553
60.481500	0.034180
60.481600	0.035706
60.481700	0.040741
60.481800	0.040588
60.481900	0.036316
60.482000	0.037842
60.482100	0.038910
60.482200	0.035095
60.482300	0.037689
60.482400	0.038300
60.482500	0.032043
60.482600	0.032806
60.482700	0.033722
60.482800	0.033112
60.482900	0.036316
60.483000	0.032043
60.483100	0.030212
60.483200	0.032959
60.483300	0.031128
60.483400	0.028229
60.483500	0.032196
60.483600	0.036163
60.483700	0.037994
60.483800	0.033875
60.483900	0.035095
60.484000	0.027161
60.484100	0.033722
60.484200	0.029602
60.484300	0.031128
60.484400	0.031586
60.484500	0.029144
60.484600	0.029602
60.484700	0.029297
60.484800	0.026398
60.484900	0.031891
60.485000	0.027313
60.485100	0.030518
60.485200	0.027771
60.485300	0.029907
60.485400	0.031128
60.485500	0.031128
60.485600	0.032349
60.485700	0.027924
60.485800	0.030060
60.485900	0.028076
60.486000	0.028534
60.486100	0.028229
60.486200	0.028076
60.486300	0.033569
60.486400	0.036469
60.486500	0.036011
60.486600	0.028992
60.486700	0.033722
60.486800	0.031281
60.486900	0.036163
60.487000	0.034637
60.487100	0.033722
60.487200	0.039978
60.487300	0.037537
60.487400	0.034332
60.487500	0.036774
60.487600	0.032806
60.487700	0.037842
60.487800	0.039062
60.487900	0.041504
60.488000	0.039368
60.488100	0.041504
60.488200	0.039978
60.488300	0.036316
60.488400	0.032806
60.488500	0.031891
60.488600	0.037231
60.488700	0.034790
60.488800	0.035706
60.488900	0.036316
60.489000	0.037994
60.489100	0.036926
60.489200	0.035095
60.489300	0.038147
60.489400	0.040283
60.489500	0.035858
60.489600	0.036316
60.489700	0.038757
60.489800	0.037842
60.489900	0.032806
60.490000	0.031738
60.490100	0.032806
60.490200	0.034180
60.490300	0.034332
60.490400	0.034943
60.490500	0.036316
60.490600	0.035858
60.490700	0.030823
60.490800	0.027466
60.490900	0.029602
60.491000	0.030670
60.491100	0.033875
60.491200	0.032654
60.491300	0.029449
60.491400	0.035400
60.491500	0.037079
60.491600	0.034790
60.491700	0.032806
60.491800	0.032349
60.491900	0.036011
60.492000	0.032349
60.492100	0.033569
60.492200	0.032349
60.492300	0.035706
60.492400	0.028076
60.492500	0.031586
60.492600	0.032349
60.492700	0.032043
60.492800	0.030518
60.492900	0.030212
60.493000	0.026855
60.493100	0.030670
60.493200	0.031433
60.493300	0.029755
60.493400	0.028229
60.493500	0.027771
60.493600	0.033417
60.493700	0.032043
60.493800	0.030212
60.493900	0.033569
60.494000	0.027618
60.494100	0.025482
60.494200	0.028076
60.494300	0.029144
60.494400	0.027924
60.494500	0.032501
60.494600	0.037994
60.494700	0.033264
60.494800	0.031281
60.494900	0.032959
60.495000	0.030212
60.495100	0.028992
60.495200	0.028839
60.495300	0.029755
60.495400	0.030060
60.495500	0.028534
60.495600	0.029602
60.495700	0.026703
60.495800	0.025635
60.495900	0.027313
60.496000	0.027008
60.496100	0.028076
60.496200	0.027008
60.496300	0.025177
60.496400	0.027618
60.496500	0.027466
60.496600	0.026093
60.496700	0.025330
60.496800	0.024567
60.496900	0.024719
60.497000	0.026245
60.497100	0.032501
60.497200	0.032043
60.497300	0.033112
60.497400	0.033264
60.497500	0.031128
60.497600	0.024109
60.497700	0.028076
60.497800	0.027466
60.497900	0.025177
60.498000	0.026855
60.498100	0.022888
60.498200	0.022888
60.498300	0.027924
60.498400	0.033722
60.498500	0.029602
60.498600	0.025940
60.498700	0.028229
60.498800	0.025482
60.498900	0.020752
60.499000	0.024872
60.499100	0.018921
60.499200	0.019684
60.499300	0.023193
60.499400	0.025177
60.499500	0.031281
60.499600	0.026855
60.499700	0.033112
60.499800	0.027618
60.499900	0.031586
60.500000	0.028076
60.500100	0.033264
60.500200	0.030670
60.500300	0.027466
60.500400	0.025482
60.500500	0.031128
60.500600	0.032043
60.500700	0.022583
60.500800	0.029755
60.500900	0.027161
60.501000	0.028076
60.501100	0.027161
60.501200	0.030212
60.501300	0.033569
60.501400	0.034637
60.501500	0.031281
60.501600	0.030823
60.501700	0.029602
60.501800	0.027313
60.501900	0.031128
60.502000	0.028992
60.502100	0.034943
60.502200	0.032043
60.502300	0.030365
60.502400	0.027466
60.502500	0.025787
60.502600	0.032196
60.502700	0.036316
60.502800	0.033569
60.502900	0.028839
60.503000	0.032043
60.503100	0.033722
60.503200	0.035248
60.503300	0.031128
60.503400	0.029907
60.503500	0.031891
60.503600	0.032959
60.503700	0.034027
60.503800	0.028687
60.503900	0.033264
60.504000	0.029297
60.504100	0.029144
60.504200	0.032501
60.504300	0.033264
60.504400	0.031738
60.504500	0.029602
60.504600	0.030518
60.504700	0.029297
60.504800	0.034485
60.504900	0.028534
60.505000	0.029755
60.505100	0.029297
60.505200	0.032043
60.505300	0.032196
60.505400	0.029907
60.505500	0.030823
60.505600	0.032654
60.505700	0.032654
60.505800	0.036316
60.505900	0.034485
60.506000	0.032043
60.506100	0.029907
60.506200	0.032043
60.506300	0.032806
60.506400	0.035706
60.506500	0.032654
60.506600	0.029602
60.506700	0.027771
60.506800	0.030365
60.506900	0.028229
60.507000	0.028076
60.507100	0.029297
60.507200	0.035858
60.507300	0.033112
60.507400	0.030670
60.507500	0.031433
60.507600	0.033417
60.507700	0.029449
60.507800	0.027161
60.507900	0.035400
60.508000	0.032654
60.508100	0.030365
60.508200	0.031738
60.508300	0.028687
60.508400	0.026093
60.508500	0.031433
60.508600	0.033264
60.508700	0.034332
60.508800	0.030670
60.508900	0.024719
60.509000	0.025482
60.509100	0.036011
60.509200	0.030823
60.509300	0.028534
60.509400	0.031738
60.509500	0.030060
60.509600	0.032043
60.509700	0.032959
60.509800	0.035095
60.509900	0.027924
60.510000	0.028076
60.510100	0.031738
60.510200	0.029144
60.510300	0.028076
60.510400	0.030365
60.510500	0.029602
60.510600	0.030365
60.510700	0.029449
60.510800	0.031738
60.510900	0.032654
60.511000	0.032501
60.511100	0.030518
60.511200	0.027771
60.511300	0.030212
60.511400	0.032043
60.511500	0.030975
60.511600	0.028076
60.511700	0.025482
60.511800	0.031891
60.511900	0.028687
60.512000	0.034943
60.512100	0.034180
60.512200	0.031128
60.512300	0.031281
60.512400	0.029449
60.512500	0.026245
60.512600	0.030060
60.512700	0.036011
60.512800	0.032806
60.512900	0.035095
60.513000	0.027924
60.513100	0.030518
60.513200	0.032196
60.513300	0.028687
60.513400	0.033417
60.513500	0.030975
60.513600	0.033569
60.513700	0.032959
60.513800	0.031586
60.513900	0.032959
60.514000	0.032043
60.514100	0.031281
60.514200	0.034790
60.514300	0.033722
60.514400	0.035706
60.514500	0.032196
60.514600	0.033417
60.514700	0.033264
60.514800	0.028839
60.514900	0.032349
60.515000	0.030670
60.515100	0.030212
60.515200	0.029297
60.515300	0.028687
60.515400	0.030975
60.515500	0.035553
60.515600	0.034027
60.515700	0.030365
60.515800	0.028381
60.515900	0.027618
60.516000	0.026398
60.516100	0.031891
60.516200	0.031433
60.516300	0.032196
60.516400	0.031738
60.516500	0.036926
60.516600	0.034332
60.516700	0.033417
60.516800	0.034027
60.516900	0.031128
60.517000	0.034332
60.517100	0.033875
60.517200	0.029907
60.517300	0.030212
60.517400	0.036621
60.517500	0.033569
60.517600	0.030975
60.517700	0.033112
60.517800	0.035553
60.517900	0.031738
60.518000	0.037384
60.518100	0.036163
60.518200	0.032501
60.518300	0.033569
60.518400	0.032043
