158.615300	0.046997
158.615400	0.047607
158.615500	0.043488
158.615600	0.044556
158.615700	0.052490
158.615800	0.046539
158.615900	0.069427
158.616000	0.097809
158.616100	0.133362
158.616200	0.185089
158.616300	0.249481
158.616400	0.329895
158.616500	0.400085
158.616600	0.420532
158.616700	0.393066
158.616800	0.345001
158.616900	0.302429
158.617000	0.244598
158.617100	0.194702
158.617200	0.148621
158.617300	0.092010
158.617400	0.024719
158.617500	-0.032196
158.617600	-0.099487
158.617700	-0.156097
158.617800	-0.209198
158.617900	-0.257568
158.618000	-0.307159
158.618100	-0.343628
158.618200	-0.378723
158.618300	-0.399780
158.618400	-0.433350
158.618500	-0.429077
158.618600	-0.370941
158.618700	-0.295258
158.618800	-0.217896
158.618900	-0.141144
158.619000	-0.087585
158.619100	-0.031128
158.619200	0.003815
158.619300	0.019379
158.619400	0.025940
158.619500	0.029755
158.619600	0.038910
158.619700	0.039825
158.619800	0.041504
158.619900	0.038452
158.620000	0.041962
158.620100	0.046387
158.620200	0.042877
158.620300	0.041504
158.620400	0.038757
158.620500	0.040588
158.620600	0.037537
158.620700	0.034332
158.620800	0.033112
158.620900	0.034027
158.621000	0.030823
158.621100	0.026550
158.621200	0.023956
158.621300	0.027313
158.621400	0.026550
158.621500	0.022278
158.621600	0.018005
158.621700	0.018311
158.621800	0.021515
158.621900	0.017700
158.622000	0.021515
158.622100	0.021820
158.622200	0.019379
158.622300	0.023346
158.622400	0.013428
158.622500	0.009308
158.622600	0.004425
158.622700	0.005798
158.622800	0.005798
158.622900	0.004578
158.623000	0.008850
158.623100	0.008698
158.623200	0.012665
158.623300	0.019226
158.623400	0.014038
158.623500	0.013733
158.623600	0.010681
158.623700	0.010681
158.623800	0.005493
158.623900	0.006866
158.624000	0.011292
158.624100	0.014496
158.624200	0.006256
158.624300	0.003662
158.624400	0.001678
158.624500	0.007172
158.624600	0.007324
158.624700	0.011902
158.624800	0.003967
158.624900	0.002441
158.625000	0.006714
158.625100	0.005341
158.625200	0.010986
158.625300	0.016479
158.625400	0.006561
158.625500	-0.001831
158.625600	-0.008545
158.625700	-0.013885
158.625800	-0.014343
158.625900	-0.019379
158.626000	-0.023041
158.626100	-0.028992
158.626200	-0.027313
158.626300	-0.023804
158.626400	-0.020599
158.626500	-0.018921
158.626600	-0.017700
158.626700	-0.013733
158.626800	-0.011139
158.626900	-0.004120
158.627000	-0.000763
158.627100	0.001068
158.627200	0.002594
158.627300	-0.000458
158.627400	0.004425
158.627500	0.002899
158.627600	-0.001373
158.627700	-0.005341
158.627800	-0.003204
158.627900	-0.007019
158.628000	0.000153
158.628100	-0.007324
158.628200	-0.007629
158.628300	-0.007629
158.628400	0.001373
158.628500	0.004120
158.628600	0.014496
158.628700	0.030670
158.628800	0.050201
158.628900	0.061493
158.629000	0.081482
158.629100	0.095215
158.629200	0.106506
158.629300	0.107574
158.629400	0.098114
158.629500	0.089569
158.629600	0.069580
158.629700	0.040283
158.629800	0.011597
158.629900	-0.007935
158.630000	-0.016479
158.630100	-0.014343
158.630200	0.008087
158.630300	0.034027
158.630400	0.055389
158.630500	0.063324
158.630600	0.080109
158.630700	0.090637
158.630800	0.095673
158.630900	0.081177
158.631000	0.051422
158.631100	0.020294
158.631200	-0.020599
158.631300	-0.061951
158.631400	-0.105133
158.631500	-0.131683
158.631600	-0.144958
158.631700	-0.147247
158.631800	-0.153809
158.631900	-0.147705
158.632000	-0.135498
158.632100	-0.116730
158.632200	-0.092773
158.632300	-0.072937
158.632400	-0.064545
158.632500	-0.047607
158.632600	-0.042267
158.632700	-0.044556
158.632800	-0.037079
158.632900	-0.038300
158.633000	-0.043182
158.633100	-0.039825
158.633200	-0.043640
158.633300	-0.035400
158.633400	-0.023499
158.633500	-0.022736
158.633600	-0.010986
158.633700	-0.007629
158.633800	-0.014191
158.633900	-0.007324
158.634000	-0.002441
158.634100	0.008240
158.634200	0.010376
158.634300	0.011139
158.634400	0.019073
158.634500	0.013428
158.634600	0.011749
158.634700	0.008545
158.634800	0.009613
158.634900	0.012817
158.635000	0.012207
158.635100	0.001221
158.635200	-0.001373
158.635300	0.002136
158.635400	0.001373
158.635500	-0.002747
158.635600	-0.006561
158.635700	-0.008850
158.635800	-0.008850
158.635900	-0.005646
158.636000	-0.008087
158.636100	-0.002289
158.636200	-0.001831
158.636300	-0.004120
158.636400	0.003815
158.636500	0.008087
158.636600	0.006409
158.636700	0.010223
158.636800	0.008698
158.636900	0.008392
158.637000	0.009003
158.637100	0.003204
158.637200	0.007324
158.637300	0.003204
158.637400	0.005035
158.637500	0.011444
158.637600	0.010681
158.637700	0.005798
158.637800	0.007935
158.637900	0.007477
158.638000	0.006409
158.638100	0.006409
158.638200	0.007324
158.638300	0.001831
158.638400	0.006561
158.638500	0.003662
158.638600	0.003967
158.638700	0.002899
158.638800	0.010223
158.638900	0.010376
158.639000	0.012512
158.639100	0.013580
158.639200	0.010071
158.639300	0.010529
158.639400	0.013123
158.639500	0.013885
158.639600	0.009003
158.639700	0.012207
158.639800	0.008850
158.639900	0.007019
158.640000	0.010223
158.640100	0.014954
158.640200	0.015564
158.640300	0.007782
158.640400	0.003204
158.640500	0.009003
158.640600	0.001984
158.640700	0.010223
158.640800	0.011902
158.640900	0.021820
158.641000	0.049591
158.641100	0.093842
158.641200	0.162811
158.641300	0.256500
158.641400	0.386810
158.641500	0.503235
158.641600	0.556946
158.641700	0.547333
158.641800	0.511780
158.641900	0.455475
158.642000	0.378113
158.642100	0.266571
158.642200	0.129395
158.642300	-0.034943
158.642400	-0.184784
158.642500	-0.312042
158.642600	-0.406952
158.642700	-0.471497
158.642800	-0.515289
158.642900	-0.553894
158.643000	-0.575409
158.643100	-0.544739
158.643200	-0.446167
158.643300	-0.323792
158.643400	-0.214539
158.643500	-0.123291
158.643600	-0.062103
158.643700	-0.032501
158.643800	-0.020142
158.643900	-0.010681
158.644000	-0.013428
158.644100	-0.013123
158.644200	-0.012970
158.644300	-0.015106
158.644400	-0.014648
158.644500	-0.012665
158.644600	-0.017700
158.644700	-0.018311
158.644800	-0.033417
158.644900	-0.043488
158.645000	-0.050354
158.645100	-0.048523
158.645200	-0.043488
158.645300	-0.035400
158.645400	-0.030212
158.645500	-0.027313
158.645600	-0.019073
158.645700	-0.011139
158.645800	-0.008698
158.645900	0.001373
158.646000	0.000305
158.646100	-0.001221
158.646200	-0.004425
158.646300	0.002594
158.646400	0.002899
158.646500	0.002594
158.646600	0.006714
158.646700	0.010223
158.646800	0.005493
158.646900	0.009613
158.647000	0.008240
158.647100	0.010071
158.647200	0.011292
158.647300	0.016327
158.647400	0.017700
158.647500	0.025024
158.647600	0.020752
158.647700	0.016632
158.647800	0.018921
158.647900	0.019073
158.648000	0.021973
158.648100	0.034790
158.648200	0.074768
158.648300	0.125275
158.648400	0.220642
158.648500	0.345917
158.648600	0.510712
158.648700	0.682373
158.648800	0.819702
158.648900	0.892181
158.649000	0.924988
158.649100	0.909119
158.649200	0.863342
158.649300	0.776520
158.649400	0.627747
158.649500	0.420074
158.649600	0.193939
158.649700	-0.032959
158.649800	-0.245209
158.649900	-0.461731
158.650000	-0.681000
158.650100	-0.861816
158.650200	-0.974121
158.650300	-1.018677
158.650400	-0.996246
158.650500	-0.940552
158.650600	-0.856476
158.650700	-0.744476
158.650800	-0.592651
158.650900	-0.436707
158.651000	-0.295258
158.651100	-0.175629
158.651200	-0.085907
158.651300	-0.031128
158.651400	0.001526
158.651500	0.020599
158.651600	0.024109
158.651700	0.022583
158.651800	0.019531
158.651900	0.007324
158.652000	0.000458
158.652100	-0.011749
158.652200	-0.021515
158.652300	-0.028381
158.652400	-0.032501
158.652500	-0.036621
158.652600	-0.042572
158.652700	-0.045624
158.652800	-0.046234
158.652900	-0.041809
158.653000	-0.046844
158.653100	-0.041656
158.653200	-0.044098
158.653300	-0.037384
158.653400	-0.029297
158.653500	-0.018005
158.653600	-0.013275
158.653700	-0.012817
158.653800	-0.003204
158.653900	0.000763
158.654000	0.005798
158.654100	0.008850
158.654200	0.010681
158.654300	0.015259
158.654400	0.012054
158.654500	0.018768
158.654600	0.016632
158.654700	0.018616
158.654800	0.015259
158.654900	0.024567
158.655000	0.027313
158.655100	0.040588
158.655200	0.068665
158.655300	0.111847
158.655400	0.175323
158.655500	0.258636
158.655600	0.360260
158.655700	0.442657
158.655800	0.490723
158.655900	0.489502
158.656000	0.449371
158.656100	0.386505
158.656200	0.300446
158.656300	0.210114
158.656400	0.112305
158.656500	0.003662
158.656600	-0.104980
158.656700	-0.207062
158.656800	-0.301208
158.656900	-0.371704
158.657000	-0.429535
158.657100	-0.458221
158.657200	-0.473175
158.657300	-0.446472
158.657400	-0.394287
158.657500	-0.311127
158.657600	-0.220490
158.657700	-0.125122
158.657800	-0.050049
158.657900	0.004120
158.658000	0.041504
158.658100	0.070038
158.658200	0.087891
158.658300	0.092468
158.658400	0.090027
158.658500	0.080414
158.658600	0.079041
158.658700	0.071869
158.658800	0.070801
158.658900	0.068665
158.659000	0.066528
158.659100	0.057068
158.659200	0.040283
158.659300	0.004425
158.659400	-0.026398
158.659500	-0.052338
158.659600	-0.059509
158.659700	-0.061035
158.659800	-0.064697
158.659900	-0.071564
158.660000	-0.073242
158.660100	-0.074768
158.660200	-0.070496
158.660300	-0.067749
158.660400	-0.054779
158.660500	-0.039825
158.660600	-0.039062
158.660700	-0.031281
158.660800	-0.038300
158.660900	-0.042725
158.661000	-0.037537
158.661100	-0.035248
158.661200	-0.036926
158.661300	-0.033264
158.661400	-0.031738
158.661500	-0.021362
158.661600	-0.012207
158.661700	-0.002594
158.661800	0.003052
158.661900	0.009613
158.662000	0.008698
158.662100	0.010376
158.662200	0.009766
158.662300	0.006866
158.662400	0.000458
158.662500	-0.001221
158.662600	-0.000763
158.662700	0.000610
158.662800	0.003052
158.662900	0.010529
158.663000	0.015869
158.663100	0.012970
158.663200	0.015259
158.663300	0.017242
158.663400	0.019073
158.663500	0.021973
158.663600	0.021362
158.663700	0.022278
158.663800	0.016632
158.663900	0.009766
158.664000	0.009918
158.664100	0.011444
158.664200	0.012207
158.664300	0.003510
158.664400	0.005646
158.664500	0.005035
158.664600	0.009766
158.664700	0.002899
158.664800	0.004272
158.664900	0.007172
158.665000	0.000153
158.665100	-0.001678
158.665200	-0.004120
158.665300	-0.003357
158.665400	0.003510
158.665500	0.009613
158.665600	0.027161
158.665700	0.051575
158.665800	0.102081
158.665900	0.186462
158.666000	0.303040
158.666100	0.507812
158.666200	0.778351
158.666300	1.108704
158.666400	1.527405
158.666500	2.078247
158.666600	2.734375
158.666700	3.291168
158.666800	3.459320
158.666900	3.334351
158.667000	3.155823
158.667100	3.009338
158.667200	2.843170
158.667300	2.472076
158.667400	1.714020
158.667500	0.710144
158.667600	-0.252838
158.667700	-1.077271
158.667800	-2.269745
158.667900	-3.217926
158.668000	-3.889465
158.668100	-4.112244
158.668200	-3.992310
158.668300	-3.756409
158.668400	-3.532562
158.668500	-3.343201
158.668600	-3.041992
158.668700	-2.481232
158.668800	-1.755066
