351.536900	0.150299
351.537000	0.155487
351.537100	0.153809
351.537200	0.150452
351.537300	0.153046
351.537400	0.149231
351.537500	0.150757
351.537600	0.155487
351.537700	0.152893
351.537800	0.149231
351.537900	0.152740
351.538000	0.154877
351.538100	0.153046
351.538200	0.152283
351.538300	0.155487
351.538400	0.149231
351.538500	0.154419
351.538600	0.151062
351.538700	0.146179
351.538800	0.144196
351.538900	0.141602
351.539000	0.143280
351.539100	0.145874
351.539200	0.146179
351.539300	0.144653
351.539400	0.142517
351.539500	0.142517
351.539600	0.140533
351.539700	0.133057
351.539800	0.132141
351.539900	0.135040
351.540000	0.135803
351.540100	0.129395
351.540200	0.131378
351.540300	0.129395
351.540400	0.128021
351.540500	0.122528
351.540600	0.121613
351.540700	0.116272
351.540800	0.109406
351.540900	0.111084
351.541000	0.108948
351.541100	0.104065
351.541200	0.099335
351.541300	0.095520
351.541400	0.090179
351.541500	0.087280
351.541600	0.084686
351.541700	0.079041
351.541800	0.068054
351.541900	0.066376
351.542000	0.061340
351.542100	0.057373
351.542200	0.053253
351.542300	0.048218
351.542400	0.041504
351.542500	0.038452
351.542600	0.030518
351.542700	0.026093
351.542800	0.023804
351.542900	0.017853
351.543000	0.014496
351.543100	0.011444
351.543200	0.007019
351.543300	0.005951
351.543400	0.007324
351.543500	0.003510
351.543600	-0.002594
351.543700	-0.004425
351.543800	-0.006866
351.543900	-0.002747
351.544000	-0.008087
351.544100	-0.014038
351.544200	-0.012665
351.544300	-0.014801
351.544400	-0.017853
351.544500	-0.020905
351.544600	-0.021973
351.544700	-0.016327
351.544800	-0.018768
351.544900	-0.021210
351.545000	-0.018768
351.545100	-0.019989
351.545200	-0.026093
351.545300	-0.021973
351.545400	-0.024567
351.545500	-0.022430
351.545600	-0.029907
351.545700	-0.029602
351.545800	-0.025024
351.545900	-0.026550
351.546000	-0.022125
351.546100	-0.024567
351.546200	-0.024109
351.546300	-0.024719
351.546400	-0.019379
351.546500	-0.021820
351.546600	-0.026550
351.546700	-0.025024
351.546800	-0.020599
351.546900	-0.019531
351.547000	-0.018463
351.547100	-0.020905
351.547200	-0.020599
351.547300	-0.016937
351.547400	-0.017395
351.547500	-0.014801
351.547600	-0.015869
351.547700	-0.013275
351.547800	-0.013428
351.547900	-0.019073
351.548000	-0.018921
351.548100	-0.016022
351.548200	-0.016022
351.548300	-0.018463
351.548400	-0.015259
351.548500	-0.016785
351.548600	-0.021362
351.548700	-0.017090
351.548800	-0.017242
351.548900	-0.010986
351.549000	-0.012817
351.549100	-0.011902
351.549200	-0.008698
351.549300	-0.009460
351.549400	-0.013580
351.549500	-0.013885
351.549600	-0.019226
351.549700	-0.010223
351.549800	-0.009308
351.549900	-0.005798
351.550000	-0.008545
351.550100	-0.009155
351.550200	-0.010834
351.550300	-0.010834
351.550400	-0.009155
351.550500	-0.011749
351.550600	-0.011444
351.550700	-0.010071
351.550800	-0.008240
351.550900	-0.012512
351.551000	-0.006104
351.551100	-0.008850
351.551200	-0.009003
351.551300	-0.009460
351.551400	-0.009766
351.551500	-0.005188
351.551600	-0.003357
351.551700	-0.005493
351.551800	-0.008698
351.551900	-0.001678
351.552000	-0.006409
351.552100	-0.013123
351.552200	-0.008545
351.552300	-0.005646
351.552400	-0.009003
351.552500	-0.002441
351.552600	-0.003357
351.552700	-0.008698
351.552800	-0.009155
351.552900	-0.008392
351.553000	-0.007477
351.553100	-0.009766
351.553200	-0.013885
351.553300	-0.006714
351.553400	-0.003967
351.553500	-0.004272
351.553600	-0.001373
351.553700	-0.003052
351.553800	-0.006104
351.553900	-0.005951
351.554000	-0.007477
351.554100	-0.004578
351.554200	-0.003357
351.554300	-0.007172
351.554400	-0.003510
351.554500	-0.001221
351.554600	-0.005035
351.554700	-0.004578
351.554800	-0.000153
351.554900	-0.001678
351.555000	0.001678
351.555100	0.002441
351.555200	0.000916
351.555300	0.000763
351.555400	0.001831
351.555500	0.002289
351.555600	0.001526
351.555700	0.006866
351.555800	0.001068
351.555900	0.004425
351.556000	0.003815
351.556100	0.003815
351.556200	0.001221
351.556300	0.003357
351.556400	0.005798
351.556500	0.008545
351.556600	0.005951
351.556700	0.006409
351.556800	0.004578
351.556900	0.006104
351.557000	0.005493
351.557100	0.003052
351.557200	0.000916
351.557300	0.003510
351.557400	-0.002136
351.557500	0.004272
351.557600	0.006866
351.557700	0.004120
351.557800	0.007019
351.557900	0.006561
351.558000	0.007019
351.558100	0.007019
351.558200	0.010529
351.558300	0.007477
351.558400	0.010986
351.558500	0.010986
351.558600	0.008087
351.558700	0.007172
351.558800	0.011292
351.558900	0.008392
351.559000	0.007324
351.559100	0.010376
351.559200	0.011749
351.559300	0.007324
351.559400	0.005188
351.559500	0.007324
351.559600	0.012817
351.559700	0.010071
351.559800	0.012207
351.559900	0.011902
351.560000	0.009003
351.560100	0.005798
351.560200	0.007324
351.560300	0.008545
351.560400	0.007477
351.560500	0.009766
351.560600	0.008087
351.560700	0.004578
351.560800	0.004425
351.560900	0.007629
351.561000	0.009766
351.561100	0.011902
351.561200	0.012970
351.561300	0.013580
351.561400	0.008850
351.561500	0.008087
351.561600	0.007019
351.561700	0.008240
351.561800	0.010223
351.561900	0.014191
351.562000	0.010834
351.562100	0.009308
351.562200	0.006714
351.562300	0.004120
351.562400	0.006104
351.562500	0.005035
351.562600	0.005493
351.562700	0.006104
351.562800	0.001526
351.562900	0.004272
351.563000	0.005646
351.563100	0.007019
351.563200	0.005188
351.563300	0.007782
351.563400	0.008545
351.563500	0.009003
351.563600	0.007935
351.563700	0.003204
351.563800	0.008545
351.563900	0.007935
351.564000	0.002441
351.564100	0.006409
351.564200	0.005035
351.564300	0.005646
351.564400	0.004883
351.564500	0.003967
351.564600	0.003815
351.564700	0.007935
351.564800	0.001831
351.564900	0.003967
351.565000	0.000153
351.565100	0.001068
351.565200	0.000763
351.565300	0.005493
351.565400	0.001678
351.565500	-0.001831
351.565600	0.004883
351.565700	0.004425
351.565800	0.003204
351.565900	0.004578
351.566000	0.004883
351.566100	0.004578
351.566200	0.005646
351.566300	0.002136
351.566400	0.005493
351.566500	0.005798
351.566600	0.000610
351.566700	0.003052
351.566800	0.000610
351.566900	-0.003967
351.567000	-0.005798
351.567100	-0.001373
351.567200	-0.003204
351.567300	-0.003967
351.567400	0.000610
351.567500	-0.001068
351.567600	0.001984
351.567700	-0.002136
351.567800	-0.005798
351.567900	-0.002747
351.568000	-0.005646
351.568100	-0.005798
351.568200	-0.004272
351.568300	-0.004272
351.568400	-0.004730
351.568500	-0.002289
351.568600	-0.003662
351.568700	-0.000763
351.568800	-0.006409
351.568900	-0.003204
351.569000	-0.004883
351.569100	-0.005493
351.569200	-0.007172
351.569300	-0.005188
351.569400	-0.000610
351.569500	-0.004120
351.569600	-0.007629
351.569700	-0.006561
351.569800	-0.003510
351.569900	-0.006409
351.570000	0.000916
351.570100	-0.001526
351.570200	-0.002441
351.570300	0.000153
351.570400	0.003662
351.570500	0.006409
351.570600	0.003662
351.570700	0.005798
351.570800	0.003967
351.570900	0.003662
351.571000	0.007477
351.571100	0.012512
351.571200	0.011597
351.571300	0.015411
351.571400	0.010681
351.571500	0.014496
351.571600	0.012054
351.571700	0.014191
351.571800	0.017090
351.571900	0.019531
351.572000	0.018463
351.572100	0.022278
351.572200	0.019226
351.572300	0.024872
351.572400	0.025482
351.572500	0.026398
351.572600	0.023804
351.572700	0.024567
351.572800	0.032196
351.572900	0.027008
351.573000	0.029449
351.573100	0.034027
351.573200	0.037689
351.573300	0.039978
351.573400	0.036011
351.573500	0.041962
351.573600	0.043640
351.573700	0.040741
351.573800	0.044098
351.573900	0.050659
351.574000	0.052032
351.574100	0.052338
351.574200	0.047302
351.574300	0.052185
351.574400	0.050049
351.574500	0.052185
351.574600	0.053711
351.574700	0.050354
351.574800	0.046692
351.574900	0.048828
351.575000	0.051270
351.575100	0.050964
351.575200	0.048981
351.575300	0.048065
351.575400	0.048828
351.575500	0.045319
351.575600	0.045166
351.575700	0.043182
351.575800	0.039062
351.575900	0.041504
351.576000	0.041809
351.576100	0.033722
351.576200	0.032349
351.576300	0.028687
351.576400	0.031891
351.576500	0.029144
351.576600	0.025330
351.576700	0.025177
351.576800	0.018616
351.576900	0.016327
351.577000	0.013123
351.577100	0.006256
351.577200	-0.001678
351.577300	-0.006256
351.577400	-0.010986
351.577500	-0.014496
351.577600	-0.024261
351.577700	-0.031738
351.577800	-0.032501
351.577900	-0.042419
351.578000	-0.054321
351.578100	-0.064545
351.578200	-0.073700
351.578300	-0.085297
351.578400	-0.095367
351.578500	-0.103302
351.578600	-0.116119
351.578700	-0.126648
351.578800	-0.139465
351.578900	-0.152893
351.579000	-0.160980
351.579100	-0.175323
351.579200	-0.188141
351.579300	-0.202789
351.579400	-0.216980
351.579500	-0.227356
351.579600	-0.242615
351.579700	-0.254822
351.579800	-0.271606
351.579900	-0.283813
351.580000	-0.297241
351.580100	-0.307007
351.580200	-0.325775
351.580300	-0.343475
351.580400	-0.353241
351.580500	-0.367584
351.580600	-0.380554
351.580700	-0.392151
351.580800	-0.395203
351.580900	-0.408020
351.581000	-0.419159
351.581100	-0.424652
351.581200	-0.433960
351.581300	-0.433350
351.581400	-0.434723
351.581500	-0.433502
351.581600	-0.434418
351.581700	-0.429382
351.581800	-0.430756
351.581900	-0.424805
351.582000	-0.416870
351.582100	-0.411682
351.582200	-0.400238
351.582300	-0.388947
351.582400	-0.379639
351.582500	-0.368042
351.582600	-0.360718
351.582700	-0.346069
351.582800	-0.333862
351.582900	-0.323944
351.583000	-0.312805
351.583100	-0.304871
351.583200	-0.286560
351.583300	-0.277710
351.583400	-0.268402
351.583500	-0.256500
351.583600	-0.245056
351.583700	-0.231781
351.583800	-0.220032
351.583900	-0.204468
351.584000	-0.189514
351.584100	-0.180664
351.584200	-0.166931
351.584300	-0.155945
351.584400	-0.138702
351.584500	-0.128632
351.584600	-0.119629
351.584700	-0.100403
351.584800	-0.086823
351.584900	-0.072632
351.585000	-0.059967
351.585100	-0.047607
351.585200	-0.028687
351.585300	-0.016937
351.585400	-0.000458
351.585500	0.011139
351.585600	0.022583
351.585700	0.037231
351.585800	0.050659
351.585900	0.070038
351.586000	0.078735
351.586100	0.089569
351.586200	0.105591
351.586300	0.126343
351.586400	0.139618
351.586500	0.150299
351.586600	0.166931
351.586700	0.182800
351.586800	0.196228
351.586900	0.208435
351.587000	0.221252
351.587100	0.239716
351.587200	0.250397
351.587300	0.268250
351.587400	0.280151
351.587500	0.289917
351.587600	0.301056
351.587700	0.318451
351.587800	0.325623
351.587900	0.335236
351.588000	0.354614
351.588100	0.363770
351.588200	0.376129
351.588300	0.383759
351.588400	0.392609
351.588500	0.400085
351.588600	0.413513
351.588700	0.425110
351.588800	0.433350
351.588900	0.444336
351.589000	0.451813
351.589100	0.462189
351.589200	0.463867
351.589300	0.476074
351.589400	0.475311
351.589500	0.485840
351.589600	0.495605
351.589700	0.502167
351.589800	0.507202
351.589900	0.515900
351.590000	0.521088
351.590100	0.526428
351.590200	0.531311
351.590300	0.530701
351.590400	0.538635
