126.973700	0.047913
126.973800	0.040741
126.973900	0.039825
126.974000	0.040283
126.974100	0.037079
126.974200	0.032806
126.974300	0.040436
126.974400	0.044098
126.974500	0.045319
126.974600	0.044861
126.974700	0.046997
126.974800	0.043793
126.974900	0.044861
126.975000	0.047607
126.975100	0.048065
126.975200	0.046539
126.975300	0.048218
126.975400	0.042572
126.975500	0.047455
126.975600	0.052338
126.975700	0.055542
126.975800	0.052795
126.975900	0.049744
126.976000	0.051117
126.976100	0.051422
126.976200	0.044250
126.976300	0.046082
126.976400	0.043182
126.976500	0.044250
126.976600	0.042419
126.976700	0.036926
126.976800	0.038605
126.976900	0.040283
126.977000	0.042725
126.977100	0.042877
126.977200	0.043793
126.977300	0.050354
126.977400	0.045166
126.977500	0.042725
126.977600	0.046539
126.977700	0.047760
126.977800	0.054626
126.977900	0.054474
126.978000	0.054016
126.978100	0.064240
126.978200	0.057831
126.978300	0.054932
126.978400	0.055237
126.978500	0.051727
126.978600	0.051575
126.978700	0.049438
126.978800	0.054932
126.978900	0.051575
126.979000	0.058594
126.979100	0.048676
126.979200	0.043182
126.979300	0.050812
126.979400	0.045624
126.979500	0.042267
126.979600	0.050507
126.979700	0.044556
126.979800	0.038605
126.979900	0.034485
126.980000	0.034943
126.980100	0.031586
126.980200	0.030212
126.980300	0.025177
126.980400	0.018921
126.980500	0.020142
126.980600	0.022278
126.980700	0.021820
126.980800	0.022125
126.980900	0.020142
126.981000	0.021057
126.981100	0.022583
126.981200	0.018616
126.981300	0.015259
126.981400	0.018311
126.981500	0.021820
126.981600	0.023651
126.981700	0.024261
126.981800	0.022888
126.981900	0.028229
126.982000	0.035400
126.982100	0.037079
126.982200	0.036316
126.982300	0.036621
126.982400	0.035553
126.982500	0.039673
126.982600	0.043945
126.982700	0.047760
126.982800	0.049438
126.982900	0.047760
126.983000	0.051575
126.983100	0.056305
126.983200	0.053101
126.983300	0.045776
126.983400	0.053864
126.983500	0.050201
126.983600	0.047150
126.983700	0.050812
126.983800	0.047607
126.983900	0.043640
126.984000	0.042419
126.984100	0.043182
126.984200	0.043030
126.984300	0.038605
126.984400	0.038300
126.984500	0.033112
126.984600	0.032501
126.984700	0.029907
126.984800	0.026398
126.984900	0.026398
126.985000	0.023956
126.985100	0.020294
126.985200	0.029449
126.985300	0.025177
126.985400	0.032501
126.985500	0.036469
126.985600	0.051575
126.985700	0.061188
126.985800	0.090790
126.985900	0.127411
126.986000	0.192871
126.986100	0.276031
126.986200	0.380096
126.986300	0.511169
126.986400	0.666962
126.986500	0.816803
126.986600	0.944824
126.986700	1.035309
126.986800	1.081848
126.986900	1.083832
126.987000	1.031647
126.987100	0.950470
126.987200	0.835571
126.987300	0.690613
126.987400	0.517426
126.987500	0.323639
126.987600	0.133362
126.987700	-0.071259
126.987800	-0.278168
126.987900	-0.475464
126.988000	-0.626373
126.988100	-0.748596
126.988200	-0.858307
126.988300	-0.933838
126.988400	-0.991974
126.988500	-1.022339
126.988600	-1.025696
126.988700	-0.997620
126.988800	-0.942078
126.988900	-0.858459
126.989000	-0.754395
126.989100	-0.633545
126.989200	-0.495605
126.989300	-0.365753
126.989400	-0.241699
126.989500	-0.139618
126.989600	-0.065308
126.989700	0.000153
126.989800	0.035400
126.989900	0.052032
126.990000	0.060577
126.990100	0.070190
126.990200	0.069580
126.990300	0.072784
126.990400	0.068970
126.990500	0.074005
126.990600	0.074615
126.990700	0.066681
126.990800	0.068512
126.990900	0.069122
126.991000	0.067749
126.991100	0.067444
126.991200	0.073853
126.991300	0.076447
126.991400	0.077667
126.991500	0.077820
126.991600	0.083160
126.991700	0.081329
126.991800	0.090485
126.991900	0.097809
126.992000	0.097046
126.992100	0.088806
126.992200	0.091858
126.992300	0.087128
126.992400	0.092621
126.992500	0.095978
126.992600	0.093231
126.992700	0.094299
126.992800	0.084991
126.992900	0.075378
126.993000	0.059509
126.993100	0.054016
126.993200	0.048981
126.993300	0.037689
126.993400	0.035553
126.993500	0.031128
126.993600	0.035400
126.993700	0.031128
126.993800	0.044861
126.993900	0.065308
126.994000	0.107574
126.994100	0.171967
126.994200	0.253143
126.994300	0.361176
126.994400	0.507202
126.994500	0.691833
126.994600	0.889130
126.994700	1.046753
126.994800	1.123352
126.994900	1.136322
126.995000	1.146851
126.995100	1.164703
126.995200	1.190796
126.995300	1.204529
126.995400	1.174622
126.995500	1.033173
126.995600	0.769348
126.995700	0.442657
126.995800	0.098572
126.995900	-0.245667
126.996000	-0.592957
126.996100	-0.881348
126.996200	-1.135864
126.996300	-1.302795
126.996400	-1.331635
126.996500	-1.305237
126.996600	-1.250916
126.996700	-1.210327
126.996800	-1.194153
126.996900	-1.197815
126.997000	-1.100769
126.997100	-0.968323
126.997200	-0.767365
126.997300	-0.576019
126.997400	-0.390320
126.997500	-0.246277
126.997600	-0.136719
126.997700	-0.057526
126.997800	0.001373
126.997900	0.030670
126.998000	0.050507
126.998100	0.059357
126.998200	0.068512
126.998300	0.073547
126.998400	0.081635
126.998500	0.093231
126.998600	0.106812
126.998700	0.137177
126.998800	0.195618
126.998900	0.292053
126.999000	0.411835
126.999100	0.573273
126.999200	0.771027
126.999300	0.971832
126.999400	1.137695
126.999500	1.246490
126.999600	1.307373
126.999700	1.319275
126.999800	1.305084
126.999900	1.242828
127.000000	1.119690
127.000100	0.908966
127.000200	0.632019
127.000300	0.304718
127.000400	-0.027924
127.000500	-0.361328
127.000600	-0.663452
127.000700	-0.918121
127.000800	-1.123505
127.000900	-1.181946
127.001000	-1.304626
127.001100	-1.300201
127.001200	-1.245575
127.001300	-1.199951
127.001400	-1.050415
127.001500	-0.886841
127.001600	-0.658417
127.001700	-0.389862
127.001800	-0.102539
127.001900	0.168304
127.002000	0.442047
127.002100	0.702820
127.002200	0.923462
127.002300	1.064606
127.002400	1.129150
127.002500	1.147461
127.002600	1.169281
127.002700	1.180115
127.002800	1.191406
127.002900	1.167145
127.003000	1.054077
127.003100	0.829315
127.003200	0.511932
127.003300	0.140076
127.003400	-0.250854
127.003500	-0.605316
127.003600	-0.875854
127.003700	-1.058197
127.003800	-1.140442
127.003900	-1.151733
127.004000	-1.131592
127.004100	-1.098785
127.004200	-1.062164
127.004300	-1.035461
127.004400	-0.983429
127.004500	-0.870819
127.004600	-0.704193
127.004700	-0.511627
127.004800	-0.325623
127.004900	-0.177002
127.005000	-0.061493
127.005100	0.011139
127.005200	0.071411
127.005300	0.110474
127.005400	0.127106
127.005500	0.131378
127.005600	0.143890
127.005700	0.141754
127.005800	0.140076
127.005900	0.140533
127.006000	0.143585
127.006100	0.146027
127.006200	0.144958
127.006300	0.141754
127.006400	0.135956
127.006500	0.138855
127.006600	0.139465
127.006700	0.135040
127.006800	0.134583
127.006900	0.134888
127.007000	0.138245
127.007100	0.133972
127.007200	0.130005
127.007300	0.128021
127.007400	0.131683
127.007500	0.131073
127.007600	0.133362
127.007700	0.131226
127.007800	0.128479
127.007900	0.123596
127.008000	0.126343
127.008100	0.121918
127.008200	0.119019
127.008300	0.123138
127.008400	0.118713
127.008500	0.122833
127.008600	0.116119
127.008700	0.114746
127.008800	0.111084
127.008900	0.106201
127.009000	0.104675
127.009100	0.093079
127.009200	0.090637
127.009300	0.091095
127.009400	0.097656
127.009500	0.091705
127.009600	0.092468
127.009700	0.092316
127.009800	0.100708
127.009900	0.112457
127.010000	0.133820
127.010100	0.175018
127.010200	0.220947
127.010300	0.280457
127.010400	0.341949
127.010500	0.392303
127.010600	0.412445
127.010700	0.407104
127.010800	0.385132
127.010900	0.347595
127.011000	0.294647
127.011100	0.237579
127.011200	0.166016
127.011300	0.092926
127.011400	0.012665
127.011500	-0.062866
127.011600	-0.131531
127.011700	-0.195465
127.011800	-0.241699
127.011900	-0.269623
127.012000	-0.289001
127.012100	-0.289612
127.012200	-0.287018
127.012300	-0.277710
127.012400	-0.250092
127.012500	-0.205231
127.012600	-0.147858
127.012700	-0.086517
127.012800	-0.024719
127.012900	0.014496
127.013000	0.034485
127.013100	0.048828
127.013200	0.052490
127.013300	0.047913
127.013400	0.047913
127.013500	0.040436
127.013600	0.032196
127.013700	0.022736
127.013800	0.018158
127.013900	0.021667
127.014000	0.016022
127.014100	0.019226
127.014200	0.022888
127.014300	0.032043
127.014400	0.038300
127.014500	0.043793
127.014600	0.055695
127.014700	0.063019
127.014800	0.068512
127.014900	0.080566
127.015000	0.080414
127.015100	0.075226
127.015200	0.078125
127.015300	0.080566
127.015400	0.085754
127.015500	0.080261
127.015600	0.074921
127.015700	0.075226
127.015800	0.074463
127.015900	0.074615
127.016000	0.085907
127.016100	0.088348
127.016200	0.107269
127.016300	0.103607
127.016400	0.123444
127.016500	0.151367
127.016600	0.187836
127.016700	0.247192
127.016800	0.341949
127.016900	0.467224
127.017000	0.629425
127.017100	0.827637
127.017200	1.067047
127.017300	1.334534
127.017400	1.606445
127.017500	1.844940
127.017600	2.039337
127.017700	2.166138
127.017800	2.229614
127.017900	2.233276
127.018000	2.191467
127.018100	2.115021
127.018200	2.000885
127.018300	1.841431
127.018400	1.612244
127.018500	1.310883
127.018600	0.955811
127.018700	0.557556
127.018800	0.156555
127.018900	-0.246582
127.019000	-0.625305
127.019100	-0.978546
127.019200	-1.383514
127.019300	-1.743927
127.019400	-2.082825
127.019500	-2.370758
127.019600	-2.582397
127.019700	-2.729340
127.019800	-2.781372
127.019900	-2.763367
127.020000	-2.683868
127.020100	-2.552948
127.020200	-2.372284
127.020300	-2.145386
127.020400	-1.871185
127.020500	-1.558685
127.020600	-1.247101
127.020700	-0.899200
127.020800	-0.605927
127.020900	-0.353394
127.021000	-0.169067
127.021100	-0.029449
127.021200	0.058899
127.021300	0.120697
127.021400	0.152893
127.021500	0.172272
127.021600	0.181427
127.021700	0.186310
127.021800	0.187225
127.021900	0.189056
127.022000	0.180664
127.022100	0.174255
127.022200	0.178680
127.022300	0.180817
127.022400	0.185394
127.022500	0.180054
127.022600	0.175934
127.022700	0.181580
127.022800	0.177612
127.022900	0.175018
127.023000	0.178680
127.023100	0.172272
127.023200	0.176544
127.023300	0.183716
127.023400	0.187683
127.023500	0.187836
127.023600	0.188904
127.023700	0.188293
127.023800	0.183868
127.023900	0.182190
127.024000	0.186310
127.024100	0.179901
127.024200	0.176849
127.024300	0.185394
127.024400	0.180664
127.024500	0.182648
127.024600	0.177765
127.024700	0.174866
127.024800	0.178070
127.024900	0.171356
127.025000	0.172119
127.025100	0.165558
127.025200	0.168457
127.025300	0.168915
127.025400	0.167236
127.025500	0.162811
127.025600	0.151978
127.025700	0.146637
127.025800	0.148926
127.025900	0.145264
127.026000	0.145721
127.026100	0.141449
127.026200	0.135193
127.026300	0.132446
127.026400	0.129852
127.026500	0.129089
127.026600	0.122986
127.026700	0.122986
127.026800	0.117340
127.026900	0.116272
127.027000	0.115051
127.027100	0.106049
127.027200	0.101318
