283.952900	-4.635620
283.953000	-4.840393
283.953100	-5.000000
283.953200	-5.000000
283.953300	-5.000000
283.953400	-5.000000
283.953500	-5.000000
283.953600	-5.000000
283.953700	-5.000000
283.953800	-5.000000
283.953900	-5.000000
283.954000	-5.000000
283.954100	-5.000000
283.954200	-5.000000
283.954300	-5.000000
283.954400	-5.000000
283.954500	-5.000000
283.954600	-5.000000
283.954700	-5.000000
283.954800	-5.000000
283.954900	-5.000000
283.955000	-5.000000
283.955100	-5.000000
283.955200	-5.000000
283.955300	-5.000000
283.955400	-5.000000
283.955500	-5.000000
283.955600	-5.000000
283.955700	-5.000000
283.955800	-5.000000
283.955900	-5.000000
283.956000	-5.000000
283.956100	-5.000000
283.956200	-5.000000
283.956300	-5.000000
283.956400	-5.000000
283.956500	-5.000000
283.956600	-5.000000
283.956700	-5.000000
283.956800	-5.000000
283.956900	-5.000000
283.957000	-5.000000
283.957100	-5.000000
283.957200	-5.000000
283.957300	-5.000000
283.957400	-5.000000
283.957500	-5.000000
283.957600	-5.000000
283.957700	-5.000000
283.957800	-5.000000
283.957900	-5.000000
283.958000	-5.000000
283.958100	-5.000000
283.958200	-5.000000
283.958300	-5.000000
283.958400	-5.000000
283.958500	-5.000000
283.958600	-5.000000
283.958700	-5.000000
283.958800	-5.000000
283.958900	-5.000000
283.959000	-5.000000
283.959100	-5.000000
283.959200	-5.000000
283.959300	-5.000000
283.959400	-5.000000
283.959500	-5.000000
283.959600	-5.000000
283.959700	-5.000000
283.959800	-5.000000
283.959900	-5.000000
283.960000	-5.000000
283.960100	-5.000000
283.960200	-5.000000
283.960300	-5.000000
283.960400	-5.000000
283.960500	-5.000000
283.960600	-5.000000
283.960700	-5.000000
283.960800	-5.000000
283.960900	-5.000000
283.961000	-5.000000
283.961100	-5.000000
283.961200	-5.000000
283.961300	-4.988098
283.961400	-4.907990
283.961500	-4.833527
283.961600	-4.757843
283.961700	-4.682617
283.961800	-4.612579
283.961900	-4.541626
283.962000	-4.464264
283.962100	-4.397583
283.962200	-4.327087
283.962300	-4.255981
283.962400	-4.191284
283.962500	-4.124908
283.962600	-4.046021
283.962700	-3.980408
283.962800	-3.912354
283.962900	-3.846893
283.963000	-3.775024
283.963100	-3.705292
283.963200	-3.636169
283.963300	-3.568573
283.963400	-3.498077
283.963500	-3.431549
283.963600	-3.360748
283.963700	-3.291016
283.963800	-3.219604
283.963900	-3.155670
283.964000	-3.077698
283.964100	-3.007050
283.964200	-2.940979
283.964300	-2.871094
283.964400	-2.796783
283.964500	-2.729950
283.964600	-2.661896
283.964700	-2.595062
283.964800	-2.525177
283.964900	-2.451782
283.965000	-2.385864
283.965100	-2.318115
283.965200	-2.236786
283.965300	-2.162933
283.965400	-2.104492
283.965500	-2.089996
283.965600	-1.967621
283.965700	-1.899109
283.965800	-1.830597
283.965900	-1.761169
283.966000	-1.689301
283.966100	-1.613007
283.966200	-1.540070
283.966300	-1.472015
283.966400	-1.397705
283.966500	-1.325531
283.966600	-1.255951
283.966700	-1.183472
283.966800	-1.107788
283.966900	-1.032867
283.967000	-0.953064
283.967100	-0.870361
283.967200	-0.788879
283.967300	-0.703583
283.967400	-0.624237
283.967500	-0.533447
283.967600	-0.448303
283.967700	-0.360260
283.967800	-0.260162
283.967900	-0.166931
283.968000	-0.067749
283.968100	0.031433
283.968200	0.132751
283.968300	0.236816
283.968400	0.340881
283.968500	0.448303
283.968600	0.549622
283.968700	0.660553
283.968800	0.769653
283.968900	0.882263
283.969000	0.990753
283.969100	1.109161
283.969200	1.225586
283.969300	1.336975
283.969400	1.453094
283.969500	1.571503
283.969600	1.695862
283.969700	1.819000
283.969800	1.935577
283.969900	2.062683
283.970000	2.184601
283.970100	2.306671
283.970200	2.432556
283.970300	2.559509
283.970400	2.681122
283.970500	2.811127
283.970600	2.941132
283.970700	3.063049
283.970800	3.188934
283.970900	3.316956
283.971000	3.442535
283.971100	3.565826
283.971200	3.686523
283.971300	3.817139
283.971400	3.939362
283.971500	4.056244
283.971600	4.181061
283.971700	4.297943
283.971800	4.421387
283.971900	4.534302
283.972000	4.651031
283.972100	4.765930
283.972200	4.879150
283.972300	4.999847
283.972400	4.999847
283.972500	4.999847
283.972600	4.999847
283.972700	4.999847
283.972800	4.999847
283.972900	4.999847
283.973000	4.999847
283.973100	4.999847
283.973200	4.999847
283.973300	4.999847
283.973400	4.999847
283.973500	4.999847
283.973600	4.999847
283.973700	4.999847
283.973800	4.999847
283.973900	4.999847
283.974000	4.999847
283.974100	4.999847
283.974200	4.999847
283.974300	4.999847
283.974400	4.999847
283.974500	4.999847
283.974600	4.999847
283.974700	4.999847
283.974800	4.999847
283.974900	4.999847
283.975000	4.999847
283.975100	4.999847
283.975200	4.999847
283.975300	4.999847
283.975400	4.999847
283.975500	4.999847
283.975600	4.999847
283.975700	4.999847
283.975800	4.999847
283.975900	4.999847
283.976000	4.999847
283.976100	4.999847
283.976200	4.999847
283.976300	4.999847
283.976400	4.999847
283.976500	4.999847
283.976600	4.999847
283.976700	4.999847
283.976800	4.999847
283.976900	4.999847
283.977000	4.999847
283.977100	4.999847
283.977200	4.999847
283.977300	4.999847
283.977400	4.999847
283.977500	4.999847
283.977600	4.999847
283.977700	4.999847
283.977800	4.999847
283.977900	4.999847
283.978000	4.999847
283.978100	4.999847
283.978200	4.999847
283.978300	4.999847
283.978400	4.999847
283.978500	4.999847
283.978600	4.999847
283.978700	4.999847
283.978800	4.999847
283.978900	4.999847
283.979000	4.999847
283.979100	4.999847
283.979200	4.999847
283.979300	4.999847
283.979400	4.999847
283.979500	4.999847
283.979600	4.999847
283.979700	4.999847
283.979800	4.999847
283.979900	4.999847
283.980000	4.999847
283.980100	4.999847
283.980200	4.999847
283.980300	4.999847
283.980400	4.999847
283.980500	4.894562
283.980600	4.823456
283.980700	4.750061
283.980800	4.678802
283.980900	4.607239
283.981000	4.538116
283.981100	4.465332
283.981200	4.387054
283.981300	4.317322
283.981400	4.247131
283.981500	4.172516
283.981600	4.096832
283.981700	4.022217
283.981800	3.946228
283.981900	3.864899
283.982000	3.792877
283.982100	3.716583
283.982200	3.641205
283.982300	3.560181
283.982400	3.482666
283.982500	3.404388
283.982600	3.326416
283.982700	3.245239
283.982800	3.167725
283.982900	3.084869
283.983000	3.004761
283.983100	2.921600
283.983200	2.843018
283.983300	2.759247
283.983400	2.677002
283.983500	2.594910
283.983600	2.516785
283.983700	2.436676
283.983800	2.346954
283.983900	2.270508
283.984000	2.184448
283.984100	2.102203
283.984200	2.010651
283.984300	1.927490
283.984400	1.845398
283.984500	1.759644
283.984600	1.674957
283.984700	1.591339
283.984800	1.505737
283.984900	1.417847
283.985000	1.338959
283.985100	1.248169
283.985200	1.170502
283.985300	1.078186
283.985400	0.996857
283.985500	0.910797
283.985600	0.828857
283.985700	0.743561
283.985800	0.663147
283.985900	0.574493
283.986000	0.495605
283.986100	0.408936
283.986200	0.322571
283.986300	0.241089
283.986400	0.154724
283.986500	0.071411
283.986600	-0.020294
283.986700	-0.105896
283.986800	-0.191956
283.986900	-0.277252
283.987000	-0.374146
283.987100	-0.464325
283.987200	-0.554657
283.987300	-0.643311
283.987400	-0.664062
283.987500	-0.848694
283.987600	-0.951996
283.987700	-1.054077
283.987800	-1.148987
283.987900	-1.243134
283.988000	-1.343079
283.988100	-1.439972
283.988200	-1.529999
283.988300	-1.620789
283.988400	-1.713867
283.988500	-1.805115
283.988600	-1.892242
283.988700	-1.984253
283.988800	-2.076874
283.988900	-2.166748
283.989000	-2.262573
283.989100	-2.350464
283.989200	-2.439880
283.989300	-2.529602
283.989400	-2.615204
283.989500	-2.706146
283.989600	-2.792664
283.989700	-2.872925
283.989800	-2.960052
283.989900	-3.043213
283.990000	-3.122559
283.990100	-3.206482
283.990200	-3.287659
283.990300	-3.369446
283.990400	-3.448334
283.990500	-3.526611
283.990600	-3.606567
283.990700	-3.685913
283.990800	-3.756104
283.990900	-3.820648
283.991000	-3.894806
283.991100	-3.970947
283.991200	-4.039154
283.991300	-4.101105
283.991400	-4.161072
283.991500	-4.228363
283.991600	-4.292297
283.991700	-4.348297
283.991800	-4.408264
283.991900	-4.465027
283.992000	-4.517822
283.992100	-4.572906
283.992200	-4.629211
283.992300	-4.679565
283.992400	-4.724731
283.992500	-4.769592
283.992600	-4.817810
283.992700	-4.855194
283.992800	-4.894714
283.992900	-4.935608
283.993000	-4.971619
283.993100	-5.000000
283.993200	-5.000000
283.993300	-5.000000
283.993400	-5.000000
283.993500	-5.000000
283.993600	-5.000000
283.993700	-5.000000
283.993800	-5.000000
283.993900	-5.000000
283.994000	-5.000000
283.994100	-5.000000
283.994200	-5.000000
283.994300	-5.000000
283.994400	-5.000000
283.994500	-5.000000
283.994600	-5.000000
283.994700	-5.000000
283.994800	-5.000000
283.994900	-5.000000
283.995000	-5.000000
283.995100	-5.000000
283.995200	-5.000000
283.995300	-5.000000
283.995400	-5.000000
283.995500	-5.000000
283.995600	-5.000000
283.995700	-5.000000
283.995800	-5.000000
283.995900	-5.000000
283.996000	-5.000000
283.996100	-5.000000
283.996200	-5.000000
283.996300	-5.000000
283.996400	-5.000000
283.996500	-5.000000
283.996600	-5.000000
283.996700	-5.000000
283.996800	-5.000000
283.996900	-4.982910
283.997000	-4.953766
283.997100	-4.920959
283.997200	-4.882965
283.997300	-4.849854
283.997400	-4.811401
283.997500	-4.772644
283.997600	-4.737549
283.997700	-4.695892
283.997800	-4.656830
283.997900	-4.610443
283.998000	-4.566040
283.998100	-4.526825
283.998200	-4.476776
283.998300	-4.430695
283.998400	-4.383545
283.998500	-4.333649
283.998600	-4.288177
283.998700	-4.234009
283.998800	-4.188995
283.998900	-4.135895
283.999000	-4.081573
283.999100	-4.027252
283.999200	-3.974457
283.999300	-3.921051
283.999400	-3.864441
283.999500	-3.804169
283.999600	-3.750153
283.999700	-3.696747
283.999800	-3.639069
283.999900	-3.577881
284.000000	-3.513947
284.000100	-3.459930
284.000200	-3.401031
284.000300	-3.336182
284.000400	-3.276062
284.000500	-3.217010
284.000600	-3.151398
284.000700	-3.088074
284.000800	-3.019409
284.000900	-2.960663
284.001000	-2.898560
284.001100	-2.829590
284.001200	-2.765961
284.001300	-2.700195
284.001400	-2.629852
284.001500	-2.559204
284.001600	-2.489319
284.001700	-2.416840
284.001800	-2.352295
284.001900	-2.279053
284.002000	-2.198334
284.002100	-2.126160
284.002200	-2.047882
284.002300	-1.980743
284.002400	-1.934509
284.002500	-1.840515
284.002600	-1.775055
284.002700	-1.703186
284.002800	-1.635284
284.002900	-1.564636
284.003000	-1.494598
284.003100	-1.426544
284.003200	-1.351776
284.003300	-1.284180
284.003400	-1.219025
284.003500	-1.148987
284.003600	-1.082458
284.003700	-1.013947
284.003800	-0.947113
284.003900	-0.885315
284.004000	-0.816956
284.004100	-0.749359
284.004200	-0.680084
284.004300	-0.619659
284.004400	-0.550385
284.004500	-0.484009
284.004600	-0.413361
284.004700	-0.344086
284.004800	-0.279236
284.004900	-0.207520
284.005000	-0.137482
284.005100	-0.072479
284.005200	-0.007019
284.005300	0.056152
284.005400	0.126953
284.005500	0.190125
284.005600	0.257263
284.005700	0.323639
284.005800	0.386658
284.005900	0.451813
284.006000	0.519104
284.006100	0.593262
284.006200	0.652008
284.006300	0.717926
284.006400	0.780029
