27.287300	0.035400
27.287400	0.036316
27.287500	0.030823
27.287600	0.035858
27.287700	0.033722
27.287800	0.033569
27.287900	0.036621
27.288000	0.034637
27.288100	0.034180
27.288200	0.033264
27.288300	0.033569
27.288400	0.036011
27.288500	0.035095
27.288600	0.033112
27.288700	0.033264
27.288800	0.034180
27.288900	0.034790
27.289000	0.032043
27.289100	0.032959
27.289200	0.032043
27.289300	0.027466
27.289400	0.025177
27.289500	0.027466
27.289600	0.034027
27.289700	0.034637
27.289800	0.032959
27.289900	0.037537
27.290000	0.034027
27.290100	0.031128
27.290200	0.040588
27.290300	0.036469
27.290400	0.027161
27.290500	0.029144
27.290600	0.033569
27.290700	0.038147
27.290800	0.036926
27.290900	0.036774
27.291000	0.037842
27.291100	0.036926
27.291200	0.031586
27.291300	0.034943
27.291400	0.034027
27.291500	0.031891
27.291600	0.035858
27.291700	0.032349
27.291800	0.030060
27.291900	0.031433
27.292000	0.034790
27.292100	0.032501
27.292200	0.033722
27.292300	0.034180
27.292400	0.034943
27.292500	0.039520
27.292600	0.040894
27.292700	0.032501
27.292800	0.036621
27.292900	0.034790
27.293000	0.036469
27.293100	0.034027
27.293200	0.035706
27.293300	0.037689
27.293400	0.034637
27.293500	0.034027
27.293600	0.032806
27.293700	0.030365
27.293800	0.032349
27.293900	0.035095
27.294000	0.033722
27.294100	0.029449
27.294200	0.034332
27.294300	0.030670
27.294400	0.036011
27.294500	0.039673
27.294600	0.034943
27.294700	0.031891
27.294800	0.036316
27.294900	0.034943
27.295000	0.031281
27.295100	0.030823
27.295200	0.037079
27.295300	0.036163
27.295400	0.036469
27.295500	0.033112
27.295600	0.031128
27.295700	0.036163
27.295800	0.034943
27.295900	0.031738
27.296000	0.035706
27.296100	0.035400
27.296200	0.034332
27.296300	0.035400
27.296400	0.033417
27.296500	0.030518
27.296600	0.035248
27.296700	0.035706
27.296800	0.032501
27.296900	0.028687
27.297000	0.030670
27.297100	0.029755
27.297200	0.033722
27.297300	0.030365
27.297400	0.028229
27.297500	0.031586
27.297600	0.030823
27.297700	0.037994
27.297800	0.038300
27.297900	0.034790
27.298000	0.032349
27.298100	0.030212
27.298200	0.030670
27.298300	0.028076
27.298400	0.032196
27.298500	0.031128
27.298600	0.030670
27.298700	0.034637
27.298800	0.030365
27.298900	0.031281
27.299000	0.034332
27.299100	0.036469
27.299200	0.035553
27.299300	0.033722
27.299400	0.034332
27.299500	0.034180
27.299600	0.036469
27.299700	0.035706
27.299800	0.036011
27.299900	0.034485
27.300000	0.033569
27.300100	0.031738
27.300200	0.036926
27.300300	0.036926
27.300400	0.036011
27.300500	0.037537
27.300600	0.032654
27.300700	0.038147
27.300800	0.036774
27.300900	0.036163
27.301000	0.037384
27.301100	0.034332
27.301200	0.032501
27.301300	0.032043
27.301400	0.029602
27.301500	0.032349
27.301600	0.028381
27.301700	0.032806
27.301800	0.034637
27.301900	0.036316
27.302000	0.033722
27.302100	0.032959
27.302200	0.035706
27.302300	0.030975
27.302400	0.033417
27.302500	0.038452
27.302600	0.033875
27.302700	0.037689
27.302800	0.033875
27.302900	0.036774
27.303000	0.040131
27.303100	0.032806
27.303200	0.036011
27.303300	0.032043
27.303400	0.033875
27.303500	0.039520
27.303600	0.037231
27.303700	0.035858
27.303800	0.036011
27.303900	0.035248
27.304000	0.036926
27.304100	0.035095
27.304200	0.031433
27.304300	0.031891
27.304400	0.032196
27.304500	0.032501
27.304600	0.032501
27.304700	0.032959
27.304800	0.037231
27.304900	0.035095
27.305000	0.032349
27.305100	0.033112
27.305200	0.038757
27.305300	0.039215
27.305400	0.033264
27.305500	0.034027
27.305600	0.036316
27.305700	0.033264
27.305800	0.029907
27.305900	0.035095
27.306000	0.035095
27.306100	0.037384
27.306200	0.030060
27.306300	0.030365
27.306400	0.034485
27.306500	0.034485
27.306600	0.032043
27.306700	0.035858
27.306800	0.033417
27.306900	0.036469
27.307000	0.036621
27.307100	0.035706
27.307200	0.036469
27.307300	0.034180
27.307400	0.031433
27.307500	0.036163
27.307600	0.035858
27.307700	0.036926
27.307800	0.033417
27.307900	0.029297
27.308000	0.028534
27.308100	0.030823
27.308200	0.032959
27.308300	0.029297
27.308400	0.029602
27.308500	0.034027
27.308600	0.034180
27.308700	0.037079
27.308800	0.028534
27.308900	0.031128
27.309000	0.032654
27.309100	0.032806
27.309200	0.032806
27.309300	0.035553
27.309400	0.036163
27.309500	0.031433
27.309600	0.031738
27.309700	0.033875
27.309800	0.034180
27.309900	0.033112
27.310000	0.032196
27.310100	0.034485
27.310200	0.033569
27.310300	0.030518
27.310400	0.026855
27.310500	0.032196
27.310600	0.035858
27.310700	0.035095
27.310800	0.035248
27.310900	0.032043
27.311000	0.035400
27.311100	0.030823
27.311200	0.031281
27.311300	0.034790
27.311400	0.034637
27.311500	0.033112
27.311600	0.034180
27.311700	0.029297
27.311800	0.030670
27.311900	0.036163
27.312000	0.032959
27.312100	0.034027
27.312200	0.028381
27.312300	0.033417
27.312400	0.035553
27.312500	0.035553
27.312600	0.035095
27.312700	0.033722
27.312800	0.031586
27.312900	0.030365
27.313000	0.035706
27.313100	0.033112
27.313200	0.033722
27.313300	0.028229
27.313400	0.028687
27.313500	0.030365
27.313600	0.033569
27.313700	0.032043
27.313800	0.031738
27.313900	0.033417
27.314000	0.030365
27.314100	0.033875
27.314200	0.033417
27.314300	0.032196
27.314400	0.030975
27.314500	0.032501
27.314600	0.036621
27.314700	0.029449
27.314800	0.034943
27.314900	0.036011
27.315000	0.033875
27.315100	0.037537
27.315200	0.034332
27.315300	0.034180
27.315400	0.037231
27.315500	0.033569
27.315600	0.033875
27.315700	0.035400
27.315800	0.031281
27.315900	0.034943
27.316000	0.034027
27.316100	0.032349
27.316200	0.031433
27.316300	0.031738
27.316400	0.031891
27.316500	0.038757
27.316600	0.037384
27.316700	0.032806
27.316800	0.034180
27.316900	0.030823
27.317000	0.035400
27.317100	0.034332
27.317200	0.035553
27.317300	0.039062
27.317400	0.036316
27.317500	0.032654
27.317600	0.040894
27.317700	0.039062
27.317800	0.039215
27.317900	0.036621
27.318000	0.036774
27.318100	0.037079
27.318200	0.033722
27.318300	0.036926
27.318400	0.035095
27.318500	0.040894
27.318600	0.036469
27.318700	0.034332
27.318800	0.039673
27.318900	0.037231
27.319000	0.032654
27.319100	0.030823
27.319200	0.032043
27.319300	0.032043
27.319400	0.036621
27.319500	0.035706
27.319600	0.033264
27.319700	0.035706
27.319800	0.036926
27.319900	0.033722
27.320000	0.031738
27.320100	0.031738
27.320200	0.036621
27.320300	0.037079
27.320400	0.037994
27.320500	0.036469
27.320600	0.037537
27.320700	0.034943
27.320800	0.038300
27.320900	0.035095
27.321000	0.037842
27.321100	0.033722
27.321200	0.036011
27.321300	0.040894
27.321400	0.042114
27.321500	0.040283
27.321600	0.034943
27.321700	0.036011
27.321800	0.037079
27.321900	0.037689
27.322000	0.033112
27.322100	0.032806
27.322200	0.034332
27.322300	0.033417
27.322400	0.029144
27.322500	0.034332
27.322600	0.036926
27.322700	0.040894
27.322800	0.033722
27.322900	0.030823
27.323000	0.033569
27.323100	0.036011
27.323200	0.028076
27.323300	0.033569
27.323400	0.036774
27.323500	0.030823
27.323600	0.030212
27.323700	0.031738
27.323800	0.033569
27.323900	0.033264
27.324000	0.034790
27.324100	0.032654
27.324200	0.037537
27.324300	0.039215
27.324400	0.034790
27.324500	0.035553
27.324600	0.032043
27.324700	0.033264
27.324800	0.036316
27.324900	0.030823
27.325000	0.028687
27.325100	0.030670
27.325200	0.027008
27.325300	0.027008
27.325400	0.028992
27.325500	0.029297
27.325600	0.035400
27.325700	0.035400
27.325800	0.033417
27.325900	0.031128
27.326000	0.036316
27.326100	0.039825
27.326200	0.032654
27.326300	0.033112
27.326400	0.036316
27.326500	0.037537
27.326600	0.038452
27.326700	0.031738
27.326800	0.031891
27.326900	0.032501
27.327000	0.031891
27.327100	0.027924
27.327200	0.034027
27.327300	0.034332
27.327400	0.038452
27.327500	0.034790
27.327600	0.036621
27.327700	0.032043
27.327800	0.029297
27.327900	0.031281
27.328000	0.031433
27.328100	0.033569
27.328200	0.033569
27.328300	0.035858
27.328400	0.027161
27.328500	0.035553
27.328600	0.032196
27.328700	0.033722
27.328800	0.032959
27.328900	0.035095
27.329000	0.033264
27.329100	0.033875
27.329200	0.034180
27.329300	0.031281
27.329400	0.031738
27.329500	0.033569
27.329600	0.034485
27.329700	0.035400
27.329800	0.037994
27.329900	0.036621
27.330000	0.034790
27.330100	0.037384
27.330200	0.032501
27.330300	0.036469
27.330400	0.033875
27.330500	0.031433
27.330600	0.028381
27.330700	0.034180
27.330800	0.030365
27.330900	0.030212
27.331000	0.030975
27.331100	0.032959
27.331200	0.034027
27.331300	0.032196
27.331400	0.031738
27.331500	0.033722
27.331600	0.034332
27.331700	0.034332
27.331800	0.034790
27.331900	0.035400
27.332000	0.033112
27.332100	0.033722
27.332200	0.035095
27.332300	0.035248
27.332400	0.031586
27.332500	0.033569
27.332600	0.030823
27.332700	0.034027
27.332800	0.038300
27.332900	0.036621
27.333000	0.034485
27.333100	0.032043
27.333200	0.037384
27.333300	0.035553
27.333400	0.031281
27.333500	0.029907
27.333600	0.030365
27.333700	0.036621
27.333800	0.031128
27.333900	0.032043
27.334000	0.034485
27.334100	0.031128
27.334200	0.032349
27.334300	0.032654
27.334400	0.032806
27.334500	0.033875
27.334600	0.031281
27.334700	0.036316
27.334800	0.032196
27.334900	0.034637
27.335000	0.037537
27.335100	0.036011
27.335200	0.032196
27.335300	0.036621
27.335400	0.030212
27.335500	0.032349
27.335600	0.035248
27.335700	0.034027
27.335800	0.029907
27.335900	0.030975
27.336000	0.030518
27.336100	0.032806
27.336200	0.036926
27.336300	0.036774
27.336400	0.034943
27.336500	0.033264
27.336600	0.032501
27.336700	0.032654
27.336800	0.035706
27.336900	0.033722
27.337000	0.034485
27.337100	0.034332
27.337200	0.031738
27.337300	0.038910
27.337400	0.031128
27.337500	0.034637
27.337600	0.033264
27.337700	0.038452
27.337800	0.036926
27.337900	0.030518
27.338000	0.033569
27.338100	0.030365
27.338200	0.032043
27.338300	0.032196
27.338400	0.033722
27.338500	0.031128
27.338600	0.031891
27.338700	0.033264
27.338800	0.035400
27.338900	0.032806
27.339000	0.031281
27.339100	0.030212
27.339200	0.030060
27.339300	0.027771
27.339400	0.034790
27.339500	0.030060
27.339600	0.035248
27.339700	0.031281
27.339800	0.026855
27.339900	0.028381
27.340000	0.027466
27.340100	0.028992
27.340200	0.030975
27.340300	0.035248
27.340400	0.034332
27.340500	0.033264
27.340600	0.031738
27.340700	0.032349
27.340800	0.027924
