11.005700	0.000305
11.005800	0.002594
11.005900	-0.000153
11.006000	0.002441
11.006100	-0.000763
11.006200	0.005341
11.006300	-0.000763
11.006400	0.003052
11.006500	0.004272
11.006600	0.004272
11.006700	0.003815
11.006800	0.001373
11.006900	0.000305
11.007000	0.005951
11.007100	-0.002747
11.007200	-0.001373
11.007300	0.001984
11.007400	0.000305
11.007500	-0.001678
11.007600	0.002747
11.007700	-0.002289
11.007800	-0.000763
11.007900	0.004883
11.008000	0.007935
11.008100	0.000305
11.008200	-0.004272
11.008300	-0.000305
11.008400	-0.002136
11.008500	-0.001831
11.008600	0.001373
11.008700	0.005798
11.008800	0.004425
11.008900	0.001526
11.009000	0.003967
11.009100	0.007477
11.009200	0.005951
11.009300	-0.001373
11.009400	0.003510
11.009500	0.003357
11.009600	0.001526
11.009700	0.000916
11.009800	0.005646
11.009900	0.003815
11.010000	-0.001984
11.010100	-0.000916
11.010200	0.001373
11.010300	-0.000610
11.010400	0.003510
11.010500	0.001678
11.010600	-0.000763
11.010700	0.001984
11.010800	0.002899
11.010900	0.001373
11.011000	-0.000458
11.011100	0.001068
11.011200	-0.000458
11.011300	0.001678
11.011400	0.006104
11.011500	0.004120
11.011600	-0.002899
11.011700	0.001984
11.011800	0.002289
11.011900	0.002747
11.012000	0.005188
11.012100	0.002899
11.012200	0.004120
11.012300	0.002136
11.012400	-0.000458
11.012500	0.001068
11.012600	0.003357
11.012700	0.003815
11.012800	0.007324
11.012900	0.004272
11.013000	0.003662
11.013100	0.003662
11.013200	0.002136
11.013300	0.001526
11.013400	0.000916
11.013500	0.003204
11.013600	0.005798
11.013700	-0.002289
11.013800	-0.001678
11.013900	-0.000763
11.014000	-0.000916
11.014100	0.000916
11.014200	0.001831
11.014300	0.000916
11.014400	0.003204
11.014500	0.000305
11.014600	0.004425
11.014700	0.004578
11.014800	0.000153
11.014900	0.003357
11.015000	-0.000610
11.015100	0.008392
11.015200	0.005798
11.015300	0.007477
11.015400	-0.000458
11.015500	0.001678
11.015600	0.003357
11.015700	0.005188
11.015800	0.003967
11.015900	0.006866
11.016000	0.001831
11.016100	0.002441
11.016200	0.009003
11.016300	0.002594
11.016400	0.001678
11.016500	0.003967
11.016600	0.003357
11.016700	0.006714
11.016800	0.004425
11.016900	0.004120
11.017000	-0.000305
11.017100	-0.002594
11.017200	0.001221
11.017300	-0.000305
11.017400	-0.001526
11.017500	0.003510
11.017600	0.007782
11.017700	0.002441
11.017800	0.003815
11.017900	0.003357
11.018000	0.003510
11.018100	0.005798
11.018200	0.005951
11.018300	-0.003052
11.018400	0.002136
11.018500	0.005798
11.018600	0.004578
11.018700	0.005188
11.018800	0.003510
11.018900	-0.002136
11.019000	-0.002899
11.019100	0.004272
11.019200	0.002136
11.019300	-0.000305
11.019400	0.001526
11.019500	-0.002747
11.019600	0.003052
11.019700	0.004425
11.019800	0.003815
11.019900	-0.003204
11.020000	0.000916
11.020100	-0.000458
11.020200	0.000916
11.020300	0.002747
11.020400	0.004883
11.020500	0.003662
11.020600	-0.001984
11.020700	0.003357
11.020800	0.000153
11.020900	0.000458
11.021000	0.001831
11.021100	0.000916
11.021200	0.001068
11.021300	0.001068
11.021400	-0.001526
11.021500	0.001984
11.021600	-0.002136
11.021700	-0.000610
11.021800	0.004883
11.021900	0.004578
11.022000	0.002441
11.022100	0.001221
11.022200	0.002899
11.022300	0.001526
11.022400	0.003204
11.022500	0.006561
11.022600	0.004272
11.022700	0.005188
11.022800	0.001068
11.022900	-0.002594
11.023000	0.005798
11.023100	0.000763
11.023200	0.001984
11.023300	0.003815
11.023400	-0.002289
11.023500	0.005646
11.023600	0.005341
11.023700	0.003967
11.023800	0.001526
11.023900	0.000153
11.024000	0.002594
11.024100	-0.005798
11.024200	0.001373
11.024300	0.001984
11.024400	-0.002289
11.024500	0.002289
11.024600	0.004120
11.024700	0.005035
11.024800	0.004120
11.024900	0.002899
11.025000	0.003357
11.025100	0.003052
11.025200	0.004272
11.025300	0.000916
11.025400	0.000610
11.025500	0.000916
11.025600	0.003662
11.025700	0.007172
11.025800	0.004272
11.025900	0.002594
11.026000	0.000000
11.026100	-0.003052
11.026200	0.005493
11.026300	0.001526
11.026400	0.000153
11.026500	0.003052
11.026600	0.004578
11.026700	0.003967
11.026800	0.003967
11.026900	0.007935
11.027000	0.003052
11.027100	0.005798
11.027200	0.009155
11.027300	0.004425
11.027400	0.007019
11.027500	0.000153
11.027600	0.005188
11.027700	0.005035
11.027800	-0.000610
11.027900	-0.001831
11.028000	-0.001984
11.028100	-0.000610
11.028200	0.000000
11.028300	0.001526
11.028400	0.001831
11.028500	0.007782
11.028600	0.001373
11.028700	-0.000153
11.028800	0.000763
11.028900	0.004730
11.029000	0.003357
11.029100	0.003357
11.029200	0.001068
11.029300	0.000305
11.029400	0.000305
11.029500	-0.003510
11.029600	0.001221
11.029700	0.002747
11.029800	0.000305
11.029900	0.003204
11.030000	0.003967
11.030100	0.001373
11.030200	0.005493
11.030300	0.002594
11.030400	0.001221
11.030500	0.002899
11.030600	0.002747
11.030700	0.003510
11.030800	-0.001678
11.030900	0.002441
11.031000	0.002594
11.031100	0.003662
11.031200	0.001221
11.031300	0.002289
11.031400	0.005798
11.031500	-0.000458
11.031600	0.004272
11.031700	0.003967
11.031800	0.001221
11.031900	0.003204
11.032000	0.001526
11.032100	-0.001068
11.032200	0.001373
11.032300	-0.002441
11.032400	-0.000763
11.032500	-0.000153
11.032600	0.002289
11.032700	0.009003
11.032800	0.004425
11.032900	-0.000916
11.033000	0.002136
11.033100	0.004883
11.033200	-0.000153
11.033300	0.002594
11.033400	-0.004272
11.033500	0.004883
11.033600	0.003510
11.033700	-0.002747
11.033800	-0.004272
11.033900	0.001831
11.034000	0.002136
11.034100	0.003815
11.034200	0.000305
11.034300	-0.003967
11.034400	0.000458
11.034500	0.002441
11.034600	0.003052
11.034700	-0.000153
11.034800	0.002136
11.034900	0.001221
11.035000	0.000305
11.035100	-0.003662
11.035200	-0.001831
11.035300	0.001373
11.035400	0.003662
11.035500	0.001068
11.035600	0.003357
11.035700	-0.002289
11.035800	0.000763
11.035900	-0.001526
11.036000	-0.001068
11.036100	-0.002136
11.036200	0.004578
11.036300	0.003967
11.036400	0.002899
11.036500	0.002441
11.036600	0.005035
11.036700	0.002441
11.036800	0.001831
11.036900	0.006104
11.037000	-0.000763
11.037100	0.000000
11.037200	0.001984
11.037300	-0.002136
11.037400	0.001526
11.037500	0.001221
11.037600	-0.002136
11.037700	0.004120
11.037800	0.003815
11.037900	0.003662
11.038000	-0.000763
11.038100	-0.001068
11.038200	-0.003967
11.038300	-0.000610
11.038400	0.001221
11.038500	0.003510
11.038600	0.003510
11.038700	0.004883
11.038800	0.006714
11.038900	0.003815
11.039000	0.001831
11.039100	0.002594
11.039200	0.000763
11.039300	0.002594
11.039400	-0.001068
11.039500	0.000916
11.039600	-0.001221
11.039700	0.002289
11.039800	0.004272
11.039900	-0.002899
11.040000	0.001831
11.040100	0.004883
11.040200	0.002441
11.040300	0.002289
11.040400	0.000305
11.040500	-0.000763
11.040600	0.001373
11.040700	-0.000305
11.040800	0.005493
11.040900	0.008698
11.041000	0.002289
11.041100	0.001068
11.041200	0.002136
11.041300	0.000305
11.041400	0.003357
11.041500	0.003662
11.041600	0.002136
11.041700	0.000610
11.041800	-0.001068
11.041900	0.000610
11.042000	0.000610
11.042100	-0.001984
11.042200	-0.002289
11.042300	-0.003662
11.042400	0.003204
11.042500	-0.000153
11.042600	0.000000
11.042700	0.000305
11.042800	0.005493
11.042900	-0.001221
11.043000	-0.001678
11.043100	0.004272
11.043200	0.005951
11.043300	0.003052
11.043400	0.000763
11.043500	0.001526
11.043600	0.002441
11.043700	0.002441
11.043800	-0.004120
11.043900	0.001373
11.044000	-0.001068
11.044100	0.000153
11.044200	0.003967
11.044300	0.006866
11.044400	0.004120
11.044500	0.005035
11.044600	0.000916
11.044700	0.003815
11.044800	0.001526
11.044900	0.001068
11.045000	-0.001221
11.045100	-0.003662
11.045200	0.005035
11.045300	0.003967
11.045400	0.002136
11.045500	0.003967
11.045600	0.004120
11.045700	0.005951
11.045800	0.000153
11.045900	0.002899
11.046000	0.003967
11.046100	-0.004578
11.046200	0.003967
11.046300	0.001831
11.046400	0.003204
11.046500	0.002441
11.046600	0.003204
11.046700	0.001373
11.046800	0.000305
11.046900	0.001068
11.047000	0.000000
11.047100	-0.002899
11.047200	-0.000458
11.047300	0.001984
11.047400	0.000610
11.047500	0.001831
11.047600	0.000763
11.047700	0.004425
11.047800	0.002594
11.047900	0.002441
11.048000	0.008392
11.048100	0.002899
11.048200	0.002899
11.048300	-0.000458
11.048400	0.001678
11.048500	0.007019
11.048600	0.003815
11.048700	0.004272
11.048800	0.002289
11.048900	-0.002594
11.049000	0.000153
11.049100	-0.000458
11.049200	0.004272
11.049300	0.001068
11.049400	0.001831
11.049500	0.002136
11.049600	-0.003357
11.049700	-0.001984
11.049800	-0.000610
11.049900	-0.002594
11.050000	0.000610
11.050100	-0.002289
11.050200	-0.001068
11.050300	0.005646
11.050400	0.004730
11.050500	0.002441
11.050600	-0.003204
11.050700	0.001831
11.050800	0.003204
11.050900	0.002899
11.051000	0.002899
11.051100	0.005646
11.051200	0.000610
11.051300	-0.002441
11.051400	0.007782
11.051500	-0.000305
11.051600	0.002899
11.051700	0.003662
11.051800	0.003357
11.051900	0.003967
11.052000	-0.002289
11.052100	-0.002441
11.052200	-0.003815
11.052300	-0.000763
11.052400	0.001831
11.052500	0.000153
11.052600	0.002136
11.052700	-0.002441
11.052800	0.002441
11.052900	0.000153
11.053000	-0.001373
11.053100	0.000458
11.053200	0.000916
11.053300	-0.002899
11.053400	-0.000458
11.053500	0.001221
11.053600	0.001221
11.053700	0.001831
11.053800	0.002441
11.053900	0.005493
11.054000	0.001526
11.054100	0.001221
11.054200	0.004272
11.054300	-0.001678
11.054400	0.000916
11.054500	0.004578
11.054600	0.002136
11.054700	-0.001373
11.054800	0.001526
11.054900	-0.001068
11.055000	-0.002289
11.055100	0.003052
11.055200	0.001831
11.055300	0.002136
11.055400	0.004883
11.055500	0.002441
11.055600	0.003357
11.055700	0.000610
11.055800	-0.000305
11.055900	0.001678
11.056000	0.004120
11.056100	0.001526
11.056200	0.002441
11.056300	0.005341
11.056400	0.005341
11.056500	0.007172
11.056600	0.005493
11.056700	0.001831
11.056800	0.002747
11.056900	-0.000153
11.057000	0.003510
11.057100	0.002136
11.057200	0.000458
11.057300	0.002747
11.057400	0.006256
11.057500	0.003357
11.057600	0.001678
11.057700	0.001984
11.057800	0.002289
11.057900	0.001526
11.058000	0.005341
11.058100	0.006714
11.058200	0.004883
11.058300	0.003052
11.058400	-0.001831
11.058500	-0.000305
11.058600	0.002747
11.058700	0.003662
11.058800	-0.001221
11.058900	0.003357
11.059000	0.001526
11.059100	0.000763
11.059200	-0.001526
