175.818500	-0.054321
175.818600	0.053406
175.818700	0.111237
175.818800	0.126495
175.818900	0.136566
175.819000	0.145264
175.819100	0.143127
175.819200	0.139313
175.819300	0.139465
175.819400	0.138397
175.819500	0.129547
175.819600	0.136414
175.819700	0.144501
175.819800	0.139160
175.819900	0.140991
175.820000	0.140686
175.820100	0.141754
175.820200	0.141144
175.820300	0.140991
175.820400	0.139771
175.820500	0.139008
175.820600	0.141754
175.820700	0.140381
175.820800	0.141907
175.820900	0.143280
175.821000	0.145416
175.821100	0.156708
175.821200	0.171509
175.821300	0.183411
175.821400	0.189514
175.821500	0.190430
175.821600	0.186920
175.821700	0.184937
175.821800	0.170135
175.821900	0.157013
175.822000	0.153961
175.822100	0.148163
175.822200	0.137177
175.822300	0.127563
175.822400	0.114288
175.822500	0.107117
175.822600	0.102386
175.822700	0.099487
175.822800	0.082092
175.822900	0.088196
175.823000	0.088501
175.823100	0.092163
175.823200	0.105438
175.823300	0.122681
175.823400	0.153198
175.823500	0.186462
175.823600	0.210724
175.823700	0.227509
175.823800	0.241394
175.823900	0.249939
175.824000	0.242615
175.824100	0.231171
175.824200	0.218048
175.824300	0.203857
175.824400	0.176392
175.824500	0.149841
175.824600	0.113983
175.824700	0.085754
175.824800	0.051575
175.824900	0.014801
175.825000	-0.003967
175.825100	-0.017853
175.825200	-0.032196
175.825300	-0.040131
175.825400	-0.032654
175.825500	-0.012665
175.825600	0.001831
175.825700	0.015869
175.825800	0.036926
175.825900	0.055695
175.826000	0.084839
175.826100	0.105743
175.826200	0.120544
175.826300	0.133209
175.826400	0.141907
175.826500	0.142059
175.826600	0.143127
175.826700	0.137939
175.826800	0.135956
175.826900	0.125885
175.827000	0.123444
175.827100	0.117645
175.827200	0.113373
175.827300	0.112305
175.827400	0.106659
175.827500	0.107422
175.827600	0.096283
175.827700	0.089264
175.827800	0.092316
175.827900	0.087128
175.828000	0.100098
175.828100	0.119629
175.828200	0.153809
175.828300	0.211792
175.828400	0.287018
175.828500	0.391693
175.828600	0.491028
175.828700	0.555420
175.828800	0.568542
175.828900	0.551605
175.829000	0.484924
175.829100	0.384827
175.829200	0.256958
175.829300	0.108948
175.829400	-0.043793
175.829500	-0.188141
175.829600	-0.306396
175.829700	-0.382996
175.829800	-0.427856
175.829900	-0.449524
175.830000	-0.423431
175.830100	-0.350952
175.830200	-0.245819
175.830300	-0.117493
175.830400	0.012817
175.830500	0.136261
175.830600	0.270691
175.830700	0.408173
175.830800	0.565796
175.830900	0.681152
175.831000	0.762482
175.831100	0.789795
175.831200	0.777740
175.831300	0.702515
175.831400	0.568695
175.831500	0.376587
175.831600	0.143738
175.831700	-0.096588
175.831800	-0.318909
175.831900	-0.489807
175.832000	-0.611572
175.832100	-0.667877
175.832200	-0.679321
175.832300	-0.633392
175.832400	-0.536652
175.832500	-0.395355
175.832600	-0.247650
175.832700	-0.119171
175.832800	-0.017700
175.832900	0.054932
175.833000	0.087738
175.833100	0.111084
175.833200	0.126038
175.833300	0.132904
175.833400	0.139618
175.833500	0.136719
175.833600	0.137939
175.833700	0.129700
175.833800	0.123596
175.833900	0.124512
175.834000	0.120850
175.834100	0.120697
175.834200	0.117340
175.834300	0.110321
175.834400	0.104370
175.834500	0.103149
175.834600	0.105743
175.834700	0.099335
175.834800	0.096588
175.834900	0.097198
175.835000	0.096436
175.835100	0.097504
175.835200	0.112762
175.835300	0.156555
175.835400	0.236206
175.835500	0.357819
175.835600	0.540314
175.835700	0.760651
175.835800	0.917511
175.835900	0.967560
175.836000	0.991516
175.836100	1.016846
175.836200	1.044006
175.836300	0.977631
175.836400	0.712585
175.836500	0.328064
175.836600	-0.084076
175.836700	-0.431519
175.836800	-0.593262
175.836900	-0.479126
175.837000	-0.197601
175.837100	0.057220
175.837200	0.170746
175.837300	0.221252
175.837400	0.361328
175.837500	0.603943
175.837600	0.777435
175.837700	0.711823
175.837800	0.384674
175.837900	-0.085297
175.838000	-0.591736
175.838100	-0.943146
175.838200	-1.098938
175.838300	-1.132812
175.838400	-1.124573
175.838500	-1.119690
175.838600	-1.099091
175.838700	-1.005859
175.838800	-0.768127
175.838900	-0.461121
175.839000	-0.235443
175.839100	-0.088959
175.839200	0.011292
175.839300	0.070953
175.839400	0.099182
175.839500	0.119171
175.839600	0.120850
175.839700	0.127411
175.839800	0.135345
175.839900	0.142975
175.840000	0.143738
175.840100	0.136719
175.840200	0.144958
175.840300	0.145721
175.840400	0.145111
175.840500	0.144348
175.840600	0.142517
175.840700	0.145721
175.840800	0.143280
175.840900	0.136414
175.841000	0.137634
175.841100	0.134888
175.841200	0.128784
175.841300	0.121765
175.841400	0.123901
175.841500	0.124054
175.841600	0.128632
175.841700	0.133667
175.841800	0.128021
175.841900	0.134277
175.842000	0.144653
175.842100	0.134430
175.842200	0.135345
175.842300	0.136871
175.842400	0.147858
175.842500	0.147400
175.842600	0.145721
175.842700	0.150146
175.842800	0.150909
175.842900	0.165100
175.843000	0.159149
175.843100	0.153656
175.843200	0.145111
175.843300	0.139313
175.843400	0.131073
175.843500	0.126343
175.843600	0.116119
175.843700	0.109863
175.843800	0.100250
175.843900	0.084381
175.844000	0.071564
175.844100	0.068359
175.844200	0.072632
175.844300	0.066833
175.844400	0.070648
175.844500	0.075073
175.844600	0.072784
175.844700	0.080566
175.844800	0.079041
175.844900	0.074921
175.845000	0.081635
175.845100	0.078430
175.845200	0.079651
175.845300	0.081177
175.845400	0.090332
175.845500	0.098877
175.845600	0.101013
175.845700	0.102081
175.845800	0.121613
175.845900	0.155334
175.846000	0.203857
175.846100	0.285645
175.846200	0.387421
175.846300	0.473938
175.846400	0.529938
175.846500	0.531464
175.846600	0.495453
175.846700	0.446777
175.846800	0.376129
175.846900	0.296478
175.847000	0.214233
175.847100	0.113068
175.847200	0.022278
175.847300	-0.069733
175.847400	-0.143585
175.847500	-0.220032
175.847600	-0.284882
175.847700	-0.325317
175.847800	-0.357056
175.847900	-0.358124
175.848000	-0.300140
175.848100	-0.207977
175.848200	-0.105743
175.848300	-0.020752
175.848400	0.038452
175.848500	0.077820
175.848600	0.100861
175.848700	0.111847
175.848800	0.118561
175.848900	0.119019
175.849000	0.114746
175.849100	0.109863
175.849200	0.108032
175.849300	0.099792
175.849400	0.100250
175.849500	0.103912
175.849600	0.106354
175.849700	0.111694
175.849800	0.115662
175.849900	0.119019
175.850000	0.117950
175.850100	0.118103
175.850200	0.119934
175.850300	0.114746
175.850400	0.117950
175.850500	0.114899
175.850600	0.107727
175.850700	0.105286
175.850800	0.103760
175.850900	0.105286
175.851000	0.104980
175.851100	0.105896
175.851200	0.109711
175.851300	0.109711
175.851400	0.108948
175.851500	0.112610
175.851600	0.113525
175.851700	0.106201
175.851800	0.108643
175.851900	0.112152
175.852000	0.106964
175.852100	0.108185
175.852200	0.104828
175.852300	0.110931
175.852400	0.109863
175.852500	0.107422
175.852600	0.105438
175.852700	0.105438
175.852800	0.104218
175.852900	0.104675
175.853000	0.106201
175.853100	0.110474
175.853200	0.106659
175.853300	0.104218
175.853400	0.102386
175.853500	0.108795
175.853600	0.109253
175.853700	0.102081
175.853800	0.109558
175.853900	0.108948
175.854000	0.120239
175.854100	0.129089
175.854200	0.133972
175.854300	0.135345
175.854400	0.124054
175.854500	0.115356
175.854600	0.112305
175.854700	0.099030
175.854800	0.082550
175.854900	0.078583
175.855000	0.076599
175.855100	0.067749
175.855200	0.065002
175.855300	0.064697
175.855400	0.068817
175.855500	0.067902
175.855600	0.076599
175.855700	0.077209
175.855800	0.085602
175.855900	0.088043
175.856000	0.092621
175.856100	0.086212
175.856200	0.089874
175.856300	0.084534
175.856400	0.084534
175.856500	0.084076
175.856600	0.079956
175.856700	0.090637
175.856800	0.094757
175.856900	0.106659
175.857000	0.112305
175.857100	0.135040
175.857200	0.148926
175.857300	0.160217
175.857400	0.168762
175.857500	0.161133
175.857600	0.155640
175.857700	0.140839
175.857800	0.123596
175.857900	0.108337
175.858000	0.081329
175.858100	0.060272
175.858200	0.033417
175.858300	0.025482
175.858400	0.019226
175.858500	0.025940
175.858600	0.030365
175.858700	0.046234
175.858800	0.053558
175.858900	0.065308
175.859000	0.077362
175.859100	0.093842
175.859200	0.107269
175.859300	0.099640
175.859400	0.095825
175.859500	0.086212
175.859600	0.080566
175.859700	0.079193
175.859800	0.069122
175.859900	0.065002
175.860000	0.066376
175.860100	0.067596
175.860200	0.070648
175.860300	0.072327
175.860400	0.073090
175.860500	0.073242
175.860600	0.077820
175.860700	0.079498
175.860800	0.078278
175.860900	0.077209
175.861000	0.079346
175.861100	0.079651
175.861200	0.077515
175.861300	0.078735
175.861400	0.073242
175.861500	0.074615
175.861600	0.076904
175.861700	0.076294
175.861800	0.071869
175.861900	0.079803
175.862000	0.078430
175.862100	0.082550
175.862200	0.088959
175.862300	0.089111
175.862400	0.089569
175.862500	0.098877
175.862600	0.090790
175.862700	0.100861
175.862800	0.112915
175.862900	0.106964
175.863000	0.105286
175.863100	0.103302
175.863200	0.096588
175.863300	0.103912
175.863400	0.093689
175.863500	0.092010
175.863600	0.090790
175.863700	0.087585
175.863800	0.086823
175.863900	0.092163
175.864000	0.097656
175.864100	0.089417
175.864200	0.087891
175.864300	0.081482
175.864400	0.093384
175.864500	0.095673
175.864600	0.096283
175.864700	0.101776
175.864800	0.100861
175.864900	0.102081
175.865000	0.097809
175.865100	0.089874
175.865200	0.082397
175.865300	0.085449
175.865400	0.078583
175.865500	0.071869
175.865600	0.075378
175.865700	0.072479
175.865800	0.076752
175.865900	0.074768
175.866000	0.074005
175.866100	0.073700
175.866200	0.081635
175.866300	0.092163
175.866400	0.085449
175.866500	0.089569
175.866600	0.096588
175.866700	0.093994
175.866800	0.095062
175.866900	0.096436
175.867000	0.099030
175.867100	0.093994
175.867200	0.092010
175.867300	0.095062
175.867400	0.099335
175.867500	0.093536
175.867600	0.092926
175.867700	0.102081
175.867800	0.106201
175.867900	0.111542
175.868000	0.119629
175.868100	0.121460
175.868200	0.118866
175.868300	0.127869
175.868400	0.124512
175.868500	0.123596
175.868600	0.121155
175.868700	0.113220
175.868800	0.106506
175.868900	0.098114
175.869000	0.083618
175.869100	0.077667
175.869200	0.069580
175.869300	0.071869
175.869400	0.060120
175.869500	0.067139
175.869600	0.065002
175.869700	0.065765
175.869800	0.074463
175.869900	0.086517
175.870000	0.115662
175.870100	0.165100
175.870200	0.232086
175.870300	0.314178
175.870400	0.430908
175.870500	0.573883
175.870600	0.694885
175.870700	0.742798
175.870800	0.712585
175.870900	0.654144
175.871000	0.588531
175.871100	0.504456
175.871200	0.429077
175.871300	0.337067
175.871400	0.238037
175.871500	0.124359
175.871600	0.017700
175.871700	-0.096741
175.871800	-0.212097
175.871900	-0.319519
175.872000	-0.409546
