260.912900	-0.044708
260.913000	-0.048218
260.913100	-0.045624
260.913200	-0.036316
260.913300	0.021210
260.913400	0.159607
260.913500	0.403748
260.913600	0.727081
260.913700	0.868988
260.913800	0.841370
260.913900	0.753174
260.914000	0.596619
260.914100	0.271149
260.914200	-0.131531
260.914300	-0.484924
260.914400	-0.706787
260.914500	-0.835114
260.914600	-0.934143
260.914700	-0.950623
260.914800	-0.688019
260.914900	-0.369263
260.915000	-0.143585
260.915100	-0.009766
260.915200	0.053711
260.915300	0.078278
260.915400	0.078430
260.915500	0.065460
260.915600	0.046692
260.915700	0.033722
260.915800	0.020142
260.915900	0.006866
260.916000	0.012817
260.916100	0.007019
260.916200	-0.000916
260.916300	0.003357
260.916400	0.005493
260.916500	0.011139
260.916600	0.007935
260.916700	0.006256
260.916800	0.009766
260.916900	0.008850
260.917000	0.015869
260.917100	0.018921
260.917200	0.042419
260.917300	0.084076
260.917400	0.137482
260.917500	0.160370
260.917600	0.144806
260.917700	0.114136
260.917800	0.061035
260.917900	0.001221
260.918000	-0.047607
260.918100	-0.059052
260.918200	-0.019531
260.918300	0.058289
260.918400	0.156860
260.918500	0.235901
260.918600	0.300446
260.918700	0.284882
260.918800	0.163879
260.918900	-0.007172
260.919000	-0.179291
260.919100	-0.252838
260.919200	-0.265198
260.919300	-0.269928
260.919400	-0.234833
260.919500	-0.146027
260.919600	-0.059814
260.919700	-0.012665
260.919800	0.015106
260.919900	0.028687
260.920000	0.026855
260.920100	0.027924
260.920200	0.030518
260.920300	0.028687
260.920400	0.031433
260.920500	0.022125
260.920600	0.030823
260.920700	0.028687
260.920800	0.025482
260.920900	0.034332
260.921000	0.044098
260.921100	0.045929
260.921200	0.041046
260.921300	0.043030
260.921400	0.037231
260.921500	0.033112
260.921600	0.028992
260.921700	0.025177
260.921800	0.019226
260.921900	0.012360
260.922000	0.012360
260.922100	0.016022
260.922200	0.041504
260.922300	0.140076
260.922400	0.361176
260.922500	0.786133
260.922600	1.312256
260.922700	1.679993
260.922800	2.077942
260.922900	2.543945
260.923000	2.409668
260.923100	1.799164
260.923200	1.100159
260.923300	0.264740
260.923400	-0.686951
260.923500	-1.692505
260.923600	-2.608337
260.923700	-2.872925
260.923800	-2.490234
260.923900	-2.067719
260.924000	-1.718140
260.924100	-1.223907
260.924200	-0.629272
260.924300	-0.308990
260.924400	-0.157318
260.924500	-0.098877
260.924600	-0.088196
260.924700	-0.092010
260.924800	-0.082397
260.924900	-0.037231
260.925000	-0.003510
260.925100	0.025177
260.925200	0.046082
260.925300	0.093689
260.925400	0.175171
260.925500	0.366211
260.925600	0.701599
260.925700	1.256714
260.925800	1.770477
260.925900	2.059784
260.926000	2.094421
260.926100	1.810913
260.926200	1.130524
260.926300	0.243835
260.926400	-0.758972
260.926500	-1.651306
260.926600	-2.029419
260.926700	-2.134094
260.926800	-2.085724
260.926900	-1.746063
260.927000	-1.278229
260.927100	-0.724792
260.927200	-0.313263
260.927300	-0.090332
260.927400	0.012512
260.927500	0.045929
260.927600	0.059662
260.927700	0.059357
260.927800	0.061188
260.927900	0.066376
260.928000	0.074463
260.928100	0.071411
260.928200	0.073700
260.928300	0.073853
260.928400	0.068054
260.928500	0.069733
260.928600	0.069427
260.928700	0.068054
260.928800	0.065002
260.928900	0.066833
260.929000	0.070190
260.929100	0.083771
260.929200	0.088043
260.929300	0.091553
260.929400	0.089722
260.929500	0.087738
260.929600	0.085449
260.929700	0.086975
260.929800	0.085297
260.929900	0.095367
260.930000	0.105133
260.930100	0.117340
260.930200	0.121918
260.930300	0.109863
260.930400	0.095825
260.930500	0.080261
260.930600	0.077515
260.930700	0.093231
260.930800	0.098724
260.930900	0.090027
260.931000	0.063171
260.931100	0.030823
260.931200	-0.005341
260.931300	-0.034485
260.931400	-0.038910
260.931500	0.007935
260.931600	0.146637
260.931700	0.431671
260.931800	0.841370
260.931900	1.112976
260.932000	1.255493
260.932100	1.296997
260.932200	1.127472
260.932300	0.553131
260.932400	-0.180054
260.932500	-0.783691
260.932600	-1.147308
260.932700	-1.324615
260.932800	-1.364746
260.932900	-1.232910
260.933000	-0.845795
260.933100	-0.422363
260.933200	-0.151978
260.933300	0.002136
260.933400	0.063934
260.933500	0.076599
260.933600	0.084686
260.933700	0.089722
260.933800	0.093079
260.933900	0.101471
260.934000	0.093994
260.934100	0.080109
260.934200	0.046844
260.934300	0.012512
260.934400	-0.020752
260.934500	-0.034027
260.934600	-0.032654
260.934700	-0.025177
260.934800	-0.002289
260.934900	0.025787
260.935000	0.039520
260.935100	0.048218
260.935200	0.054169
260.935300	0.054321
260.935400	0.052490
260.935500	0.050201
260.935600	0.042114
260.935700	0.048218
260.935800	0.045013
260.935900	0.038452
260.936000	0.040588
260.936100	0.039520
260.936200	0.040741
260.936300	0.048828
260.936400	0.057983
260.936500	0.067902
260.936600	0.071411
260.936700	0.082550
260.936800	0.088959
260.936900	0.078430
260.937000	0.058289
260.937100	0.038605
260.937200	0.014343
260.937300	0.003815
260.937400	-0.000305
260.937500	-0.008850
260.937600	-0.010376
260.937700	-0.006866
260.937800	0.007324
260.937900	0.020294
260.938000	0.030823
260.938100	0.037689
260.938200	0.050507
260.938300	0.068054
260.938400	0.082703
260.938500	0.094452
260.938600	0.088348
260.938700	0.069580
260.938800	0.041351
260.938900	0.000916
260.939000	-0.008392
260.939100	-0.014801
260.939200	-0.015564
260.939300	-0.007935
260.939400	0.004120
260.939500	0.022125
260.939600	0.026550
260.939700	0.025177
260.939800	0.025940
260.939900	0.019684
260.940000	0.024872
260.940100	0.025024
260.940200	0.025482
260.940300	0.026245
260.940400	0.031891
260.940500	0.030365
260.940600	0.031433
260.940700	0.027313
260.940800	0.025940
260.940900	0.021973
260.941000	0.020447
260.941100	0.018463
260.941200	0.014496
260.941300	0.018768
260.941400	0.023956
260.941500	0.023804
260.941600	0.022125
260.941700	0.021362
260.941800	0.026550
260.941900	0.036316
260.942000	0.037384
260.942100	0.046082
260.942200	0.053711
260.942300	0.048065
260.942400	0.041046
260.942500	0.028687
260.942600	0.010986
260.942700	-0.003662
260.942800	-0.013428
260.942900	-0.020599
260.943000	-0.015411
260.943100	-0.002747
260.943200	0.004883
260.943300	0.018616
260.943400	0.025330
260.943500	0.033112
260.943600	0.038147
260.943700	0.042419
260.943800	0.042114
260.943900	0.043640
260.944000	0.062866
260.944100	0.121002
260.944200	0.259705
260.944300	0.529022
260.944400	0.960388
260.944500	1.217651
260.944600	1.258392
260.944700	1.280212
260.944800	1.143646
260.944900	0.607910
260.945000	-0.045319
260.945100	-0.732422
260.945200	-1.168823
260.945300	-1.343384
260.945400	-1.339722
260.945500	-1.308899
260.945600	-1.193542
260.945700	-0.613403
260.945800	-0.287170
260.945900	-0.093384
260.946000	-0.008087
260.946100	0.017700
260.946200	0.019684
260.946300	0.022888
260.946400	0.020599
260.946500	0.016785
260.946600	0.019379
260.946700	0.015717
260.946800	0.023346
260.946900	0.028534
260.947000	0.034637
260.947100	0.028992
260.947200	0.015564
260.947300	0.011444
260.947400	-0.000610
260.947500	0.001221
260.947600	0.004120
260.947700	0.003967
260.947800	0.010529
260.947900	0.024567
260.948000	0.035400
260.948100	0.036926
260.948200	0.041962
260.948300	0.051270
260.948400	0.062256
260.948500	0.118103
260.948600	0.273743
260.948700	0.563812
260.948800	1.024170
260.948900	1.431427
260.949000	1.447296
260.949100	1.219788
260.949200	0.899353
260.949300	0.521545
260.949400	0.152130
260.949500	-0.126343
260.949600	-0.233154
260.949700	-0.111084
260.949800	-0.014496
260.949900	-0.142365
260.950000	-0.064545
260.950100	0.307770
260.950200	0.533142
260.950300	0.360718
260.950400	0.011749
260.950500	-0.422821
260.950600	-0.906372
260.950700	-1.179810
260.950800	-1.186981
260.950900	-1.189423
260.951000	-1.087189
260.951100	-1.048431
260.951200	-0.831757
260.951300	-0.561981
260.951400	-0.384979
260.951500	-0.261841
260.951600	-0.204620
260.951700	-0.171051
260.951800	-0.086975
260.951900	0.002136
260.952000	0.041504
260.952100	0.037231
260.952200	0.010376
260.952300	-0.009155
260.952400	-0.012665
260.952500	-0.006714
260.952600	0.011597
260.952700	0.036011
260.952800	0.042114
260.952900	0.052338
260.953000	0.056000
260.953100	0.059662
260.953200	0.058289
260.953300	0.058594
260.953400	0.057983
260.953500	0.056458
260.953600	0.060883
260.953700	0.062103
260.953800	0.056458
260.953900	0.049438
260.954000	0.045624
260.954100	0.040894
260.954200	0.034637
260.954300	0.038147
260.954400	0.037994
260.954500	0.038605
260.954600	0.043335
260.954700	0.043182
260.954800	0.043640
260.954900	0.044098
260.955000	0.045319
260.955100	0.044861
260.955200	0.041809
260.955300	0.051422
260.955400	0.049896
260.955500	0.050964
260.955600	0.057983
260.955700	0.073547
260.955800	0.086670
260.955900	0.092010
260.956000	0.088043
260.956100	0.085754
260.956200	0.094147
260.956300	0.135498
260.956400	0.291748
260.956500	0.708618
260.956600	1.515503
260.956700	2.538147
260.956800	3.635712
260.956900	4.258728
260.957000	4.196930
260.957100	3.783264
260.957200	2.988434
260.957300	1.130371
260.957400	-1.040955
260.957500	-3.378296
260.957600	-4.292603
260.957700	-4.367676
260.957800	-4.073639
260.957900	-3.549957
260.958000	-2.544861
260.958100	-1.404724
260.958200	-0.631104
260.958300	-0.217743
260.958400	-0.052338
260.958500	0.013428
260.958600	0.111084
260.958700	0.350342
260.958800	0.822144
260.958900	1.564941
260.959000	2.060242
260.959100	2.244873
260.959200	2.337189
260.959300	1.982117
260.959400	0.923615
260.959500	-0.325317
260.959600	-1.625061
260.959700	-2.336273
260.959800	-2.463074
260.959900	-2.421875
260.960000	-2.166138
260.960100	-1.449432
260.960200	-0.778503
260.960300	-0.304565
260.960400	-0.085754
260.960500	0.010529
260.960600	0.103149
260.960700	0.319519
260.960800	0.782776
260.960900	1.498718
260.961000	2.083740
260.961100	2.315369
260.961200	2.316895
260.961300	1.936798
260.961400	1.190491
260.961500	0.258331
260.961600	-0.765686
260.961700	-1.571960
260.961800	-1.862640
260.961900	-1.940155
260.962000	-1.822662
260.962100	-1.434174
260.962200	-1.203308
260.962300	-0.809937
260.962400	-0.712585
260.962500	-0.690918
260.962600	-0.539246
260.962700	-0.306854
260.962800	-0.119019
260.962900	-0.004425
260.963000	0.042114
260.963100	0.056152
260.963200	0.050049
260.963300	0.052490
260.963400	0.043945
260.963500	0.039062
260.963600	0.041199
260.963700	0.044556
260.963800	0.050049
260.963900	0.052643
260.964000	0.054474
260.964100	0.055237
260.964200	0.057068
260.964300	0.060577
260.964400	0.064087
260.964500	0.070648
260.964600	0.072937
260.964700	0.068054
260.964800	0.069733
260.964900	0.071106
260.965000	0.066681
260.965100	0.064087
260.965200	0.060272
260.965300	0.056610
260.965400	0.056305
260.965500	0.046234
260.965600	0.039825
260.965700	0.032196
260.965800	0.028229
260.965900	0.031128
260.966000	0.032501
260.966100	0.040741
260.966200	0.046387
260.966300	0.044403
260.966400	0.047607
