249.392900	-0.136261
249.393000	0.093842
249.393100	0.211029
249.393200	0.219116
249.393300	0.142975
249.393400	0.021973
249.393500	-0.094910
249.393600	-0.155487
249.393700	-0.169067
249.393800	-0.156097
249.393900	-0.111694
249.394000	-0.043182
249.394100	0.003357
249.394200	0.029144
249.394300	0.036621
249.394400	0.043182
249.394500	0.045471
249.394600	0.048828
249.394700	0.057220
249.394800	0.068207
249.394900	0.076447
249.395000	0.111389
249.395100	0.154114
249.395200	0.182800
249.395300	0.197754
249.395400	0.186310
249.395500	0.160522
249.395600	0.095825
249.395700	0.018005
249.395800	-0.041656
249.395900	-0.077362
249.396000	-0.097351
249.396100	-0.098267
249.396200	-0.073395
249.396300	-0.026398
249.396400	0.018005
249.396500	0.056305
249.396600	0.060883
249.396700	0.070343
249.396800	0.075226
249.396900	0.072174
249.397000	0.073700
249.397100	0.067596
249.397200	0.070190
249.397300	0.066833
249.397400	0.065308
249.397500	0.081329
249.397600	0.127106
249.397700	0.238190
249.397800	0.460205
249.397900	0.781708
249.398000	1.103210
249.398100	1.313171
249.398200	1.383057
249.398300	1.311646
249.398400	1.067657
249.398500	0.677185
249.398600	0.198364
249.398700	-0.307007
249.398800	-0.760956
249.398900	-1.140289
249.399000	-1.387177
249.399100	-1.429138
249.399200	-1.272278
249.399300	-1.003418
249.399400	-0.674133
249.399500	-0.393372
249.399600	-0.162964
249.399700	-0.029144
249.399800	0.045624
249.399900	0.073547
249.400000	0.100098
249.400100	0.109100
249.400200	0.107117
249.400300	0.102234
249.400400	0.111847
249.400500	0.089417
249.400600	0.079041
249.400700	0.071564
249.400800	0.056915
249.400900	0.036163
249.401000	0.026245
249.401100	0.030212
249.401200	0.035248
249.401300	0.034790
249.401400	0.037994
249.401500	0.051880
249.401600	0.083313
249.401700	0.165710
249.401800	0.315552
249.401900	0.547791
249.402000	0.777893
249.402100	0.920258
249.402200	0.942535
249.402300	0.829620
249.402400	0.525665
249.402500	0.105591
249.402600	-0.354462
249.402700	-0.674133
249.402800	-0.832062
249.402900	-0.871582
249.403000	-0.784607
249.403100	-0.601349
249.403200	-0.343475
249.403300	-0.147552
249.403400	-0.021820
249.403500	0.032654
249.403600	0.048981
249.403700	0.051422
249.403800	0.053864
249.403900	0.059204
249.404000	0.063477
249.404100	0.063324
249.404200	0.064697
249.404300	0.062408
249.404400	0.063477
249.404500	0.076294
249.404600	0.076752
249.404700	0.072632
249.404800	0.072479
249.404900	0.077362
249.405000	0.068665
249.405100	0.072174
249.405200	0.079498
249.405300	0.083160
249.405400	0.082245
249.405500	0.083160
249.405600	0.081787
249.405700	0.078735
249.405800	0.070648
249.405900	0.067291
249.406000	0.060730
249.406100	0.054474
249.406200	0.049438
249.406300	0.056763
249.406400	0.059967
249.406500	0.064087
249.406600	0.070496
249.406700	0.079803
249.406800	0.068817
249.406900	0.074005
249.407000	0.077820
249.407100	0.069427
249.407200	0.065155
249.407300	0.061798
249.407400	0.066528
249.407500	0.071716
249.407600	0.079041
249.407700	0.068665
249.407800	0.058746
249.407900	0.049591
249.408000	0.046844
249.408100	0.040131
249.408200	0.036774
249.408300	0.035706
249.408400	0.039368
249.408500	0.040741
249.408600	0.048676
249.408700	0.046387
249.408800	0.046692
249.408900	0.047913
249.409000	0.042572
249.409100	0.038452
249.409200	0.033417
249.409300	0.031738
249.409400	0.038452
249.409500	0.063477
249.409600	0.115662
249.409700	0.239563
249.409800	0.430145
249.409900	0.649719
249.410000	0.811005
249.410100	0.877380
249.410200	0.810242
249.410300	0.580292
249.410400	0.218201
249.410500	-0.179138
249.410600	-0.531006
249.410700	-0.718689
249.410800	-0.773773
249.410900	-0.722504
249.411000	-0.586548
249.411100	-0.391846
249.411200	-0.214539
249.411300	-0.106506
249.411400	-0.063019
249.411500	-0.030060
249.411600	-0.021210
249.411700	-0.004425
249.411800	0.030823
249.411900	0.051575
249.412000	0.058746
249.412100	0.049591
249.412200	0.050964
249.412300	0.049896
249.412400	0.052490
249.412500	0.057678
249.412600	0.063324
249.412700	0.074615
249.412800	0.081024
249.412900	0.081177
249.413000	0.078278
249.413100	0.068817
249.413200	0.060425
249.413300	0.059357
249.413400	0.061493
249.413500	0.057983
249.413600	0.065308
249.413700	0.071869
249.413800	0.076599
249.413900	0.078735
249.414000	0.078888
249.414100	0.076141
249.414200	0.066986
249.414300	0.053101
249.414400	0.042725
249.414500	0.032043
249.414600	0.022888
249.414700	0.021973
249.414800	0.018005
249.414900	0.024719
249.415000	0.019989
249.415100	0.021973
249.415200	0.031738
249.415300	0.037079
249.415400	0.041809
249.415500	0.045319
249.415600	0.049744
249.415700	0.054932
249.415800	0.055695
249.415900	0.062256
249.416000	0.069122
249.416100	0.065918
249.416200	0.068207
249.416300	0.070953
249.416400	0.065460
249.416500	0.068207
249.416600	0.065002
249.416700	0.060577
249.416800	0.062714
249.416900	0.065918
249.417000	0.063171
249.417100	0.065002
249.417200	0.067291
249.417300	0.062561
249.417400	0.058746
249.417500	0.056152
249.417600	0.057068
249.417700	0.053253
249.417800	0.056610
249.417900	0.056763
249.418000	0.057373
249.418100	0.059204
249.418200	0.060577
249.418300	0.061340
249.418400	0.061188
249.418500	0.069885
249.418600	0.072327
249.418700	0.068665
249.418800	0.072327
249.418900	0.079498
249.419000	0.075684
249.419100	0.077820
249.419200	0.069122
249.419300	0.073395
249.419400	0.072784
249.419500	0.072937
249.419600	0.073547
249.419700	0.066376
249.419800	0.061035
249.419900	0.064087
249.420000	0.059204
249.420100	0.062103
249.420200	0.050507
249.420300	0.047150
249.420400	0.045471
249.420500	0.045471
249.420600	0.050964
249.420700	0.059509
249.420800	0.058594
249.420900	0.056610
249.421000	0.058136
249.421100	0.056763
249.421200	0.053558
249.421300	0.045776
249.421400	0.043793
249.421500	0.042267
249.421600	0.036011
249.421700	0.041656
249.421800	0.047455
249.421900	0.050964
249.422000	0.046844
249.422100	0.045624
249.422200	0.050049
249.422300	0.049591
249.422400	0.059052
249.422500	0.061646
249.422600	0.061646
249.422700	0.059509
249.422800	0.063629
249.422900	0.071106
249.423000	0.078888
249.423100	0.111694
249.423200	0.176086
249.423300	0.282135
249.423400	0.419922
249.423500	0.503235
249.423600	0.489349
249.423700	0.418396
249.423800	0.330811
249.423900	0.218811
249.424000	0.108185
249.424100	-0.014801
249.424200	-0.131531
249.424300	-0.244446
249.424400	-0.330658
249.424500	-0.396271
249.424600	-0.432739
249.424700	-0.390625
249.424800	-0.264893
249.424900	-0.129852
249.425000	-0.026550
249.425100	0.029449
249.425200	0.052948
249.425300	0.055237
249.425400	0.047760
249.425500	0.048676
249.425600	0.042114
249.425700	0.043640
249.425800	0.045624
249.425900	0.052490
249.426000	0.059814
249.426100	0.063019
249.426200	0.067139
249.426300	0.068054
249.426400	0.064697
249.426500	0.064392
249.426600	0.067444
249.426700	0.067749
249.426800	0.066071
249.426900	0.067444
249.427000	0.069122
249.427100	0.071716
249.427200	0.076599
249.427300	0.091248
249.427400	0.157013
249.427500	0.335999
249.427600	0.719604
249.427700	1.338806
249.427800	2.017365
249.427900	2.469177
249.428000	2.589417
249.428100	2.244415
249.428200	1.314850
249.428300	0.056458
249.428400	-1.120148
249.428500	-2.424622
249.428600	-3.021088
249.428700	-3.014984
249.428800	-2.530365
249.428900	-1.769409
249.429000	-1.203003
249.429100	-0.428925
249.429200	-0.098572
249.429300	0.038147
249.429400	0.101013
249.429500	0.133972
249.429600	0.148468
249.429700	0.153351
249.429800	0.149078
249.429900	0.119781
249.430000	0.092010
249.430100	0.055237
249.430200	0.030823
249.430300	0.021362
249.430400	0.024109
249.430500	0.036316
249.430600	0.049438
249.430700	0.067291
249.430800	0.083618
249.430900	0.090332
249.431000	0.087891
249.431100	0.101318
249.431200	0.135193
249.431300	0.201111
249.431400	0.320129
249.431500	0.450439
249.431600	0.537720
249.431700	0.569153
249.431800	0.531311
249.431900	0.415955
249.432000	0.217285
249.432100	-0.027313
249.432200	-0.243073
249.432300	-0.393372
249.432400	-0.467682
249.432500	-0.458679
249.432600	-0.381622
249.432700	-0.236664
249.432800	-0.083466
249.432900	0.037842
249.433000	0.119324
249.433100	0.149078
249.433200	0.161591
249.433300	0.158691
249.433400	0.150146
249.433500	0.123596
249.433600	0.083618
249.433700	0.055389
249.433800	0.022125
249.433900	-0.006104
249.434000	-0.002441
249.434100	-0.006409
249.434200	0.001068
249.434300	0.013580
249.434400	0.017090
249.434500	0.044250
249.434600	0.066833
249.434700	0.076752
249.434800	0.083466
249.434900	0.080109
249.435000	0.079498
249.435100	0.073090
249.435200	0.069122
249.435300	0.068665
249.435400	0.068512
249.435500	0.072174
249.435600	0.072479
249.435700	0.071259
249.435800	0.069427
249.435900	0.073090
249.436000	0.083008
249.436100	0.084686
249.436200	0.084534
249.436300	0.083618
249.436400	0.081177
249.436500	0.083313
249.436600	0.076599
249.436700	0.073547
249.436800	0.071869
249.436900	0.066986
249.437000	0.066986
249.437100	0.062561
249.437200	0.060272
249.437300	0.060120
249.437400	0.067749
249.437500	0.063934
249.437600	0.070343
249.437700	0.068665
249.437800	0.067596
249.437900	0.069580
249.438000	0.061951
249.438100	0.061646
249.438200	0.064697
249.438300	0.066986
249.438400	0.074463
249.438500	0.075684
249.438600	0.070343
249.438700	0.057831
249.438800	0.053101
249.438900	0.049744
249.439000	0.050507
249.439100	0.055237
249.439200	0.056152
249.439300	0.052948
249.439400	0.052795
249.439500	0.046234
249.439600	0.052795
249.439700	0.049438
249.439800	0.055237
249.439900	0.055847
249.440000	0.058899
249.440100	0.060577
249.440200	0.068970
249.440300	0.065613
249.440400	0.067902
249.440500	0.070953
249.440600	0.072784
249.440700	0.068665
249.440800	0.071259
249.440900	0.070190
249.441000	0.073242
249.441100	0.069580
249.441200	0.072327
249.441300	0.076599
249.441400	0.077515
249.441500	0.078583
249.441600	0.081787
249.441700	0.081940
249.441800	0.077057
249.441900	0.072174
249.442000	0.076141
249.442100	0.068359
249.442200	0.072479
249.442300	0.073853
249.442400	0.080109
249.442500	0.074463
249.442600	0.071716
249.442700	0.063324
249.442800	0.064392
249.442900	0.063019
249.443000	0.062866
249.443100	0.061951
249.443200	0.064697
249.443300	0.067749
249.443400	0.070801
249.443500	0.072632
249.443600	0.070801
249.443700	0.062714
249.443800	0.058746
249.443900	0.057526
249.444000	0.053864
249.444100	0.052948
249.444200	0.055389
249.444300	0.050659
249.444400	0.058136
249.444500	0.052795
249.444600	0.050049
249.444700	0.050812
249.444800	0.050507
249.444900	0.052185
249.445000	0.052948
249.445100	0.057831
249.445200	0.067902
249.445300	0.074158
249.445400	0.075531
249.445500	0.067902
249.445600	0.071869
249.445700	0.073242
249.445800	0.069885
249.445900	0.073700
249.446000	0.091705
249.446100	0.107422
249.446200	0.113373
249.446300	0.122528
249.446400	0.117340
