263.677700	0.110474
263.677800	0.032349
263.677900	-0.019684
263.678000	-0.053101
263.678100	-0.071564
263.678200	-0.082550
263.678300	-0.071564
263.678400	-0.041962
263.678500	0.014648
263.678600	0.082245
263.678700	0.173645
263.678800	0.311127
263.678900	0.484314
263.679000	0.627899
263.679100	0.690613
263.679200	0.675049
263.679300	0.551910
263.679400	0.345612
263.679500	0.114899
263.679600	-0.138397
263.679700	-0.349121
263.679800	-0.486755
263.679900	-0.537109
263.680000	-0.536499
263.680100	-0.450592
263.680200	-0.293121
263.680300	-0.145264
263.680400	-0.038605
263.680500	-0.001984
263.680600	0.014496
263.680700	0.018005
263.680800	0.021973
263.680900	0.020599
263.681000	0.031128
263.681100	0.049744
263.681200	0.077209
263.681300	0.091248
263.681400	0.089722
263.681500	0.089569
263.681600	0.083008
263.681700	0.074768
263.681800	0.061646
263.681900	0.048981
263.682000	0.040894
263.682100	0.031433
263.682200	0.023193
263.682300	0.025177
263.682400	0.031281
263.682500	0.043030
263.682600	0.053406
263.682700	0.052948
263.682800	0.064087
263.682900	0.066681
263.683000	0.071564
263.683100	0.077667
263.683200	0.072021
263.683300	0.072479
263.683400	0.065460
263.683500	0.062256
263.683600	0.058899
263.683700	0.054016
263.683800	0.064240
263.683900	0.136108
263.684000	0.296173
263.684100	0.591431
263.684200	1.036224
263.684300	1.385803
263.684400	1.461029
263.684500	1.445160
263.684600	1.365509
263.684700	1.002502
263.684800	0.412750
263.684900	-0.200653
263.685000	-0.787964
263.685100	-1.170959
263.685200	-1.340332
263.685300	-1.287842
263.685400	-1.210022
263.685500	-1.001282
263.685600	-0.617218
263.685700	-0.278931
263.685800	-0.052490
263.685900	0.046997
263.686000	0.076904
263.686100	0.085907
263.686200	0.078735
263.686300	0.061493
263.686400	0.037842
263.686500	0.021515
263.686600	0.015717
263.686700	0.005951
263.686800	0.001373
263.686900	-0.003967
263.687000	-0.018158
263.687100	-0.033569
263.687200	-0.022430
263.687300	-0.003052
263.687400	0.014801
263.687500	0.030212
263.687600	0.039520
263.687700	0.050354
263.687800	0.060425
263.687900	0.056610
263.688000	0.066071
263.688100	0.060272
263.688200	0.065765
263.688300	0.058289
263.688400	0.063171
263.688500	0.067902
263.688600	0.065765
263.688700	0.067596
263.688800	0.069885
263.688900	0.079498
263.689000	0.095062
263.689100	0.107269
263.689200	0.131073
263.689300	0.186310
263.689400	0.342560
263.689500	0.614166
263.689600	0.854950
263.689700	0.960846
263.689800	0.926056
263.689900	0.746155
263.690000	0.428925
263.690100	0.018921
263.690200	-0.390015
263.690300	-0.692291
263.690400	-0.828094
263.690500	-0.827179
263.690600	-0.704346
263.690700	-0.482483
263.690800	-0.235138
263.690900	-0.025940
263.691000	0.088196
263.691100	0.126190
263.691200	0.106354
263.691300	0.059814
263.691400	0.009918
263.691500	-0.034332
263.691600	-0.060272
263.691700	-0.070496
263.691800	-0.063171
263.691900	-0.035553
263.692000	-0.006866
263.692100	0.024109
263.692200	0.045471
263.692300	0.061340
263.692400	0.074463
263.692500	0.078888
263.692600	0.076447
263.692700	0.077057
263.692800	0.080719
263.692900	0.078278
263.693000	0.073090
263.693100	0.068970
263.693200	0.071259
263.693300	0.071869
263.693400	0.071411
263.693500	0.076294
263.693600	0.077515
263.693700	0.084534
263.693800	0.077972
263.693900	0.076294
263.694000	0.076447
263.694100	0.072937
263.694200	0.071411
263.694300	0.070801
263.694400	0.055542
263.694500	0.061951
263.694600	0.057068
263.694700	0.062866
263.694800	0.062256
263.694900	0.071564
263.695000	0.073700
263.695100	0.067444
263.695200	0.063019
263.695300	0.061340
263.695400	0.060730
263.695500	0.057068
263.695600	0.061646
263.695700	0.064392
263.695800	0.069885
263.695900	0.076447
263.696000	0.073242
263.696100	0.072632
263.696200	0.074463
263.696300	0.076447
263.696400	0.070801
263.696500	0.068054
263.696600	0.069122
263.696700	0.076141
263.696800	0.076752
263.696900	0.076294
263.697000	0.076141
263.697100	0.079346
263.697200	0.080261
263.697300	0.089111
263.697400	0.095520
263.697500	0.092926
263.697600	0.082855
263.697700	0.072479
263.697800	0.062408
263.697900	0.053864
263.698000	0.052490
263.698100	0.050964
263.698200	0.053558
263.698300	0.045929
263.698400	0.049744
263.698500	0.057678
263.698600	0.060120
263.698700	0.065765
263.698800	0.063477
263.698900	0.065460
263.699000	0.057678
263.699100	0.052643
263.699200	0.053101
263.699300	0.056458
263.699400	0.055695
263.699500	0.061951
263.699600	0.074005
263.699700	0.099030
263.699800	0.155182
263.699900	0.264435
263.700000	0.421448
263.700100	0.547638
263.700200	0.559998
263.700300	0.505829
263.700400	0.398560
263.700500	0.290070
263.700600	0.164337
263.700700	0.019684
263.700800	-0.121613
263.700900	-0.248566
263.701000	-0.339355
263.701100	-0.418091
263.701200	-0.470581
263.701300	-0.421448
263.701400	-0.289154
263.701500	-0.144043
263.701600	-0.042725
263.701700	0.010529
263.701800	0.042877
263.701900	0.063171
263.702000	0.072021
263.702100	0.079041
263.702200	0.081329
263.702300	0.072327
263.702400	0.065308
263.702500	0.061035
263.702600	0.044098
263.702700	0.036011
263.702800	0.037537
263.702900	0.035248
263.703000	0.036316
263.703100	0.033722
263.703200	0.038300
263.703300	0.045013
263.703400	0.045166
263.703500	0.044708
263.703600	0.050964
263.703700	0.051880
263.703800	0.060883
263.703900	0.065918
263.704000	0.070496
263.704100	0.074005
263.704200	0.076447
263.704300	0.081635
263.704400	0.083771
263.704500	0.080261
263.704600	0.079041
263.704700	0.078278
263.704800	0.071411
263.704900	0.067139
263.705000	0.054474
263.705100	0.043335
263.705200	0.037231
263.705300	0.033417
263.705400	0.042419
263.705500	0.096588
263.705600	0.214996
263.705700	0.434723
263.705800	0.716553
263.705900	0.954132
263.706000	1.075439
263.706100	1.035156
263.706200	0.805969
263.706300	0.401459
263.706400	-0.086212
263.706500	-0.559998
263.706600	-0.882111
263.706700	-1.032257
263.706800	-1.020050
263.706900	-0.873871
263.707000	-0.610046
263.707100	-0.325775
263.707200	-0.112152
263.707300	-0.013428
263.707400	0.031433
263.707500	0.039825
263.707600	0.064240
263.707700	0.096130
263.707800	0.136108
263.707900	0.155945
263.708000	0.169983
263.708100	0.153351
263.708200	0.130005
263.708300	0.071259
263.708400	0.010986
263.708500	-0.031738
263.708600	-0.041199
263.708700	-0.046997
263.708800	-0.033417
263.708900	-0.008545
263.709000	0.022736
263.709100	0.047150
263.709200	0.062408
263.709300	0.070953
263.709400	0.063477
263.709500	0.067902
263.709600	0.066986
263.709700	0.064697
263.709800	0.065918
263.709900	0.059662
263.710000	0.063324
263.710100	0.065613
263.710200	0.065918
263.710300	0.070343
263.710400	0.065308
263.710500	0.065918
263.710600	0.066528
263.710700	0.060120
263.710800	0.060883
263.710900	0.063171
263.711000	0.062866
263.711100	0.062561
263.711200	0.057373
263.711300	0.073242
263.711400	0.089111
263.711500	0.144348
263.711600	0.233459
263.711700	0.339355
263.711800	0.411835
263.711900	0.420380
263.712000	0.378876
263.712100	0.291290
263.712200	0.171356
263.712300	0.046387
263.712400	-0.087891
263.712500	-0.199432
263.712600	-0.271759
263.712700	-0.308075
263.712800	-0.283661
263.712900	-0.214539
263.713000	-0.111694
263.713100	-0.029449
263.713200	0.016479
263.713300	0.040131
263.713400	0.037079
263.713500	0.031433
263.713600	0.023651
263.713700	0.020905
263.713800	0.021973
263.713900	0.019989
263.714000	0.021515
263.714100	0.031891
263.714200	0.043030
263.714300	0.051727
263.714400	0.053101
263.714500	0.055084
263.714600	0.054474
263.714700	0.059204
263.714800	0.066376
263.714900	0.059814
263.715000	0.061493
263.715100	0.063171
263.715200	0.067749
263.715300	0.069275
263.715400	0.069885
263.715500	0.075989
263.715600	0.064545
263.715700	0.067139
263.715800	0.064545
263.715900	0.070496
263.716000	0.071869
263.716100	0.061646
263.716200	0.069427
263.716300	0.066833
263.716400	0.066071
263.716500	0.069427
263.716600	0.070190
263.716700	0.068054
263.716800	0.067139
263.716900	0.066833
263.717000	0.065613
263.717100	0.064545
263.717200	0.063782
263.717300	0.064697
263.717400	0.078430
263.717500	0.113220
263.717600	0.204010
263.717700	0.361176
263.717800	0.544281
263.717900	0.701447
263.718000	0.779419
263.718100	0.769653
263.718200	0.657959
263.718300	0.398712
263.718400	0.032349
263.718500	-0.327148
263.718600	-0.595093
263.718700	-0.730438
263.718800	-0.747986
263.718900	-0.671539
263.719000	-0.472565
263.719100	-0.151215
263.719200	0.274963
263.719300	0.786743
263.719400	1.145325
263.719500	1.298218
263.719600	1.535034
263.719700	1.854553
263.719800	1.920319
263.719900	1.586609
263.720000	0.926666
263.720100	0.251465
263.720200	-0.256042
263.720300	-0.776672
263.720400	-1.414642
263.720500	-1.912079
263.720600	-1.993561
263.720700	-1.909180
263.720800	-1.750793
263.720900	-1.442413
263.721000	-1.146240
263.721100	-0.517883
263.721200	-0.169678
263.721300	-0.004730
263.721400	0.058594
263.721500	0.081329
263.721600	0.095673
263.721700	0.103149
263.721800	0.100098
263.721900	0.104828
263.722000	0.103912
263.722100	0.101776
263.722200	0.107727
263.722300	0.119934
263.722400	0.137329
263.722500	0.163422
263.722600	0.183716
263.722700	0.189819
263.722800	0.199280
263.722900	0.195007
263.723000	0.159454
263.723100	0.118256
263.723200	0.060730
263.723300	0.017548
263.723400	0.007172
263.723500	0.006561
263.723600	0.001221
263.723700	0.010529
263.723800	0.045319
263.723900	0.092773
263.724000	0.137939
263.724100	0.164948
263.724200	0.176849
263.724300	0.169373
263.724400	0.162048
263.724500	0.149231
263.724600	0.121155
263.724700	0.083466
263.724800	0.046692
263.724900	0.008545
263.725000	0.024872
263.725100	0.099792
263.725200	0.254364
263.725300	0.440521
263.725400	0.528107
263.725500	0.500946
263.725600	0.404816
263.725700	0.240479
263.725800	0.040436
263.725900	-0.145874
263.726000	-0.308075
263.726100	-0.397644
263.726200	-0.384216
263.726300	-0.155792
263.726400	0.278473
263.726500	0.724030
263.726600	0.996246
263.726700	1.072235
263.726800	0.887756
263.726900	0.423431
263.727000	-0.157166
263.727100	-0.680389
263.727200	-0.965118
263.727300	-1.019440
263.727400	-0.868683
263.727500	-0.351562
263.727600	0.508575
263.727700	1.587830
263.727800	2.541199
263.727900	3.006897
263.728000	3.081055
263.728100	2.645264
263.728200	1.466980
263.728300	-0.100098
263.728400	-1.616821
263.728500	-2.742310
263.728600	-3.161621
263.728700	-3.127441
263.728800	-2.753754
263.728900	-1.947632
263.729000	-1.220245
263.729100	-0.435638
263.729200	-0.081787
263.729300	0.051270
263.729400	0.095367
263.729500	0.104218
263.729600	0.113525
263.729700	0.122528
263.729800	0.117340
263.729900	0.114136
263.730000	0.110016
263.730100	0.102997
263.730200	0.104523
263.730300	0.107574
263.730400	0.108185
263.730500	0.113983
263.730600	0.115356
263.730700	0.122528
263.730800	0.123291
263.730900	0.120697
263.731000	0.118866
263.731100	0.110168
263.731200	0.105591
