383.639300	0.037079
383.639400	0.034943
383.639500	0.037842
383.639600	0.032806
383.639700	0.029755
383.639800	0.032043
383.639900	0.033264
383.640000	0.036316
383.640100	0.039825
383.640200	0.048676
383.640300	0.042877
383.640400	0.049438
383.640500	0.052948
383.640600	0.056305
383.640700	0.063782
383.640800	0.069885
383.640900	0.069427
383.641000	0.064392
383.641100	0.066986
383.641200	0.062714
383.641300	0.062256
383.641400	0.064392
383.641500	0.056305
383.641600	0.057526
383.641700	0.055084
383.641800	0.054626
383.641900	0.051880
383.642000	0.055084
383.642100	0.051117
383.642200	0.046539
383.642300	0.041809
383.642400	0.033875
383.642500	0.025482
383.642600	0.020905
383.642700	0.014801
383.642800	0.009003
383.642900	0.003967
383.643000	-0.001373
383.643100	-0.005798
383.643200	-0.015869
383.643300	-0.014954
383.643400	-0.018158
383.643500	-0.027618
383.643600	-0.025635
383.643700	-0.028229
383.643800	-0.031891
383.643900	-0.030975
383.644000	-0.027466
383.644100	-0.030823
383.644200	-0.027771
383.644300	-0.025024
383.644400	-0.023804
383.644500	-0.023041
383.644600	-0.016022
383.644700	-0.023041
383.644800	-0.021973
383.644900	-0.018311
383.645000	-0.021973
383.645100	-0.016327
383.645200	-0.009613
383.645300	-0.012665
383.645400	-0.005951
383.645500	-0.006561
383.645600	0.001373
383.645700	0.002747
383.645800	0.006409
383.645900	0.003662
383.646000	0.010071
383.646100	0.013428
383.646200	0.014343
383.646300	0.014496
383.646400	0.016174
383.646500	0.018005
383.646600	0.024109
383.646700	0.022736
383.646800	0.033264
383.646900	0.029144
383.647000	0.036621
383.647100	0.042267
383.647200	0.039978
383.647300	0.047455
383.647400	0.056458
383.647500	0.056458
383.647600	0.047913
383.647700	0.048676
383.647800	0.043335
383.647900	0.038605
383.648000	0.032349
383.648100	0.028992
383.648200	0.017853
383.648300	0.013580
383.648400	0.007629
383.648500	0.006409
383.648600	0.010681
383.648700	0.022888
383.648800	0.033722
383.648900	0.060577
383.649000	0.096893
383.649100	0.148926
383.649200	0.231171
383.649300	0.324860
383.649400	0.451508
383.649500	0.593109
383.649600	0.769958
383.649700	0.959473
383.649800	1.151276
383.649900	1.333923
383.650000	1.490021
383.650100	1.611176
383.650200	1.695557
383.650300	1.736145
383.650400	1.755676
383.650500	1.759491
383.650600	1.739807
383.650700	1.697388
383.650800	1.629791
383.650900	1.509705
383.651000	1.327057
383.651100	1.086273
383.651200	0.772552
383.651300	0.434265
383.651400	0.078735
383.651500	-0.274048
383.651600	-0.626678
383.651700	-0.965576
383.651800	-1.336060
383.651900	-1.665344
383.652000	-1.924896
383.652100	-2.122345
383.652200	-2.246704
383.652300	-2.303925
383.652400	-2.310638
383.652500	-2.280884
383.652600	-2.224884
383.652700	-2.150726
383.652800	-2.063293
383.652900	-1.962891
383.653000	-1.843109
383.653100	-1.692963
383.653200	-1.513977
383.653300	-1.298981
383.653400	-1.175995
383.653500	-0.864410
383.653600	-0.669861
383.653700	-0.491638
383.653800	-0.355988
383.653900	-0.234985
383.654000	-0.146179
383.654100	-0.080872
383.654200	-0.026245
383.654300	0.010834
383.654400	0.035706
383.654500	0.051575
383.654600	0.062714
383.654700	0.070038
383.654800	0.068665
383.654900	0.072632
383.655000	0.074310
383.655100	0.073853
383.655200	0.078735
383.655300	0.070496
383.655400	0.072937
383.655500	0.074921
383.655600	0.070496
383.655700	0.075684
383.655800	0.067139
383.655900	0.076447
383.656000	0.073242
383.656100	0.074768
383.656200	0.075073
383.656300	0.070496
383.656400	0.071564
383.656500	0.073853
383.656600	0.071259
383.656700	0.076141
383.656800	0.065002
383.656900	0.065460
383.657000	0.068970
383.657100	0.071106
383.657200	0.064392
383.657300	0.066528
383.657400	0.062408
383.657500	0.062561
383.657600	0.056763
383.657700	0.049744
383.657800	0.046539
383.657900	0.041809
383.658000	0.037231
383.658100	0.033112
383.658200	0.023346
383.658300	0.018005
383.658400	0.016022
383.658500	0.007324
383.658600	0.003815
383.658700	0.004120
383.658800	-0.003357
383.658900	-0.001984
383.659000	-0.005646
383.659100	-0.007172
383.659200	-0.004272
383.659300	-0.008698
383.659400	-0.010681
383.659500	-0.013580
383.659600	-0.003510
383.659700	-0.006866
383.659800	0.000153
383.659900	0.003815
383.660000	0.007629
383.660100	0.007629
383.660200	0.006104
383.660300	0.008698
383.660400	0.009766
383.660500	0.024414
383.660600	0.019073
383.660700	0.014038
383.660800	0.016327
383.660900	0.015106
383.661000	0.009766
383.661100	0.007782
383.661200	0.005035
383.661300	0.002747
383.661400	0.008392
383.661500	0.003662
383.661600	-0.003510
383.661700	-0.001831
383.661800	0.004730
383.661900	-0.000916
383.662000	0.003510
383.662100	0.004578
383.662200	0.004120
383.662300	0.007935
383.662400	0.009613
383.662500	0.009613
383.662600	0.009766
383.662700	0.012817
383.662800	0.014038
383.662900	0.012207
383.663000	0.013885
383.663100	0.015869
383.663200	0.010376
383.663300	0.014801
383.663400	0.016479
383.663500	0.019073
383.663600	0.016022
383.663700	0.015717
383.663800	0.018463
383.663900	0.013733
383.664000	0.011292
383.664100	0.011139
383.664200	0.011597
383.664300	0.014191
383.664400	0.012665
383.664500	0.010986
383.664600	0.013733
383.664700	0.006714
383.664800	0.007324
383.664900	0.008545
383.665000	0.004272
383.665100	0.005341
383.665200	0.001831
383.665300	0.003967
383.665400	0.006104
383.665500	0.005798
383.665600	-0.000458
383.665700	-0.005341
383.665800	-0.005188
383.665900	-0.011749
383.666000	-0.014648
383.666100	-0.025635
383.666200	-0.021057
383.666300	-0.020447
383.666400	-0.025787
383.666500	-0.022430
383.666600	-0.021667
383.666700	-0.027161
383.666800	-0.028534
383.666900	-0.034790
383.667000	-0.026855
383.667100	-0.027313
383.667200	-0.023651
383.667300	-0.022125
383.667400	-0.020447
383.667500	-0.017853
383.667600	-0.018311
383.667700	-0.012970
383.667800	-0.012970
383.667900	-0.013580
383.668000	-0.014954
383.668100	-0.011292
383.668200	-0.009308
383.668300	-0.008392
383.668400	-0.007629
383.668500	-0.008698
383.668600	-0.010529
383.668700	-0.013123
383.668800	-0.015411
383.668900	-0.011444
383.669000	-0.011749
383.669100	-0.007477
383.669200	-0.003357
383.669300	-0.003967
383.669400	-0.005798
383.669500	-0.002747
383.669600	-0.001373
383.669700	-0.001068
383.669800	-0.000305
383.669900	0.000000
383.670000	0.005341
383.670100	0.005188
383.670200	0.000153
383.670300	0.000610
383.670400	0.002441
383.670500	-0.001831
383.670600	-0.003357
383.670700	-0.001831
383.670800	-0.006104
383.670900	-0.003510
383.671000	-0.009613
383.671100	-0.015869
383.671200	-0.024414
383.671300	-0.023346
383.671400	-0.029449
383.671500	-0.030670
383.671600	-0.028381
383.671700	-0.030670
383.671800	-0.033112
383.671900	-0.035095
383.672000	-0.032043
383.672100	-0.031586
383.672200	-0.036163
383.672300	-0.030365
383.672400	-0.027161
383.672500	-0.019073
383.672600	-0.018616
383.672700	-0.017242
383.672800	-0.014038
383.672900	-0.018463
383.673000	-0.017395
383.673100	-0.013428
383.673200	-0.013580
383.673300	-0.019531
383.673400	-0.017090
383.673500	-0.014648
383.673600	-0.020447
383.673700	-0.025177
383.673800	-0.022430
383.673900	-0.025635
383.674000	-0.019684
383.674100	-0.024872
383.674200	-0.036774
383.674300	-0.034180
383.674400	-0.035400
383.674500	-0.044708
383.674600	-0.042725
383.674700	-0.038147
383.674800	-0.037689
383.674900	-0.041351
383.675000	-0.041962
383.675100	-0.046692
383.675200	-0.046234
383.675300	-0.040283
383.675400	-0.037537
383.675500	-0.035858
383.675600	-0.031891
383.675700	-0.030823
383.675800	-0.027313
383.675900	-0.027008
383.676000	-0.026703
383.676100	-0.022125
383.676200	-0.023193
383.676300	-0.025330
383.676400	-0.028992
383.676500	-0.025177
383.676600	-0.024872
383.676700	-0.025635
383.676800	-0.030212
383.676900	-0.032349
383.677000	-0.034027
383.677100	-0.037384
383.677200	-0.038147
383.677300	-0.047150
383.677400	-0.046234
383.677500	-0.040436
383.677600	-0.042877
383.677700	-0.044708
383.677800	-0.042419
383.677900	-0.043182
383.678000	-0.040894
383.678100	-0.040283
383.678200	-0.039978
383.678300	-0.046539
383.678400	-0.041809
383.678500	-0.036774
383.678600	-0.035553
383.678700	-0.038605
383.678800	-0.040588
383.678900	-0.038147
383.679000	-0.036469
383.679100	-0.034027
383.679200	-0.034485
383.679300	-0.032043
383.679400	-0.030365
383.679500	-0.028687
383.679600	-0.024719
383.679700	-0.025177
383.679800	-0.026245
383.679900	-0.018921
383.680000	-0.018921
383.680100	-0.023499
383.680200	-0.020447
383.680300	-0.024109
383.680400	-0.026093
383.680500	-0.026398
383.680600	-0.023804
383.680700	-0.025482
383.680800	-0.025787
383.680900	-0.024261
383.681000	-0.025635
383.681100	-0.021362
383.681200	-0.018463
383.681300	-0.014038
383.681400	-0.016022
383.681500	-0.019531
383.681600	-0.018616
383.681700	-0.023346
383.681800	-0.018921
383.681900	-0.017242
383.682000	-0.013885
383.682100	-0.018158
383.682200	-0.020294
383.682300	-0.018463
383.682400	-0.014801
383.682500	-0.018921
383.682600	-0.014496
383.682700	-0.016174
383.682800	-0.020294
383.682900	-0.018616
383.683000	-0.018921
383.683100	-0.016785
383.683200	-0.021667
383.683300	-0.021820
383.683400	-0.022583
383.683500	-0.018616
383.683600	-0.015717
383.683700	-0.020599
383.683800	-0.018311
383.683900	-0.020752
383.684000	-0.018005
383.684100	-0.014801
383.684200	-0.000916
383.684300	0.027924
383.684400	0.056915
383.684500	0.107880
383.684600	0.177612
383.684700	0.276031
383.684800	0.396118
383.684900	0.549927
383.685000	0.729065
383.685100	0.951233
383.685200	1.219788
383.685300	1.512604
383.685400	1.820068
383.685500	2.091675
383.685600	2.300873
383.685700	2.423553
383.685800	2.477264
383.685900	2.499084
383.686000	2.498932
383.686100	2.487488
383.686200	2.477722
383.686300	2.464600
383.686400	2.441711
383.686500	2.377930
383.686600	2.251434
383.686700	2.041321
383.686800	1.721191
383.686900	1.313324
383.687000	0.852203
383.687100	0.387726
383.687200	-0.047760
383.687300	-0.475616
383.687400	-0.883942
383.687500	-1.367035
383.687600	-1.817627
383.687700	-2.243652
383.687800	-2.622528
383.687900	-2.914581
383.688000	-3.115387
383.688100	-3.209839
383.688200	-3.227234
383.688300	-3.191071
383.688400	-3.127899
383.688500	-3.054657
383.688600	-2.972412
383.688700	-2.895355
383.688800	-2.805176
383.688900	-2.701569
383.689000	-2.558441
383.689100	-2.341614
383.689200	-2.066803
383.689300	-1.737213
383.689400	-1.387939
383.689500	-1.147156
383.689600	-0.808716
383.689700	-0.589752
383.689800	-0.413971
383.689900	-0.260773
383.690000	-0.146179
383.690100	-0.064545
383.690200	-0.000916
383.690300	0.052795
383.690400	0.082703
383.690500	0.097961
383.690600	0.110016
383.690700	0.108337
383.690800	0.112762
383.690900	0.109863
383.691000	0.105896
383.691100	0.097046
383.691200	0.100403
383.691300	0.092926
383.691400	0.094604
383.691500	0.081024
383.691600	0.079498
383.691700	0.069580
383.691800	0.060577
383.691900	0.054932
383.692000	0.049744
383.692100	0.053406
383.692200	0.047455
383.692300	0.046387
383.692400	0.039673
383.692500	0.036316
383.692600	0.038910
383.692700	0.031281
383.692800	0.033417
