394.852100	0.190125
394.852200	0.192871
394.852300	0.199280
394.852400	0.201721
394.852500	0.202942
394.852600	0.204468
394.852700	0.200500
394.852800	0.200348
394.852900	0.207672
394.853000	0.203400
394.853100	0.203705
394.853200	0.191956
394.853300	0.196533
394.853400	0.189667
394.853500	0.187836
394.853600	0.180359
394.853700	0.175934
394.853800	0.170441
394.853900	0.166016
394.854000	0.162811
394.854100	0.166168
394.854200	0.162964
394.854300	0.172119
394.854400	0.177917
394.854500	0.197144
394.854600	0.224152
394.854700	0.271454
394.854800	0.338440
394.854900	0.420380
394.855000	0.526123
394.855100	0.639038
394.855200	0.759277
394.855300	0.839539
394.855400	0.863647
394.855500	0.852051
394.855600	0.814514
394.855700	0.752563
394.855800	0.679474
394.855900	0.603638
394.856000	0.518951
394.856100	0.413818
394.856200	0.309753
394.856300	0.181885
394.856400	0.060577
394.856500	-0.064545
394.856600	-0.184937
394.856700	-0.284729
394.856800	-0.384216
394.856900	-0.467224
394.857000	-0.531616
394.857100	-0.593567
394.857200	-0.628204
394.857300	-0.664215
394.857400	-0.674591
394.857500	-0.663300
394.857600	-0.598907
394.857700	-0.491638
394.857800	-0.362549
394.857900	-0.236664
394.858000	-0.126953
394.858100	-0.041046
394.858200	0.040283
394.858300	0.097504
394.858400	0.144806
394.858500	0.174713
394.858600	0.201263
394.858700	0.213470
394.858800	0.242615
394.858900	0.242767
394.859000	0.256348
394.859100	0.253296
394.859200	0.249329
394.859300	0.240479
394.859400	0.224762
394.859500	0.208893
394.859600	0.189209
394.859700	0.174561
394.859800	0.153198
394.859900	0.130463
394.860000	0.112000
394.860100	0.082397
394.860200	0.075073
394.860300	0.056915
394.860400	0.049896
394.860500	0.043945
394.860600	0.034485
394.860700	0.029449
394.860800	0.028992
394.860900	0.034332
394.861000	0.053864
394.861100	0.073395
394.861200	0.095978
394.861300	0.130615
394.861400	0.168915
394.861500	0.213623
394.861600	0.263367
394.861700	0.321808
394.861800	0.380096
394.861900	0.440216
394.862000	0.487366
394.862100	0.501099
394.862200	0.502014
394.862300	0.488739
394.862400	0.463715
394.862500	0.427399
394.862600	0.380554
394.862700	0.342407
394.862800	0.303955
394.862900	0.253448
394.863000	0.201874
394.863100	0.150757
394.863200	0.104980
394.863300	0.049133
394.863400	-0.002289
394.863500	-0.049744
394.863600	-0.102386
394.863700	-0.140228
394.863800	-0.180206
394.863900	-0.215149
394.864000	-0.242310
394.864100	-0.268860
394.864200	-0.289154
394.864300	-0.304260
394.864400	-0.314789
394.864500	-0.301056
394.864600	-0.273743
394.864700	-0.227509
394.864800	-0.165863
394.864900	-0.111694
394.865000	-0.052795
394.865100	-0.010071
394.865200	0.028076
394.865300	0.059204
394.865400	0.088043
394.865500	0.099335
394.865600	0.108337
394.865700	0.119781
394.865800	0.117340
394.865900	0.119324
394.866000	0.125885
394.866100	0.130005
394.866200	0.132751
394.866300	0.134735
394.866400	0.132141
394.866500	0.131836
394.866600	0.137787
394.866700	0.141907
394.866800	0.140076
394.866900	0.140991
394.867000	0.144958
394.867100	0.142517
394.867200	0.139160
394.867300	0.132904
394.867400	0.125732
394.867500	0.127869
394.867600	0.119171
394.867700	0.111389
394.867800	0.107727
394.867900	0.108337
394.868000	0.107269
394.868100	0.103607
394.868200	0.108337
394.868300	0.106049
394.868400	0.106049
394.868500	0.102234
394.868600	0.106964
394.868700	0.108185
394.868800	0.112762
394.868900	0.112762
394.869000	0.109406
394.869100	0.109558
394.869200	0.111237
394.869300	0.108337
394.869400	0.106659
394.869500	0.097198
394.869600	0.093689
394.869700	0.092163
394.869800	0.085449
394.869900	0.093384
394.870000	0.083618
394.870100	0.086670
394.870200	0.082550
394.870300	0.088196
394.870400	0.084229
394.870500	0.085754
394.870600	0.083313
394.870700	0.091400
394.870800	0.090332
394.870900	0.094147
394.871000	0.094604
394.871100	0.097961
394.871200	0.100555
394.871300	0.101318
394.871400	0.097961
394.871500	0.097809
394.871600	0.095367
394.871700	0.098419
394.871800	0.096130
394.871900	0.096741
394.872000	0.100403
394.872100	0.097656
394.872200	0.102692
394.872300	0.104370
394.872400	0.101776
394.872500	0.101471
394.872600	0.110626
394.872700	0.104065
394.872800	0.098419
394.872900	0.097656
394.873000	0.095367
394.873100	0.093536
394.873200	0.092773
394.873300	0.088043
394.873400	0.082703
394.873500	0.074921
394.873600	0.063934
394.873700	0.058899
394.873800	0.058899
394.873900	0.073700
394.874000	0.079041
394.874100	0.082245
394.874200	0.090027
394.874300	0.103455
394.874400	0.111389
394.874500	0.117645
394.874600	0.129089
394.874700	0.132446
394.874800	0.132141
394.874900	0.136871
394.875000	0.137482
394.875100	0.135498
394.875200	0.127411
394.875300	0.114899
394.875400	0.105743
394.875500	0.090942
394.875600	0.080566
394.875700	0.075073
394.875800	0.061035
394.875900	0.056000
394.876000	0.041656
394.876100	0.036316
394.876200	0.038300
394.876300	0.038147
394.876400	0.040283
394.876500	0.038910
394.876600	0.037231
394.876700	0.042267
394.876800	0.055389
394.876900	0.055237
394.877000	0.058594
394.877100	0.060730
394.877200	0.055237
394.877300	0.057373
394.877400	0.055847
394.877500	0.051422
394.877600	0.049133
394.877700	0.053406
394.877800	0.051880
394.877900	0.056915
394.878000	0.054169
394.878100	0.064850
394.878200	0.072479
394.878300	0.070190
394.878400	0.090179
394.878500	0.123596
394.878600	0.170593
394.878700	0.237579
394.878800	0.318298
394.878900	0.422363
394.879000	0.558319
394.879100	0.713348
394.879200	0.844269
394.879300	0.930634
394.879400	0.968628
394.879500	0.980682
394.879600	0.994873
394.879700	1.007080
394.879800	1.017609
394.879900	0.995483
394.880000	0.915833
394.880100	0.743408
394.880200	0.512390
394.880300	0.240479
394.880400	-0.052032
394.880500	-0.354614
394.880600	-0.638885
394.880700	-0.853119
394.880800	-1.018219
394.880900	-1.098328
394.881000	-1.101685
394.881100	-1.071930
394.881200	-1.043396
394.881300	-1.011658
394.881400	-0.981750
394.881500	-0.941162
394.881600	-0.863800
394.881700	-0.727844
394.881800	-0.555573
394.881900	-0.381775
394.882000	-0.237885
394.882100	-0.126495
394.882200	-0.047760
394.882300	0.015106
394.882400	0.054779
394.882500	0.076141
394.882600	0.097656
394.882700	0.102539
394.882800	0.109863
394.882900	0.110931
394.883000	0.110931
394.883100	0.115204
394.883200	0.122375
394.883300	0.118561
394.883400	0.113068
394.883500	0.113983
394.883600	0.105743
394.883700	0.110626
394.883800	0.106354
394.883900	0.106812
394.884000	0.108795
394.884100	0.107727
394.884200	0.108948
394.884300	0.107269
394.884400	0.098877
394.884500	0.107117
394.884600	0.103455
394.884700	0.110168
394.884800	0.108948
394.884900	0.108185
394.885000	0.109863
394.885100	0.111542
394.885200	0.114746
394.885300	0.109863
394.885400	0.106354
394.885500	0.107880
394.885600	0.105896
394.885700	0.103607
394.885800	0.101624
394.885900	0.110626
394.886000	0.111237
394.886100	0.113678
394.886200	0.108337
394.886300	0.115509
394.886400	0.108643
394.886500	0.107117
394.886600	0.108185
394.886700	0.108490
394.886800	0.115814
394.886900	0.111237
394.887000	0.108643
394.887100	0.115356
394.887200	0.117798
394.887300	0.125427
394.887400	0.134888
394.887500	0.141449
394.887600	0.151978
394.887700	0.165710
394.887800	0.162964
394.887900	0.164490
394.888000	0.166779
394.888100	0.167999
394.888200	0.156708
394.888300	0.142517
394.888400	0.133362
394.888500	0.109253
394.888600	0.090637
394.888700	0.066071
394.888800	0.042572
394.888900	0.028076
394.889000	0.014648
394.889100	0.009613
394.889200	0.000000
394.889300	-0.001831
394.889400	0.005798
394.889500	0.008240
394.889600	0.013275
394.889700	0.019684
394.889800	0.028381
394.889900	0.042114
394.890000	0.064240
394.890100	0.075073
394.890200	0.077667
394.890300	0.088654
394.890400	0.088959
394.890500	0.101166
394.890600	0.103455
394.890700	0.101166
394.890800	0.098267
394.890900	0.101318
394.891000	0.099792
394.891100	0.102234
394.891200	0.100555
394.891300	0.101166
394.891400	0.093842
394.891500	0.096283
394.891600	0.092926
394.891700	0.095520
394.891800	0.096283
394.891900	0.094910
394.892000	0.087280
394.892100	0.093842
394.892200	0.092316
394.892300	0.095825
394.892400	0.086823
394.892500	0.088348
394.892600	0.095367
394.892700	0.092468
394.892800	0.092468
394.892900	0.102386
394.893000	0.134888
394.893100	0.184326
394.893200	0.262756
394.893300	0.375214
394.893400	0.519867
394.893500	0.709229
394.893600	0.945740
394.893700	1.231232
394.893800	1.499329
394.893900	1.688385
394.894000	1.771240
394.894100	1.787109
394.894200	1.778107
394.894300	1.768341
394.894400	1.735535
394.894500	1.661987
394.894600	1.486359
394.894700	1.187592
394.894800	0.782928
394.894900	0.343170
394.895000	-0.108490
394.895100	-0.562439
394.895200	-0.962677
394.895300	-1.380920
394.895400	-1.675262
394.895500	-1.864471
394.895600	-1.936493
394.895700	-1.938019
394.895800	-1.894836
394.895900	-1.836090
394.896000	-1.779175
394.896100	-1.707611
394.896200	-1.575775
394.896300	-1.362610
394.896400	-1.212311
394.896500	-0.804596
394.896600	-0.534058
394.896700	-0.319824
394.896800	-0.165558
394.896900	-0.042267
394.897000	0.043335
394.897100	0.092773
394.897200	0.124359
394.897300	0.126038
394.897400	0.139008
394.897500	0.146942
394.897600	0.150909
394.897700	0.150146
394.897800	0.148163
394.897900	0.136108
394.898000	0.142517
394.898100	0.146942
394.898200	0.138702
394.898300	0.138397
394.898400	0.140839
394.898500	0.142059
394.898600	0.138092
394.898700	0.142975
394.898800	0.142975
394.898900	0.139008
394.899000	0.135040
394.899100	0.140533
394.899200	0.141754
394.899300	0.140381
394.899400	0.142212
394.899500	0.133667
394.899600	0.133514
394.899700	0.131226
394.899800	0.130920
394.899900	0.129395
394.900000	0.128326
394.900100	0.129395
394.900200	0.122528
394.900300	0.126190
394.900400	0.128326
394.900500	0.128479
394.900600	0.122375
394.900700	0.116425
394.900800	0.116882
394.900900	0.119629
394.901000	0.119629
394.901100	0.118103
394.901200	0.111237
394.901300	0.112610
394.901400	0.117493
394.901500	0.114899
394.901600	0.110626
394.901700	0.112000
394.901800	0.109558
394.901900	0.110321
394.902000	0.112610
394.902100	0.114899
394.902200	0.117035
394.902300	0.115204
394.902400	0.119324
394.902500	0.122070
394.902600	0.120239
394.902700	0.115356
394.902800	0.122223
394.902900	0.117340
394.903000	0.123901
394.903100	0.122986
394.903200	0.122681
394.903300	0.115051
394.903400	0.120850
394.903500	0.118561
394.903600	0.107880
394.903700	0.110474
394.903800	0.106812
394.903900	0.106354
394.904000	0.099640
394.904100	0.101776
394.904200	0.095673
394.904300	0.098419
394.904400	0.097961
394.904500	0.094604
394.904600	0.096588
394.904700	0.090332
394.904800	0.088654
394.904900	0.092163
394.905000	0.093231
394.905100	0.092163
394.905200	0.095978
394.905300	0.100250
394.905400	0.098572
394.905500	0.102081
394.905600	0.107727
