207.767300	0.038757
207.767400	0.028992
207.767500	0.016632
207.767600	0.013275
207.767700	0.008240
207.767800	0.003357
207.767900	0.016785
207.768000	0.032349
207.768100	0.048370
207.768200	0.060120
207.768300	0.064697
207.768400	0.065765
207.768500	0.065002
207.768600	0.060730
207.768700	0.056458
207.768800	0.050659
207.768900	0.045776
207.769000	0.066986
207.769100	0.088348
207.769200	0.117340
207.769300	0.160370
207.769400	0.186920
207.769500	0.188599
207.769600	0.181885
207.769700	0.180817
207.769800	0.176544
207.769900	0.153656
207.770000	0.106659
207.770100	0.040894
207.770200	-0.027466
207.770300	-0.096283
207.770400	-0.144043
207.770500	-0.169983
207.770600	-0.173035
207.770700	-0.160370
207.770800	-0.146942
207.770900	-0.137634
207.771000	-0.112610
207.771100	-0.084991
207.771200	-0.046082
207.771300	-0.007324
207.771400	0.018005
207.771500	0.030060
207.771600	0.042419
207.771700	0.045166
207.771800	0.054626
207.771900	0.057068
207.772000	0.057220
207.772100	0.052338
207.772200	0.051727
207.772300	0.051880
207.772400	0.046387
207.772500	0.050507
207.772600	0.034180
207.772700	0.026550
207.772800	0.021667
207.772900	0.022736
207.773000	0.028381
207.773100	0.029144
207.773200	0.029144
207.773300	0.031433
207.773400	0.030823
207.773500	0.030975
207.773600	0.034943
207.773700	0.040894
207.773800	0.051575
207.773900	0.048676
207.774000	0.054169
207.774100	0.053864
207.774200	0.062561
207.774300	0.069122
207.774400	0.067902
207.774500	0.073242
207.774600	0.074921
207.774700	0.074463
207.774800	0.071869
207.774900	0.068054
207.775000	0.064850
207.775100	0.049438
207.775200	0.045166
207.775300	0.029755
207.775400	0.023193
207.775500	0.015106
207.775600	0.010223
207.775700	0.001678
207.775800	-0.000610
207.775900	0.007019
207.776000	0.019531
207.776100	0.023499
207.776200	0.034485
207.776300	0.039978
207.776400	0.037689
207.776500	0.037842
207.776600	0.052795
207.776700	0.042114
207.776800	0.045624
207.776900	0.045319
207.777000	0.050659
207.777100	0.047302
207.777200	0.050354
207.777300	0.049896
207.777400	0.044708
207.777500	0.041199
207.777600	0.037079
207.777700	0.033112
207.777800	0.037231
207.777900	0.035248
207.778000	0.036926
207.778100	0.039368
207.778200	0.036316
207.778300	0.035858
207.778400	0.049591
207.778500	0.058441
207.778600	0.076447
207.778700	0.085144
207.778800	0.087433
207.778900	0.081177
207.779000	0.058899
207.779100	0.024719
207.779200	-0.012512
207.779300	-0.028839
207.779400	-0.034790
207.779500	-0.028534
207.779600	-0.012665
207.779700	0.000763
207.779800	0.018921
207.779900	0.027161
207.780000	0.034943
207.780100	0.039978
207.780200	0.038300
207.780300	0.044556
207.780400	0.041199
207.780500	0.044556
207.780600	0.051880
207.780700	0.056763
207.780800	0.065460
207.780900	0.064545
207.781000	0.071716
207.781100	0.104675
207.781200	0.212555
207.781300	0.437317
207.781400	0.807495
207.781500	1.278992
207.781600	1.613464
207.781700	1.663208
207.781800	1.528778
207.781900	1.259003
207.782000	0.880127
207.782100	0.415039
207.782200	-0.123901
207.782300	-0.618744
207.782400	-1.032410
207.782500	-1.376038
207.782600	-1.606903
207.782700	-1.715088
207.782800	-1.584473
207.782900	-1.223602
207.783000	-0.755463
207.783100	-0.379944
207.783200	-0.137787
207.783300	-0.011749
207.783400	0.029449
207.783500	0.050507
207.783600	0.055542
207.783700	0.060577
207.783800	0.060120
207.783900	0.068207
207.784000	0.095367
207.784100	0.143890
207.784200	0.236359
207.784300	0.384216
207.784400	0.549011
207.784500	0.699768
207.784600	0.784149
207.784700	0.792999
207.784800	0.721130
207.784900	0.548096
207.785000	0.297089
207.785100	-0.023041
207.785200	-0.335541
207.785300	-0.572205
207.785400	-0.715790
207.785500	-0.772400
207.785600	-0.765228
207.785700	-0.676270
207.785800	-0.542297
207.785900	-0.373077
207.786000	-0.211487
207.786100	-0.069733
207.786200	0.050354
207.786300	0.160370
207.786400	0.261688
207.786500	0.365906
207.786600	0.452423
207.786700	0.526276
207.786800	0.591888
207.786900	0.672607
207.787000	0.778046
207.787100	0.861359
207.787200	0.806885
207.787300	0.638733
207.787400	0.444336
207.787500	0.244141
207.787600	0.058746
207.787700	-0.084686
207.787800	-0.192871
207.787900	-0.256348
207.788000	-0.283508
207.788100	-0.320282
207.788200	-0.386658
207.788300	-0.458221
207.788400	-0.527191
207.788500	-0.605164
207.788600	-0.682831
207.788700	-0.737152
207.788800	-0.685730
207.788900	-0.537415
207.789000	-0.366669
207.789100	-0.228271
207.789200	-0.112915
207.789300	-0.032043
207.789400	0.019684
207.789500	0.041504
207.789600	0.050964
207.789700	0.057526
207.789800	0.059357
207.789900	0.055695
207.790000	0.055237
207.790100	0.058594
207.790200	0.060883
207.790300	0.059662
207.790400	0.056763
207.790500	0.055084
207.790600	0.062408
207.790700	0.063782
207.790800	0.082245
207.790900	0.120544
207.791000	0.241089
207.791100	0.464172
207.791200	0.819244
207.791300	1.251373
207.791400	1.523743
207.791500	1.594849
207.791600	1.592102
207.791700	1.426392
207.791800	0.961761
207.791900	0.322418
207.792000	-0.363922
207.792100	-0.956573
207.792200	-1.417694
207.792300	-1.562653
207.792400	-1.532593
207.792500	-1.439056
207.792600	-1.222076
207.792700	-0.832367
207.792800	-0.445404
207.792900	-0.144806
207.793000	0.065765
207.793100	0.207672
207.793200	0.313416
207.793300	0.384216
207.793400	0.400391
207.793500	0.365601
207.793600	0.314941
207.793700	0.246887
207.793800	0.165100
207.793900	0.088348
207.794000	0.011902
207.794100	-0.060425
207.794200	-0.124359
207.794300	-0.175323
207.794400	-0.197449
207.794500	-0.213165
207.794600	-0.225220
207.794700	-0.202637
207.794800	-0.157623
207.794900	-0.098724
207.795000	-0.057373
207.795100	-0.040588
207.795200	-0.026093
207.795300	-0.022125
207.795400	-0.009766
207.795500	0.027008
207.795600	0.135193
207.795700	0.340729
207.795800	0.605469
207.795900	0.844421
207.796000	0.978394
207.796100	1.027222
207.796200	0.983276
207.796300	0.741730
207.796400	0.291138
207.796500	-0.248566
207.796600	-0.667267
207.796700	-0.899963
207.796800	-0.972290
207.796900	-0.957031
207.797000	-0.866699
207.797100	-0.657043
207.797200	-0.377808
207.797300	-0.160217
207.797400	-0.024872
207.797500	0.054626
207.797600	0.142365
207.797700	0.287476
207.797800	0.512695
207.797900	0.866699
207.798000	1.220703
207.798100	1.473236
207.798200	1.745453
207.798300	2.057343
207.798400	2.160950
207.798500	1.845703
207.798600	1.241913
207.798700	0.482635
207.798800	-0.362091
207.798900	-0.944366
207.799000	-1.326294
207.799100	-1.656647
207.799200	-1.928711
207.799300	-2.016296
207.799400	-1.779175
207.799500	-1.432953
207.799600	-1.205444
207.799700	-0.796509
207.799800	-0.484467
207.799900	-0.221252
207.800000	-0.007172
207.800100	0.137177
207.800200	0.204010
207.800300	0.243225
207.800400	0.276642
207.800500	0.301208
207.800600	0.291748
207.800700	0.261688
207.800800	0.188141
207.800900	0.104523
207.801000	0.068817
207.801100	0.095978
207.801200	0.124054
207.801300	0.122833
207.801400	0.114136
207.801500	0.115051
207.801600	0.126648
207.801700	0.127411
207.801800	0.159760
207.801900	0.239258
207.802000	0.357819
207.802100	0.469818
207.802200	0.544128
207.802300	0.593262
207.802400	0.554199
207.802500	0.399628
207.802600	0.148010
207.802700	-0.161133
207.802800	-0.469971
207.802900	-0.699310
207.803000	-0.830383
207.803100	-0.865173
207.803200	-0.816193
207.803300	-0.692291
207.803400	-0.507507
207.803500	-0.296783
207.803600	-0.118713
207.803700	-0.015564
207.803800	0.037994
207.803900	0.059662
207.804000	0.063171
207.804100	0.073853
207.804200	0.072632
207.804300	0.076294
207.804400	0.083008
207.804500	0.077972
207.804600	0.081787
207.804700	0.085907
207.804800	0.080109
207.804900	0.084534
207.805000	0.077972
207.805100	0.077820
207.805200	0.079498
207.805300	0.083008
207.805400	0.083008
207.805500	0.079346
207.805600	0.076447
207.805700	0.065613
207.805800	0.066071
207.805900	0.067139
207.806000	0.068359
207.806100	0.068665
207.806200	0.076599
207.806300	0.085144
207.806400	0.085144
207.806500	0.084991
207.806600	0.085449
207.806700	0.087585
207.806800	0.082092
207.806900	0.080719
207.807000	0.069122
207.807100	0.066986
207.807200	0.061646
207.807300	0.049133
207.807400	0.053101
207.807500	0.048218
207.807600	0.049896
207.807700	0.052490
207.807800	0.059204
207.807900	0.053253
207.808000	0.050964
207.808100	0.054626
207.808200	0.055237
207.808300	0.061493
207.808400	0.068359
207.808500	0.069122
207.808600	0.074158
207.808700	0.073242
207.808800	0.060883
207.808900	0.060120
207.809000	0.060425
207.809100	0.058899
207.809200	0.056152
207.809300	0.057678
207.809400	0.050354
207.809500	0.049896
207.809600	0.047607
207.809700	0.054932
207.809800	0.051270
207.809900	0.052643
207.810000	0.051880
207.810100	0.057678
207.810200	0.059357
207.810300	0.057831
207.810400	0.057983
207.810500	0.058594
207.810600	0.062866
207.810700	0.061035
207.810800	0.058746
207.810900	0.063324
207.811000	0.068359
207.811100	0.067444
207.811200	0.061035
207.811300	0.061646
207.811400	0.060425
207.811500	0.066833
207.811600	0.056915
207.811700	0.062561
207.811800	0.056305
207.811900	0.062256
207.812000	0.054321
207.812100	0.050659
207.812200	0.054474
207.812300	0.051270
207.812400	0.053406
207.812500	0.052643
207.812600	0.051575
207.812700	0.048828
207.812800	0.055847
207.812900	0.050812
207.813000	0.048676
207.813100	0.048676
207.813200	0.055695
207.813300	0.055237
207.813400	0.051880
207.813500	0.050049
207.813600	0.049591
207.813700	0.047913
207.813800	0.052185
207.813900	0.047150
207.814000	0.050049
207.814100	0.048218
207.814200	0.050201
207.814300	0.053406
207.814400	0.045929
207.814500	0.047607
207.814600	0.040894
207.814700	0.047455
207.814800	0.039520
207.814900	0.041199
207.815000	0.049591
207.815100	0.043030
207.815200	0.057526
207.815300	0.073700
207.815400	0.124512
207.815500	0.225372
207.815600	0.402069
207.815700	0.666656
207.815800	0.992737
207.815900	1.334534
207.816000	1.596680
207.816100	1.695709
207.816200	1.589050
207.816300	1.297913
207.816400	0.767517
207.816500	0.047760
207.816600	-0.708008
207.816700	-1.225586
207.816800	-1.747131
207.816900	-1.856995
207.817000	-1.770935
207.817100	-1.529694
207.817200	-1.204529
207.817300	-0.704346
207.817400	-0.341949
207.817500	-0.105591
207.817600	-0.005188
207.817700	0.034790
207.817800	0.038605
207.817900	0.030823
207.818000	0.047607
207.818100	0.084686
207.818200	0.167542
207.818300	0.286560
207.818400	0.444641
207.818500	0.585175
207.818600	0.687408
207.818700	0.735474
207.818800	0.727692
207.818900	0.650330
207.819000	0.520630
207.819100	0.372162
207.819200	0.273590
207.819300	0.255737
207.819400	0.321198
207.819500	0.398712
207.819600	0.451202
207.819700	0.477142
207.819800	0.470276
207.819900	0.399780
207.820000	0.260010
207.820100	0.072174
207.820200	-0.114288
207.820300	-0.281372
207.820400	-0.423889
207.820500	-0.512695
207.820600	-0.564270
207.820700	-0.572968
207.820800	-0.553894
