384.407300	-0.041962
384.407400	-0.031128
384.407500	-0.027313
384.407600	-0.020599
384.407700	-0.027771
384.407800	-0.021515
384.407900	-0.023651
384.408000	-0.012665
384.408100	-0.017090
384.408200	-0.018768
384.408300	-0.017090
384.408400	-0.023651
384.408500	-0.017548
384.408600	-0.023956
384.408700	-0.021057
384.408800	-0.015717
384.408900	-0.018158
384.409000	-0.013580
384.409100	-0.010986
384.409200	-0.007172
384.409300	-0.003204
384.409400	-0.002136
384.409500	0.002289
384.409600	0.003357
384.409700	0.002441
384.409800	0.002441
384.409900	-0.000458
384.410000	-0.003662
384.410100	-0.003967
384.410200	-0.006409
384.410300	-0.012207
384.410400	-0.018616
384.410500	-0.027618
384.410600	-0.037231
384.410700	-0.047302
384.410800	-0.059357
384.410900	-0.065765
384.411000	-0.074615
384.411100	-0.088043
384.411200	-0.093384
384.411300	-0.096741
384.411400	-0.102844
384.411500	-0.100555
384.411600	-0.105438
384.411700	-0.104675
384.411800	-0.096130
384.411900	-0.094910
384.412000	-0.098267
384.412100	-0.088959
384.412200	-0.081940
384.412300	-0.077362
384.412400	-0.075378
384.412500	-0.066223
384.412600	-0.066986
384.412700	-0.062256
384.412800	-0.056152
384.412900	-0.047913
384.413000	-0.044556
384.413100	-0.041351
384.413200	-0.039673
384.413300	-0.033417
384.413400	-0.029449
384.413500	-0.028839
384.413600	-0.032349
384.413700	-0.027924
384.413800	-0.019379
384.413900	-0.016479
384.414000	-0.009766
384.414100	0.010529
384.414200	0.029297
384.414300	0.054626
384.414400	0.089722
384.414500	0.129852
384.414600	0.175934
384.414700	0.218201
384.414800	0.266876
384.414900	0.303955
384.415000	0.335388
384.415100	0.351715
384.415200	0.355530
384.415300	0.351868
384.415400	0.340881
384.415500	0.328827
384.415600	0.305634
384.415700	0.264435
384.415800	0.226898
384.415900	0.183258
384.416000	0.131989
384.416100	0.070801
384.416200	0.010223
384.416300	-0.045013
384.416400	-0.105286
384.416500	-0.138245
384.416600	-0.169525
384.416700	-0.177765
384.416800	-0.169067
384.416900	-0.139160
384.417000	-0.077057
384.417100	0.001068
384.417200	0.105896
384.417300	0.218506
384.417400	0.325012
384.417500	0.418854
384.417600	0.484619
384.417700	0.528259
384.417800	0.557404
384.417900	0.572815
384.418000	0.611115
384.418100	0.648651
384.418200	0.688477
384.418300	0.705261
384.418400	0.695190
384.418500	0.652008
384.418600	0.557556
384.418700	0.426941
384.418800	0.265198
384.418900	0.101166
384.419000	-0.067444
384.419100	-0.229797
384.419200	-0.378876
384.419300	-0.525970
384.419400	-0.669861
384.419500	-0.812988
384.419600	-0.953674
384.419700	-1.057129
384.419800	-1.118317
384.419900	-1.149445
384.420000	-1.148224
384.420100	-1.126099
384.420200	-1.094513
384.420300	-1.063843
384.420400	-1.040344
384.420500	-1.004028
384.420600	-0.968323
384.420700	-0.908203
384.420800	-0.829773
384.420900	-0.735474
384.421000	-0.633392
384.421100	-0.526886
384.421200	-0.429687
384.421300	-0.331116
384.421400	-0.253906
384.421500	-0.180969
384.421600	-0.125122
384.421700	-0.078735
384.421800	-0.036926
384.421900	-0.019073
384.422000	0.001526
384.422100	0.005493
384.422200	0.012665
384.422300	0.020142
384.422400	0.026855
384.422500	0.029907
384.422600	0.028839
384.422700	0.030060
384.422800	0.028076
384.422900	0.026855
384.423000	0.029907
384.423100	0.029449
384.423200	0.030365
384.423300	0.026245
384.423400	0.029297
384.423500	0.033875
384.423600	0.041656
384.423700	0.039215
384.423800	0.045929
384.423900	0.052338
384.424000	0.056152
384.424100	0.067596
384.424200	0.081177
384.424300	0.089569
384.424400	0.109711
384.424500	0.125732
384.424600	0.143280
384.424700	0.155945
384.424800	0.169983
384.424900	0.184784
384.425000	0.193634
384.425100	0.199585
384.425200	0.201874
384.425300	0.209351
384.425400	0.197144
384.425500	0.192108
384.425600	0.184784
384.425700	0.167389
384.425800	0.150452
384.425900	0.131531
384.426000	0.112915
384.426100	0.095062
384.426200	0.092010
384.426300	0.087128
384.426400	0.088043
384.426500	0.099487
384.426600	0.112457
384.426700	0.137329
384.426800	0.166168
384.426900	0.190887
384.427000	0.228882
384.427100	0.253296
384.427200	0.281219
384.427300	0.296173
384.427400	0.300598
384.427500	0.303802
384.427600	0.294800
384.427700	0.278778
384.427800	0.251160
384.427900	0.224915
384.428000	0.196075
384.428100	0.165100
384.428200	0.128937
384.428300	0.092010
384.428400	0.046539
384.428500	0.007935
384.428600	-0.050049
384.428700	-0.096436
384.428800	-0.144348
384.428900	-0.200500
384.429000	-0.247803
384.429100	-0.300140
384.429200	-0.346680
384.429300	-0.393372
384.429400	-0.431671
384.429500	-0.468445
384.429600	-0.498657
384.429700	-0.527649
384.429800	-0.545807
384.429900	-0.557098
384.430000	-0.568542
384.430100	-0.571747
384.430200	-0.558929
384.430300	-0.538177
384.430400	-0.515747
384.430500	-0.473022
384.430600	-0.429382
384.430700	-0.374756
384.430800	-0.318146
384.430900	-0.254059
384.431000	-0.187683
384.431100	-0.122375
384.431200	-0.056458
384.431300	0.014954
384.431400	0.081940
384.431500	0.151062
384.431600	0.230255
384.431700	0.311279
384.431800	0.385437
384.431900	0.449524
384.432000	0.516663
384.432100	0.571289
384.432200	0.610046
384.432300	0.632935
384.432400	0.651398
384.432500	0.655212
384.432600	0.653992
384.432700	0.639954
384.432800	0.608978
384.432900	0.565491
384.433000	0.502319
384.433100	0.414429
384.433200	0.321350
384.433300	0.203247
384.433400	0.078735
384.433500	-0.047302
384.433600	-0.174408
384.433700	-0.296326
384.433800	-0.401611
384.433900	-0.501099
384.434000	-0.581970
384.434100	-0.645447
384.434200	-0.679016
384.434300	-0.717010
384.434400	-0.733032
384.434500	-0.731659
384.434600	-0.726166
384.434700	-0.706787
384.434800	-0.686340
384.434900	-0.651093
384.435000	-0.615082
384.435100	-0.564270
384.435200	-0.498505
384.435300	-0.429077
384.435400	-0.358734
384.435500	-0.274658
384.435600	-0.200043
384.435700	-0.128021
384.435800	-0.064087
384.435900	-0.000763
384.436000	0.043640
384.436100	0.081635
384.436200	0.107269
384.436300	0.125275
384.436400	0.132751
384.436500	0.128937
384.436600	0.125885
384.436700	0.121918
384.436800	0.121002
384.436900	0.109100
384.437000	0.104065
384.437100	0.091705
384.437200	0.075531
384.437300	0.062256
384.437400	0.049896
384.437500	0.032043
384.437600	0.017853
384.437700	0.005493
384.437800	-0.016327
384.437900	-0.028381
384.438000	-0.045013
384.438100	-0.057983
384.438200	-0.071411
384.438300	-0.079956
384.438400	-0.087585
384.438500	-0.093231
384.438600	-0.091400
384.438700	-0.095520
384.438800	-0.095673
384.438900	-0.092926
384.439000	-0.098267
384.439100	-0.090332
384.439200	-0.083923
384.439300	-0.072327
384.439400	-0.067902
384.439500	-0.055084
384.439600	-0.043182
384.439700	-0.036316
384.439800	-0.023041
384.439900	-0.013428
384.440000	-0.008545
384.440100	0.000916
384.440200	0.008240
384.440300	0.002136
384.440400	0.007324
384.440500	-0.004272
384.440600	-0.002289
384.440700	0.005035
384.440800	-0.001068
384.440900	-0.003357
384.441000	-0.005341
384.441100	-0.008545
384.441200	-0.009613
384.441300	-0.016327
384.441400	-0.012970
384.441500	-0.016327
384.441600	-0.014496
384.441700	-0.020752
384.441800	-0.015564
384.441900	-0.020752
384.442000	-0.019989
384.442100	-0.018311
384.442200	-0.020294
384.442300	-0.022125
384.442400	-0.018005
384.442500	-0.022125
384.442600	-0.014954
384.442700	-0.010834
384.442800	-0.009003
384.442900	-0.010681
384.443000	-0.004730
384.443100	0.000153
384.443200	0.005035
384.443300	0.000000
384.443400	-0.000458
384.443500	0.004272
384.443600	0.004578
384.443700	-0.000458
384.443800	0.006866
384.443900	0.006409
384.444000	0.005493
384.444100	0.008850
384.444200	0.012512
384.444300	0.014954
384.444400	0.015411
384.444500	0.010071
384.444600	0.014191
384.444700	0.021057
384.444800	0.010986
384.444900	0.013275
384.445000	0.016327
384.445100	0.012665
384.445200	0.013123
384.445300	0.016632
384.445400	0.014648
384.445500	0.014801
384.445600	0.012817
384.445700	0.010834
384.445800	0.008850
384.445900	0.002289
384.446000	-0.000153
384.446100	-0.009460
384.446200	-0.016632
384.446300	-0.021057
384.446400	-0.025482
384.446500	-0.029907
384.446600	-0.036011
384.446700	-0.031128
384.446800	-0.036011
384.446900	-0.034027
384.447000	-0.032196
384.447100	-0.027618
384.447200	-0.027924
384.447300	-0.026093
384.447400	-0.027161
384.447500	-0.023956
384.447600	-0.021515
384.447700	-0.023956
384.447800	-0.011902
384.447900	-0.005035
384.448000	-0.000763
384.448100	0.004578
384.448200	0.012054
384.448300	0.018768
384.448400	0.030060
384.448500	0.036316
384.448600	0.048523
384.448700	0.049286
384.448800	0.054321
384.448900	0.048981
384.449000	0.047607
384.449100	0.042877
384.449200	0.038910
384.449300	0.030670
384.449400	0.030060
384.449500	0.020599
384.449600	0.026093
384.449700	0.018463
384.449800	0.011292
384.449900	-0.006409
384.450000	-0.019226
384.450100	-0.040894
384.450200	-0.052643
384.450300	-0.061951
384.450400	-0.076447
384.450500	-0.086975
384.450600	-0.104828
384.450700	-0.115356
384.450800	-0.121155
384.450900	-0.122833
384.451000	-0.126190
384.451100	-0.123596
384.451200	-0.123138
384.451300	-0.127106
384.451400	-0.124512
384.451500	-0.124512
384.451600	-0.126495
384.451700	-0.123444
384.451800	-0.120392
384.451900	-0.119019
384.452000	-0.112152
384.452100	-0.098724
384.452200	-0.087433
384.452300	-0.079193
384.452400	-0.069427
384.452500	-0.065613
384.452600	-0.054169
384.452700	-0.042267
384.452800	-0.038147
384.452900	-0.027618
384.453000	-0.028992
384.453100	-0.030365
384.453200	-0.024719
384.453300	-0.023804
384.453400	-0.025330
384.453500	-0.021973
384.453600	-0.020752
384.453700	-0.016174
384.453800	-0.019226
384.453900	-0.010071
384.454000	-0.014954
384.454100	-0.009460
384.454200	-0.011902
384.454300	-0.006409
384.454400	-0.004578
384.454500	-0.012970
384.454600	-0.008087
384.454700	-0.005798
384.454800	-0.015106
384.454900	-0.010834
384.455000	-0.008850
384.455100	-0.004425
384.455200	-0.001221
384.455300	-0.008087
384.455400	-0.011444
384.455500	-0.018616
384.455600	-0.016785
384.455700	-0.024414
384.455800	-0.023651
384.455900	-0.027161
384.456000	-0.029907
384.456100	-0.039062
384.456200	-0.040131
384.456300	-0.044250
384.456400	-0.043030
384.456500	-0.043030
384.456600	-0.042267
384.456700	-0.045929
384.456800	-0.045929
384.456900	-0.048065
384.457000	-0.048218
384.457100	-0.047302
384.457200	-0.041504
384.457300	-0.045471
384.457400	-0.040588
384.457500	-0.036316
384.457600	-0.037537
384.457700	-0.032654
384.457800	-0.031281
384.457900	-0.029907
384.458000	-0.018921
384.458100	-0.022736
384.458200	-0.018768
384.458300	-0.021057
384.458400	-0.026398
384.458500	-0.026093
384.458600	-0.024567
384.458700	-0.021973
384.458800	-0.024719
384.458900	-0.022888
384.459000	-0.023651
384.459100	-0.024109
384.459200	-0.019379
384.459300	-0.027618
384.459400	-0.031586
384.459500	-0.031586
384.459600	-0.025330
384.459700	-0.032196
384.459800	-0.033569
384.459900	-0.031281
384.460000	-0.032959
384.460100	-0.034332
384.460200	-0.030823
384.460300	-0.035248
384.460400	-0.030060
384.460500	-0.025940
384.460600	-0.030518
384.460700	-0.025940
384.460800	-0.033875
