81.354500	0.006256
81.354600	0.003662
81.354700	0.003357
81.354800	0.000610
81.354900	0.004578
81.355000	-0.001831
81.355100	-0.001221
81.355200	0.006256
81.355300	0.005493
81.355400	0.005798
81.355500	0.009766
81.355600	0.009918
81.355700	0.006104
81.355800	0.004730
81.355900	0.005341
81.356000	0.003204
81.356100	0.000000
81.356200	0.003967
81.356300	0.002899
81.356400	0.005341
81.356500	0.005646
81.356600	0.008240
81.356700	0.005188
81.356800	0.008087
81.356900	0.006104
81.357000	0.001678
81.357100	0.008545
81.357200	0.004883
81.357300	0.004883
81.357400	-0.002136
81.357500	0.003510
81.357600	0.006256
81.357700	0.004272
81.357800	0.009460
81.357900	0.006561
81.358000	0.009766
81.358100	0.006866
81.358200	0.004425
81.358300	0.001678
81.358400	0.005188
81.358500	0.005951
81.358600	0.003967
81.358700	-0.000153
81.358800	0.004120
81.358900	0.000153
81.359000	-0.000305
81.359100	0.006104
81.359200	0.007477
81.359300	0.008392
81.359400	0.001831
81.359500	0.000610
81.359600	0.002136
81.359700	0.004730
81.359800	0.003662
81.359900	0.003052
81.360000	0.002594
81.360100	0.005493
81.360200	0.009155
81.360300	0.003357
81.360400	0.005646
81.360500	0.003510
81.360600	0.007629
81.360700	0.003815
81.360800	0.001221
81.360900	0.002899
81.361000	0.011444
81.361100	0.003662
81.361200	0.000610
81.361300	0.003662
81.361400	0.003815
81.361500	0.002747
81.361600	0.001831
81.361700	0.008850
81.361800	0.003967
81.361900	0.003204
81.362000	0.001221
81.362100	0.001984
81.362200	0.003510
81.362300	0.002441
81.362400	0.002899
81.362500	0.005341
81.362600	0.006104
81.362700	0.005798
81.362800	0.006104
81.362900	0.002899
81.363000	0.007172
81.363100	0.009155
81.363200	0.007019
81.363300	0.005493
81.363400	0.003204
81.363500	0.004578
81.363600	0.003052
81.363700	0.005035
81.363800	0.005035
81.363900	0.005798
81.364000	0.007019
81.364100	0.006256
81.364200	0.006104
81.364300	0.005646
81.364400	0.003815
81.364500	0.006409
81.364600	0.005341
81.364700	0.008545
81.364800	0.010376
81.364900	0.009003
81.365000	0.010223
81.365100	0.009460
81.365200	0.002899
81.365300	0.006561
81.365400	0.008545
81.365500	0.012512
81.365600	0.008698
81.365700	0.007935
81.365800	0.003052
81.365900	0.005646
81.366000	0.006409
81.366100	0.008392
81.366200	0.005188
81.366300	0.007477
81.366400	0.011139
81.366500	0.008240
81.366600	0.003967
81.366700	0.010071
81.366800	0.008545
81.366900	0.009766
81.367000	0.008545
81.367100	0.006104
81.367200	0.006714
81.367300	0.006409
81.367400	0.007019
81.367500	0.011902
81.367600	0.008087
81.367700	0.003967
81.367800	0.005035
81.367900	0.007019
81.368000	0.008698
81.368100	0.008545
81.368200	0.007172
81.368300	0.007935
81.368400	0.012970
81.368500	0.012512
81.368600	0.011292
81.368700	0.008087
81.368800	0.011139
81.368900	0.005493
81.369000	0.009155
81.369100	0.008392
81.369200	0.003204
81.369300	0.007324
81.369400	0.010071
81.369500	0.008545
81.369600	0.006866
81.369700	0.005646
81.369800	0.007324
81.369900	0.013123
81.370000	0.008240
81.370100	0.009155
81.370200	0.011749
81.370300	0.010071
81.370400	0.009613
81.370500	0.010376
81.370600	0.008240
81.370700	0.009308
81.370800	0.009155
81.370900	0.012512
81.371000	0.013275
81.371100	0.010223
81.371200	0.008545
81.371300	0.010071
81.371400	0.013733
81.371500	0.009003
81.371600	0.010529
81.371700	0.009460
81.371800	0.008240
81.371900	0.007019
81.372000	0.012054
81.372100	0.012054
81.372200	0.010529
81.372300	0.016327
81.372400	0.015869
81.372500	0.011292
81.372600	0.013275
81.372700	0.011902
81.372800	0.008698
81.372900	0.014038
81.373000	0.013580
81.373100	0.016174
81.373200	0.010986
81.373300	0.011292
81.373400	0.008087
81.373500	0.005798
81.373600	0.003967
81.373700	0.010376
81.373800	0.008392
81.373900	0.010071
81.374000	0.010071
81.374100	0.014038
81.374200	0.007629
81.374300	0.012054
81.374400	0.011749
81.374500	0.010529
81.374600	0.007782
81.374700	0.009766
81.374800	0.008087
81.374900	0.009155
81.375000	0.013428
81.375100	0.009155
81.375200	0.010071
81.375300	0.010071
81.375400	0.009003
81.375500	0.006256
81.375600	0.007935
81.375700	0.009766
81.375800	0.007324
81.375900	0.009766
81.376000	0.009918
81.376100	0.010071
81.376200	0.013275
81.376300	0.009308
81.376400	0.008698
81.376500	0.007172
81.376600	0.008698
81.376700	0.003510
81.376800	0.006561
81.376900	0.009308
81.377000	0.007935
81.377100	0.007324
81.377200	0.007019
81.377300	0.005646
81.377400	0.005341
81.377500	0.006714
81.377600	0.010834
81.377700	0.011292
81.377800	0.007324
81.377900	0.008698
81.378000	0.005493
81.378100	0.005646
81.378200	0.012665
81.378300	0.008850
81.378400	0.009918
81.378500	0.009003
81.378600	0.006561
81.378700	0.006561
81.378800	0.008240
81.378900	0.008392
81.379000	0.005188
81.379100	0.009766
81.379200	0.008240
81.379300	0.012665
81.379400	0.009155
81.379500	0.014038
81.379600	0.012665
81.379700	0.008545
81.379800	0.008392
81.379900	0.007935
81.380000	0.007019
81.380100	0.006561
81.380200	0.005951
81.380300	0.007782
81.380400	0.005035
81.380500	0.011444
81.380600	0.012512
81.380700	0.014343
81.380800	0.012970
81.380900	0.009003
81.381000	0.010834
81.381100	0.012360
81.381200	0.011292
81.381300	0.009918
81.381400	0.010376
81.381500	0.008545
81.381600	0.009918
81.381700	0.009613
81.381800	0.010986
81.381900	0.004272
81.382000	0.010223
81.382100	0.009003
81.382200	0.015411
81.382300	0.013428
81.382400	0.010529
81.382500	0.008087
81.382600	0.006561
81.382700	0.010681
81.382800	0.013885
81.382900	0.013428
81.383000	0.012665
81.383100	0.009308
81.383200	0.012360
81.383300	0.009155
81.383400	0.007782
81.383500	0.012512
81.383600	0.006866
81.383700	0.009003
81.383800	0.011292
81.383900	0.010834
81.384000	0.008850
81.384100	0.009613
81.384200	0.012054
81.384300	0.012360
81.384400	0.011902
81.384500	0.013428
81.384600	0.010986
81.384700	0.009766
81.384800	0.010223
81.384900	0.013275
81.385000	0.012970
81.385100	0.009613
81.385200	0.013885
81.385300	0.012512
81.385400	0.013733
81.385500	0.011292
81.385600	0.012665
81.385700	0.010376
81.385800	0.007477
81.385900	0.003662
81.386000	0.009918
81.386100	0.013733
81.386200	0.012817
81.386300	0.011597
81.386400	0.009460
81.386500	0.011292
81.386600	0.015564
81.386700	0.011597
81.386800	0.010376
81.386900	0.012360
81.387000	0.012207
81.387100	0.010986
81.387200	0.009308
81.387300	0.008850
81.387400	0.007477
81.387500	0.008698
81.387600	0.012054
81.387700	0.005188
81.387800	0.010376
81.387900	0.011749
81.388000	0.006866
81.388100	0.012512
81.388200	0.010986
81.388300	0.011902
81.388400	0.013733
81.388500	0.011902
81.388600	0.011749
81.388700	0.014191
81.388800	0.012817
81.388900	0.011292
81.389000	0.010986
81.389100	0.013733
81.389200	0.009918
81.389300	0.008545
81.389400	0.012054
81.389500	0.012360
81.389600	0.007477
81.389700	0.016632
81.389800	0.014648
81.389900	0.014191
81.390000	0.009766
81.390100	0.009613
81.390200	0.012512
81.390300	0.010986
81.390400	0.009155
81.390500	0.005951
81.390600	0.011444
81.390700	0.014954
81.390800	0.013123
81.390900	0.016785
81.391000	0.013580
81.391100	0.011597
81.391200	0.006409
81.391300	0.006256
81.391400	0.005798
81.391500	0.009918
81.391600	0.006104
81.391700	0.012207
81.391800	0.011597
81.391900	0.008698
81.392000	0.006409
81.392100	0.011749
81.392200	0.011292
81.392300	0.015564
81.392400	0.009918
81.392500	0.009155
81.392600	0.011139
81.392700	0.010376
81.392800	0.007782
81.392900	0.008392
81.393000	0.005951
81.393100	0.013123
81.393200	0.012360
81.393300	0.014496
81.393400	0.013885
81.393500	0.005493
81.393600	0.008850
81.393700	0.011444
81.393800	0.012054
81.393900	0.009766
81.394000	0.009613
81.394100	0.012207
81.394200	0.009308
81.394300	0.008087
81.394400	0.011597
81.394500	0.011902
81.394600	0.015106
81.394700	0.015106
81.394800	0.010834
81.394900	0.013275
81.395000	0.009003
81.395100	0.013428
81.395200	0.013885
81.395300	0.015717
81.395400	0.008850
81.395500	0.011749
81.395600	0.007935
81.395700	0.009918
81.395800	0.012207
81.395900	0.014038
81.396000	0.009003
81.396100	0.010223
81.396200	0.011139
81.396300	0.014191
81.396400	0.012970
81.396500	0.014954
81.396600	0.010681
81.396700	0.010223
81.396800	0.013275
81.396900	0.008850
81.397000	0.010529
81.397100	0.009766
81.397200	0.009003
81.397300	0.005951
81.397400	0.006561
81.397500	0.008850
81.397600	0.000458
81.397700	0.003357
81.397800	-0.004578
81.397900	-0.002594
81.398000	-0.003662
81.398100	-0.010376
81.398200	-0.011292
81.398300	-0.012817
81.398400	-0.012054
81.398500	-0.009766
81.398600	-0.010834
81.398700	-0.014038
81.398800	-0.014954
81.398900	-0.014038
81.399000	-0.016632
81.399100	-0.015564
81.399200	-0.014954
81.399300	-0.017700
81.399400	-0.013733
81.399500	-0.018158
81.399600	-0.012512
81.399700	-0.015717
81.399800	-0.015411
81.399900	-0.013733
81.400000	-0.011597
81.400100	-0.014954
81.400200	-0.016785
81.400300	-0.015564
81.400400	-0.011292
81.400500	-0.009155
81.400600	-0.010071
81.400700	-0.008698
81.400800	-0.006104
81.400900	-0.010376
81.401000	-0.007172
81.401100	-0.006104
81.401200	-0.005951
81.401300	-0.005798
81.401400	-0.007935
81.401500	-0.007629
81.401600	-0.007935
81.401700	-0.006409
81.401800	-0.003662
81.401900	-0.001221
81.402000	-0.004730
81.402100	-0.002136
81.402200	-0.007629
81.402300	-0.002747
81.402400	0.000305
81.402500	-0.003052
81.402600	0.000763
81.402700	0.000458
81.402800	0.001831
81.402900	0.001373
81.403000	0.006409
81.403100	0.008392
81.403200	0.002594
81.403300	0.003967
81.403400	0.000763
81.403500	0.007477
81.403600	0.010529
81.403700	0.005646
81.403800	0.007935
81.403900	0.007477
81.404000	0.007324
81.404100	0.004578
81.404200	0.007324
81.404300	0.008698
81.404400	0.004425
81.404500	0.005646
81.404600	0.010681
81.404700	0.009766
81.404800	0.013733
81.404900	0.006714
81.405000	0.005798
81.405100	0.009003
81.405200	0.010223
81.405300	0.015411
81.405400	0.009918
81.405500	0.009460
81.405600	0.008087
81.405700	0.009766
81.405800	0.009613
81.405900	0.011902
81.406000	0.012970
81.406100	0.008087
81.406200	0.010071
81.406300	0.014954
81.406400	0.014191
81.406500	0.011597
81.406600	0.013580
81.406700	0.011902
81.406800	0.013733
81.406900	0.014496
81.407000	0.013885
81.407100	0.013885
81.407200	0.016479
81.407300	0.012360
81.407400	0.014343
81.407500	0.015411
81.407600	0.015717
81.407700	0.015869
81.407800	0.014038
81.407900	0.013275
81.408000	0.014191
