440.164100	-1.172180
440.164200	-0.949554
440.164300	-0.736694
440.164400	-0.482330
440.164500	-0.242157
440.164600	-0.072327
440.164700	0.022430
440.164800	0.066528
440.164900	0.087128
440.165000	0.092621
440.165100	0.090637
440.165200	0.089874
440.165300	0.089874
440.165400	0.095825
440.165500	0.088348
440.165600	0.084534
440.165700	0.091705
440.165800	0.092926
440.165900	0.093079
440.166000	0.099792
440.166100	0.097656
440.166200	0.103149
440.166300	0.102844
440.166400	0.106354
440.166500	0.101624
440.166600	0.111847
440.166700	0.121155
440.166800	0.136566
440.166900	0.155334
440.167000	0.167847
440.167100	0.169983
440.167200	0.169983
440.167300	0.160217
440.167400	0.137177
440.167500	0.118561
440.167600	0.084076
440.167700	0.063324
440.167800	0.043030
440.167900	0.025330
440.168000	0.023346
440.168100	0.027008
440.168200	0.032959
440.168300	0.050201
440.168400	0.057678
440.168500	0.071106
440.168600	0.078278
440.168700	0.086365
440.168800	0.096130
440.168900	0.108795
440.169000	0.120239
440.169100	0.141907
440.169200	0.159302
440.169300	0.170746
440.169400	0.168304
440.169500	0.175781
440.169600	0.193329
440.169700	0.281830
440.169800	0.457764
440.169900	0.767670
440.170000	1.099396
440.170100	1.249237
440.170200	1.295013
440.170300	1.364594
440.170400	1.368103
440.170500	1.051483
440.170600	0.392456
440.170700	-0.416107
440.170800	-1.029510
440.170900	-1.341858
440.171000	-1.373901
440.171100	-1.342010
440.171200	-1.316223
440.171300	-1.204376
440.171400	-0.831604
440.171500	-0.432129
440.171600	-0.162354
440.171700	0.000916
440.171800	0.069580
440.171900	0.093689
440.172000	0.099792
440.172100	0.105743
440.172200	0.105743
440.172300	0.108948
440.172400	0.113983
440.172500	0.108795
440.172600	0.105133
440.172700	0.106201
440.172800	0.108337
440.172900	0.108948
440.173000	0.096588
440.173100	0.097351
440.173200	0.096588
440.173300	0.095825
440.173400	0.095825
440.173500	0.097504
440.173600	0.097351
440.173700	0.093231
440.173800	0.094757
440.173900	0.094604
440.174000	0.100250
440.174100	0.103912
440.174200	0.111847
440.174300	0.115967
440.174400	0.117493
440.174500	0.122986
440.174600	0.120850
440.174700	0.117187
440.174800	0.110474
440.174900	0.106659
440.175000	0.099487
440.175100	0.090332
440.175200	0.088654
440.175300	0.088348
440.175400	0.086975
440.175500	0.084991
440.175600	0.087738
440.175700	0.097198
440.175800	0.099182
440.175900	0.093536
440.176000	0.090790
440.176100	0.087128
440.176200	0.089722
440.176300	0.088959
440.176400	0.082703
440.176500	0.094910
440.176600	0.098724
440.176700	0.105133
440.176800	0.104523
440.176900	0.104523
440.177000	0.094299
440.177100	0.100555
440.177200	0.093079
440.177300	0.087891
440.177400	0.092316
440.177500	0.094604
440.177600	0.095520
440.177700	0.120392
440.177800	0.215149
440.177900	0.473633
440.178000	0.949707
440.178100	1.658020
440.178200	2.391968
440.178300	2.787933
440.178400	2.763672
440.178500	2.430878
440.178600	1.896362
440.178700	1.182404
440.178800	0.331573
440.178900	-0.574036
440.179000	-1.161499
440.179100	-1.977997
440.179200	-2.454224
440.179300	-2.768555
440.179400	-2.824707
440.179500	-2.458344
440.179600	-1.796265
440.179700	-1.215210
440.179800	-0.525055
440.179900	-0.155487
440.180000	0.029449
440.180100	0.089874
440.180200	0.109558
440.180300	0.117950
440.180400	0.115814
440.180500	0.117493
440.180600	0.116577
440.180700	0.112152
440.180800	0.117035
440.180900	0.113678
440.181000	0.113525
440.181100	0.118256
440.181200	0.124207
440.181300	0.120392
440.181400	0.126038
440.181500	0.128326
440.181600	0.154266
440.181700	0.203400
440.181800	0.314178
440.181900	0.473175
440.182000	0.662689
440.182100	0.820007
440.182200	0.901337
440.182300	0.891418
440.182400	0.777588
440.182500	0.547028
440.182600	0.228882
440.182700	-0.120392
440.182800	-0.428772
440.182900	-0.652313
440.183000	-0.748291
440.183100	-0.770111
440.183200	-0.686951
440.183300	-0.512543
440.183400	-0.258942
440.183500	0.020752
440.183600	0.308075
440.183700	0.615234
440.183800	0.877686
440.183900	1.047668
440.184000	1.106567
440.184100	1.066742
440.184200	0.917816
440.184300	0.644531
440.184400	0.315094
440.184500	-0.050812
440.184600	-0.403137
440.184700	-0.716095
440.184800	-0.907898
440.184900	-0.979004
440.185000	-0.931396
440.185100	-0.812225
440.185200	-0.613098
440.185300	-0.382385
440.185400	-0.173950
440.185500	-0.030518
440.185600	0.052185
440.185700	0.088806
440.185800	0.102081
440.185900	0.104523
440.186000	0.109406
440.186100	0.109711
440.186200	0.103912
440.186300	0.106049
440.186400	0.104828
440.186500	0.118713
440.186600	0.115814
440.186700	0.120544
440.186800	0.125885
440.186900	0.127716
440.187000	0.132446
440.187100	0.132904
440.187200	0.138397
440.187300	0.153503
440.187400	0.173340
440.187500	0.196686
440.187600	0.207672
440.187700	0.198975
440.187800	0.191803
440.187900	0.170288
440.188000	0.140991
440.188100	0.114746
440.188200	0.102234
440.188300	0.107117
440.188400	0.129089
440.188500	0.153046
440.188600	0.176697
440.188700	0.191498
440.188800	0.192871
440.188900	0.167236
440.189000	0.131226
440.189100	0.084839
440.189200	0.038147
440.189300	-0.008240
440.189400	-0.026245
440.189500	-0.032959
440.189600	-0.025024
440.189700	-0.007782
440.189800	0.008087
440.189900	0.039368
440.190000	0.056763
440.190100	0.074158
440.190200	0.091705
440.190300	0.092621
440.190400	0.096436
440.190500	0.107727
440.190600	0.110168
440.190700	0.114899
440.190800	0.118256
440.190900	0.117950
440.191000	0.124359
440.191100	0.158691
440.191200	0.231476
440.191300	0.367584
440.191400	0.543213
440.191500	0.716553
440.191600	0.844879
440.191700	0.903015
440.191800	0.883179
440.191900	0.755920
440.192000	0.514984
440.192100	0.190735
440.192200	-0.174103
440.192300	-0.500946
440.192400	-0.725403
440.192500	-0.823517
440.192600	-0.847778
440.192700	-0.786285
440.192800	-0.633087
440.192900	-0.419312
440.193000	-0.217743
440.193100	-0.064545
440.193200	0.029907
440.193300	0.079651
440.193400	0.098724
440.193500	0.112305
440.193600	0.111237
440.193700	0.117187
440.193800	0.112152
440.193900	0.108643
440.194000	0.110474
440.194100	0.114441
440.194200	0.114899
440.194300	0.109863
440.194400	0.107727
440.194500	0.106659
440.194600	0.107117
440.194700	0.102539
440.194800	0.101013
440.194900	0.102692
440.195000	0.100861
440.195100	0.093689
440.195200	0.095978
440.195300	0.101318
440.195400	0.097046
440.195500	0.093536
440.195600	0.097351
440.195700	0.096283
440.195800	0.101166
440.195900	0.095673
440.196000	0.095215
440.196100	0.090637
440.196200	0.099030
440.196300	0.102234
440.196400	0.100098
440.196500	0.101013
440.196600	0.101929
440.196700	0.103149
440.196800	0.125122
440.196900	0.163422
440.197000	0.235596
440.197100	0.366211
440.197200	0.512390
440.197300	0.621185
440.197400	0.640259
440.197500	0.628967
440.197600	0.596771
440.197700	0.444946
440.197800	0.219574
440.197900	-0.018005
440.198000	-0.260162
440.198100	-0.457764
440.198200	-0.528564
440.198300	-0.521545
440.198400	-0.497437
440.198500	-0.430756
440.198600	-0.294647
440.198700	-0.158539
440.198800	-0.041199
440.198900	0.029602
440.199000	0.066833
440.199100	0.084534
440.199200	0.090027
440.199300	0.092163
440.199400	0.089874
440.199500	0.090637
440.199600	0.093689
440.199700	0.100861
440.199800	0.128479
440.199900	0.198212
440.200000	0.340118
440.200100	0.582886
440.200200	0.903168
440.200300	1.224670
440.200400	1.431732
440.200500	1.485596
440.200600	1.396027
440.200700	1.145935
440.200800	0.723419
440.200900	0.213928
440.201000	-0.310059
440.201100	-0.782013
440.201200	-1.139526
440.201300	-1.348877
440.201400	-1.353149
440.201500	-1.242371
440.201600	-1.103668
440.201700	-0.761719
440.201800	-0.437469
440.201900	-0.182343
440.202000	-0.012207
440.202100	0.074921
440.202200	0.111542
440.202300	0.118561
440.202400	0.125275
440.202500	0.115204
440.202600	0.104675
440.202700	0.090790
440.202800	0.069427
440.202900	0.061188
440.203000	0.064697
440.203100	0.057373
440.203200	0.054626
440.203300	0.055847
440.203400	0.059052
440.203500	0.073700
440.203600	0.084839
440.203700	0.084686
440.203800	0.088959
440.203900	0.085602
440.204000	0.090790
440.204100	0.088501
440.204200	0.090332
440.204300	0.097656
440.204400	0.095978
440.204500	0.096283
440.204600	0.095520
440.204700	0.102234
440.204800	0.097198
440.204900	0.105438
440.205000	0.103760
440.205100	0.105743
440.205200	0.110474
440.205300	0.116730
440.205400	0.109100
440.205500	0.106049
440.205600	0.103607
440.205700	0.100708
440.205800	0.095367
440.205900	0.096741
440.206000	0.088043
440.206100	0.088654
440.206200	0.091095
440.206300	0.094147
440.206400	0.091858
440.206500	0.086212
440.206600	0.094757
440.206700	0.103302
440.206800	0.124664
440.206900	0.189972
440.207000	0.346222
440.207100	0.616455
440.207200	1.045685
440.207300	1.610565
440.207400	1.955109
440.207500	2.040405
440.207600	2.095184
440.207700	2.131348
440.207800	1.806030
440.207900	1.004944
440.208000	0.051270
440.208100	-0.911865
440.208200	-1.719818
440.208300	-2.021179
440.208400	-2.015686
440.208500	-1.970673
440.208600	-1.917877
440.208700	-1.623230
440.208800	-1.204224
440.208900	-0.584717
440.209000	-0.226288
440.209100	-0.018768
440.209200	0.069885
440.209300	0.093231
440.209400	0.101471
440.209500	0.105591
440.209600	0.098877
440.209700	0.096588
440.209800	0.087738
440.209900	0.081024
440.210000	0.088501
440.210100	0.094910
440.210200	0.098724
440.210300	0.109253
440.210400	0.120239
440.210500	0.124359
440.210600	0.127716
440.210700	0.124207
440.210800	0.132599
440.210900	0.125580
440.211000	0.127411
440.211100	0.121307
440.211200	0.111084
440.211300	0.103455
440.211400	0.095825
440.211500	0.083008
440.211600	0.075378
440.211700	0.070190
440.211800	0.061188
440.211900	0.062256
440.212000	0.063019
440.212100	0.068054
440.212200	0.066986
440.212300	0.071259
440.212400	0.076752
440.212500	0.082092
440.212600	0.103149
440.212700	0.126648
440.212800	0.144196
440.212900	0.151367
440.213000	0.152588
440.213100	0.131073
440.213200	0.107117
440.213300	0.074463
440.213400	0.053864
440.213500	0.042572
440.213600	0.036621
440.213700	0.039825
440.213800	0.060120
440.213900	0.087280
440.214000	0.120544
440.214100	0.217133
440.214200	0.398560
440.214300	0.677032
440.214400	1.092987
440.214500	1.469421
440.214600	1.608734
440.214700	1.651306
440.214800	1.686401
440.214900	1.533508
440.215000	0.994415
440.215100	0.274811
440.215200	-0.503387
440.215300	-1.127167
440.215400	-1.490631
440.215500	-1.522064
440.215600	-1.504211
440.215700	-1.467896
440.215800	-1.228333
440.215900	-0.763092
440.216000	-0.303040
440.216100	-0.006256
440.216200	0.160217
440.216300	0.237732
440.216400	0.254059
440.216500	0.221252
440.216600	0.154724
440.216700	0.087891
440.216800	0.014191
440.216900	-0.047302
440.217000	-0.086365
440.217100	-0.089417
440.217200	-0.059204
440.217300	-0.013275
440.217400	0.060120
440.217500	0.180664
440.217600	0.367584
