0.714500	0.004272
0.714600	0.005646
0.714700	0.010529
0.714800	0.007172
0.714900	0.006561
0.715000	0.010223
0.715100	0.011139
0.715200	0.007324
0.715300	0.007477
0.715400	0.010986
0.715500	0.009918
0.715600	0.007935
0.715700	0.007782
0.715800	0.008240
0.715900	0.009155
0.716000	0.012360
0.716100	0.008850
0.716200	0.008698
0.716300	0.007324
0.716400	0.008240
0.716500	0.009460
0.716600	0.007782
0.716700	0.010529
0.716800	0.008087
0.716900	0.006104
0.717000	0.006104
0.717100	0.004730
0.717200	0.011597
0.717300	0.007477
0.717400	0.008392
0.717500	0.010376
0.717600	0.006409
0.717700	0.006714
0.717800	0.005798
0.717900	0.006409
0.718000	0.009155
0.718100	0.003967
0.718200	0.005951
0.718300	0.006409
0.718400	0.006866
0.718500	0.009766
0.718600	0.015869
0.718700	0.011444
0.718800	0.011139
0.718900	0.010986
0.719000	0.009918
0.719100	0.010529
0.719200	0.003662
0.719300	0.009766
0.719400	0.010986
0.719500	0.009308
0.719600	0.009460
0.719700	0.011749
0.719800	0.007935
0.719900	0.006409
0.720000	0.009308
0.720100	0.003967
0.720200	0.007629
0.720300	0.005951
0.720400	0.006561
0.720500	0.009766
0.720600	0.006714
0.720700	0.005493
0.720800	0.008392
0.720900	0.011444
0.721000	0.009460
0.721100	0.008240
0.721200	0.006714
0.721300	0.007629
0.721400	0.014343
0.721500	0.005035
0.721600	0.011444
0.721700	0.010834
0.721800	0.013123
0.721900	0.005646
0.722000	0.007324
0.722100	0.006409
0.722200	0.010376
0.722300	0.008545
0.722400	0.009155
0.722500	0.014648
0.722600	0.008392
0.722700	0.008087
0.722800	0.007629
0.722900	0.006104
0.723000	0.005646
0.723100	0.008087
0.723200	0.007935
0.723300	0.007782
0.723400	0.009003
0.723500	0.011749
0.723600	0.009460
0.723700	0.009003
0.723800	0.007782
0.723900	0.003662
0.724000	0.003815
0.724100	0.008392
0.724200	0.003815
0.724300	0.007629
0.724400	0.008545
0.724500	0.009918
0.724600	0.004883
0.724700	0.005188
0.724800	0.007782
0.724900	0.010529
0.725000	0.005188
0.725100	0.008850
0.725200	0.007477
0.725300	0.011749
0.725400	0.008545
0.725500	0.004272
0.725600	0.008545
0.725700	0.007629
0.725800	0.014191
0.725900	0.010071
0.726000	0.010986
0.726100	0.008240
0.726200	0.009308
0.726300	0.003815
0.726400	0.004425
0.726500	0.007935
0.726600	0.003815
0.726700	0.007782
0.726800	0.009308
0.726900	0.007629
0.727000	0.008392
0.727100	0.008392
0.727200	0.009308
0.727300	0.006104
0.727400	0.008850
0.727500	0.010223
0.727600	0.009613
0.727700	0.011444
0.727800	0.006409
0.727900	0.009308
0.728000	0.012512
0.728100	0.006866
0.728200	0.009003
0.728300	0.003815
0.728400	0.005188
0.728500	0.010834
0.728600	0.007477
0.728700	0.004883
0.728800	0.008240
0.728900	0.007019
0.729000	0.006714
0.729100	0.005798
0.729200	0.004578
0.729300	0.009155
0.729400	0.010376
0.729500	0.005035
0.729600	0.007019
0.729700	0.007172
0.729800	0.010681
0.729900	0.012360
0.730000	0.007477
0.730100	0.007935
0.730200	0.004883
0.730300	0.008087
0.730400	0.009308
0.730500	0.010834
0.730600	0.006866
0.730700	0.009308
0.730800	0.009308
0.730900	0.009613
0.731000	0.003510
0.731100	0.011749
0.731200	0.008545
0.731300	0.004578
0.731400	0.007782
0.731500	0.013733
0.731600	0.011597
0.731700	0.009308
0.731800	0.002899
0.731900	0.008850
0.732000	0.005951
0.732100	0.003815
0.732200	0.008087
0.732300	0.010071
0.732400	0.003815
0.732500	0.007019
0.732600	0.009003
0.732700	0.007782
0.732800	0.012360
0.732900	0.012970
0.733000	0.004578
0.733100	0.007782
0.733200	0.008850
0.733300	0.005798
0.733400	0.007172
0.733500	0.010681
0.733600	0.010681
0.733700	0.010071
0.733800	0.007477
0.733900	0.007629
0.734000	0.004883
0.734100	0.008392
0.734200	0.009766
0.734300	0.006104
0.734400	0.009918
0.734500	0.007324
0.734600	0.007324
0.734700	0.007477
0.734800	0.007935
0.734900	0.002899
0.735000	0.006561
0.735100	0.005341
0.735200	0.005035
0.735300	0.004730
0.735400	0.009918
0.735500	0.006104
0.735600	0.010376
0.735700	0.009155
0.735800	0.006409
0.735900	0.015259
0.736000	0.011292
0.736100	0.009918
0.736200	0.008240
0.736300	0.007019
0.736400	0.012054
0.736500	0.003815
0.736600	0.005035
0.736700	0.004578
0.736800	0.009766
0.736900	0.005646
0.737000	0.007477
0.737100	0.008850
0.737200	0.009460
0.737300	0.016022
0.737400	0.005646
0.737500	0.009155
0.737600	0.010071
0.737700	0.009308
0.737800	0.003967
0.737900	0.008545
0.738000	0.006104
0.738100	0.006714
0.738200	0.000000
0.738300	0.005951
0.738400	0.007935
0.738500	0.005951
0.738600	0.009613
0.738700	0.007477
0.738800	0.001984
0.738900	0.009766
0.739000	0.008087
0.739100	0.011597
0.739200	0.010071
0.739300	0.003967
0.739400	0.005341
0.739500	0.007935
0.739600	0.010681
0.739700	0.010529
0.739800	0.008392
0.739900	0.009613
0.740000	0.010529
0.740100	0.008545
0.740200	0.010529
0.740300	0.010986
0.740400	0.010986
0.740500	0.012817
0.740600	0.006409
0.740700	0.006714
0.740800	0.008087
0.740900	0.005951
0.741000	0.001678
0.741100	0.007019
0.741200	0.008545
0.741300	0.009003
0.741400	0.007782
0.741500	0.007019
0.741600	0.008240
0.741700	0.003204
0.741800	0.007019
0.741900	0.012054
0.742000	0.006561
0.742100	0.003357
0.742200	0.005341
0.742300	0.004272
0.742400	0.004883
0.742500	0.009460
0.742600	0.008087
0.742700	0.002594
0.742800	0.007019
0.742900	0.007324
0.743000	0.010071
0.743100	0.002899
0.743200	0.005646
0.743300	0.006104
0.743400	0.005493
0.743500	0.007324
0.743600	0.009308
0.743700	0.011139
0.743800	0.010529
0.743900	0.006714
0.744000	0.008087
0.744100	0.003967
0.744200	0.005951
0.744300	0.011444
0.744400	0.004730
0.744500	0.006561
0.744600	0.005798
0.744700	0.008087
0.744800	0.005493
0.744900	0.008087
0.745000	0.009460
0.745100	0.008698
0.745200	0.009003
0.745300	0.006714
0.745400	0.006866
0.745500	0.005493
0.745600	0.007324
0.745700	0.008392
0.745800	0.007477
0.745900	0.006714
0.746000	0.008087
0.746100	0.006104
0.746200	0.002899
0.746300	0.008240
0.746400	0.006714
0.746500	0.004883
0.746600	0.001984
0.746700	0.008545
0.746800	0.007629
0.746900	0.007019
0.747000	0.005493
0.747100	0.007324
0.747200	0.007477
0.747300	0.005493
0.747400	0.012665
0.747500	0.014343
0.747600	0.014038
0.747700	0.009155
0.747800	0.009308
0.747900	0.009613
0.748000	0.005341
0.748100	0.009155
0.748200	0.005341
0.748300	0.007324
0.748400	0.010681
0.748500	0.013275
0.748600	0.011749
0.748700	0.011902
0.748800	0.004883
0.748900	0.009308
0.749000	0.009308
0.749100	0.008087
0.749200	0.003967
0.749300	0.008392
0.749400	0.010529
0.749500	0.005341
0.749600	0.005341
0.749700	0.006409
0.749800	0.002441
0.749900	0.007324
0.750000	0.007019
0.750100	0.008087
0.750200	0.011597
0.750300	0.007477
0.750400	0.005188
0.750500	0.005341
0.750600	0.009003
0.750700	0.013275
0.750800	0.006256
0.750900	0.009613
0.751000	0.010071
0.751100	0.008240
0.751200	0.006256
0.751300	0.005341
0.751400	0.003510
0.751500	0.004272
0.751600	0.004120
0.751700	0.009460
0.751800	0.009308
0.751900	0.007782
0.752000	0.007019
0.752100	0.007629
0.752200	0.006866
0.752300	0.009460
0.752400	0.006866
0.752500	0.009918
0.752600	0.003510
0.752700	0.005341
0.752800	0.011139
0.752900	0.009308
0.753000	0.008087
0.753100	0.005798
0.753200	0.007935
0.753300	0.008392
0.753400	0.004425
0.753500	0.007019
0.753600	0.006866
0.753700	0.012970
0.753800	0.013123
0.753900	0.010529
0.754000	0.007935
0.754100	0.003815
0.754200	0.009308
0.754300	0.011902
0.754400	0.007935
0.754500	0.009613
0.754600	0.009003
0.754700	0.010071
0.754800	0.008850
0.754900	0.006409
0.755000	0.006561
0.755100	0.006866
0.755200	0.009003
0.755300	0.009613
0.755400	0.006256
0.755500	0.010529
0.755600	0.005646
0.755700	0.007629
0.755800	0.007324
0.755900	0.006256
0.756000	0.009460
0.756100	0.008087
0.756200	0.007477
0.756300	0.011902
0.756400	0.008698
0.756500	0.005646
0.756600	0.005341
0.756700	0.008850
0.756800	0.011597
0.756900	0.007477
0.757000	0.009766
0.757100	0.011292
0.757200	0.010223
0.757300	0.010223
0.757400	0.007782
0.757500	0.009155
0.757600	0.005493
0.757700	0.004272
0.757800	0.007629
0.757900	0.008087
0.758000	0.003662
0.758100	0.003204
0.758200	0.000610
0.758300	0.007019
0.758400	0.004883
0.758500	0.004883
0.758600	0.003510
0.758700	0.006104
0.758800	0.004883
0.758900	0.005188
0.759000	0.003815
0.759100	0.003204
0.759200	0.000000
0.759300	0.002594
0.759400	0.005798
0.759500	0.005798
0.759600	0.006714
0.759700	0.009308
0.759800	0.007324
0.759900	0.007324
0.760000	0.010834
0.760100	0.008087
0.760200	0.005798
0.760300	0.004120
0.760400	0.010529
0.760500	0.006714
0.760600	0.008850
0.760700	0.012970
0.760800	0.010223
0.760900	0.009003
0.761000	0.006714
0.761100	0.007935
0.761200	0.011139
0.761300	0.007629
0.761400	0.006866
0.761500	0.008545
0.761600	0.006409
0.761700	0.003815
0.761800	0.000916
0.761900	0.002594
0.762000	0.003204
0.762100	0.001984
0.762200	0.006409
0.762300	0.005646
0.762400	0.009308
0.762500	0.008545
0.762600	0.008698
0.762700	0.009766
0.762800	0.008392
0.762900	0.009766
0.763000	0.013733
0.763100	0.007935
0.763200	0.012207
0.763300	0.006714
0.763400	0.008545
0.763500	0.004730
0.763600	0.010529
0.763700	0.007172
0.763800	0.003052
0.763900	0.003662
0.764000	0.005035
0.764100	0.009155
0.764200	0.011139
0.764300	0.006409
0.764400	0.007324
0.764500	0.005951
0.764600	0.010529
0.764700	0.009766
0.764800	0.011292
0.764900	0.006714
0.765000	0.009308
0.765100	0.006714
0.765200	0.008545
0.765300	0.005493
0.765400	0.009460
0.765500	0.015106
0.765600	0.013733
0.765700	0.010223
0.765800	0.009613
0.765900	0.017548
0.766000	0.010986
0.766100	0.013428
0.766200	0.005798
0.766300	0.005188
0.766400	0.005035
0.766500	0.006866
0.766600	0.012207
0.766700	0.008850
0.766800	0.002136
0.766900	0.004578
0.767000	0.010834
0.767100	0.003357
0.767200	0.007629
0.767300	0.008545
0.767400	0.005951
0.767500	0.007324
0.767600	0.007172
0.767700	0.009613
0.767800	0.005646
0.767900	0.002747
0.768000	0.003662
