88.266500	0.095062
88.266600	0.087891
88.266700	0.083313
88.266800	0.073853
88.266900	0.058899
88.267000	0.054932
88.267100	0.048065
88.267200	0.044861
88.267300	0.030060
88.267400	0.028229
88.267500	0.023346
88.267600	0.011902
88.267700	0.006561
88.267800	0.000305
88.267900	-0.001373
88.268000	0.003510
88.268100	-0.000916
88.268200	0.000305
88.268300	0.000610
88.268400	0.002899
88.268500	0.003815
88.268600	0.007629
88.268700	0.011292
88.268800	0.010529
88.268900	0.003357
88.269000	0.001221
88.269100	0.002441
88.269200	0.000763
88.269300	-0.003662
88.269400	0.004120
88.269500	0.012817
88.269600	0.003204
88.269700	0.007019
88.269800	0.016632
88.269900	0.015869
88.270000	0.027466
88.270100	0.023499
88.270200	0.037231
88.270300	0.026855
88.270400	0.038147
88.270500	0.034180
88.270600	0.041199
88.270700	0.049744
88.270800	0.047760
88.270900	0.045319
88.271000	0.048370
88.271100	0.049896
88.271200	0.049896
88.271300	0.050659
88.271400	0.047913
88.271500	0.050201
88.271600	0.049133
88.271700	0.053711
88.271800	0.051575
88.271900	0.057373
88.272000	0.054932
88.272100	0.054169
88.272200	0.055237
88.272300	0.049591
88.272400	0.056458
88.272500	0.049286
88.272600	0.051575
88.272700	0.046997
88.272800	0.040436
88.272900	0.031738
88.273000	0.038452
88.273100	0.034485
88.273200	0.031281
88.273300	0.030823
88.273400	0.025482
88.273500	0.023804
88.273600	0.024261
88.273700	0.019531
88.273800	0.022736
88.273900	0.024719
88.274000	0.024567
88.274100	0.022125
88.274200	0.022125
88.274300	0.015411
88.274400	0.026245
88.274500	0.022888
88.274600	0.025635
88.274700	0.030212
88.274800	0.032501
88.274900	0.032501
88.275000	0.037537
88.275100	0.032043
88.275200	0.040894
88.275300	0.036621
88.275400	0.037537
88.275500	0.039368
88.275600	0.035553
88.275700	0.036621
88.275800	0.042419
88.275900	0.036774
88.276000	0.041046
88.276100	0.035706
88.276200	0.029907
88.276300	0.038300
88.276400	0.039520
88.276500	0.035706
88.276600	0.042114
88.276700	0.041504
88.276800	0.051880
88.276900	0.053406
88.277000	0.053558
88.277100	0.060272
88.277200	0.068970
88.277300	0.061188
88.277400	0.065308
88.277500	0.062408
88.277600	0.070801
88.277700	0.064850
88.277800	0.064392
88.277900	0.062103
88.278000	0.063324
88.278100	0.062561
88.278200	0.055389
88.278300	0.054016
88.278400	0.047455
88.278500	0.048523
88.278600	0.047913
88.278700	0.046997
88.278800	0.048828
88.278900	0.046692
88.279000	0.048981
88.279100	0.044861
88.279200	0.045319
88.279300	0.040588
88.279400	0.037689
88.279500	0.042419
88.279600	0.039673
88.279700	0.039825
88.279800	0.035706
88.279900	0.043945
88.280000	0.035095
88.280100	0.033875
88.280200	0.039368
88.280300	0.046539
88.280400	0.038452
88.280500	0.035858
88.280600	0.036926
88.280700	0.028229
88.280800	0.025940
88.280900	0.020447
88.281000	0.025177
88.281100	0.017090
88.281200	0.012665
88.281300	0.009460
88.281400	0.003357
88.281500	0.011597
88.281600	0.002136
88.281700	0.002136
88.281800	0.003662
88.281900	0.009918
88.282000	0.004730
88.282100	0.003204
88.282200	0.003662
88.282300	0.007782
88.282400	0.011902
88.282500	0.014954
88.282600	0.020142
88.282700	0.019531
88.282800	0.027161
88.282900	0.022430
88.283000	0.025177
88.283100	0.024872
88.283200	0.025787
88.283300	0.017700
88.283400	0.022736
88.283500	0.015106
88.283600	0.022125
88.283700	0.017242
88.283800	0.013733
88.283900	0.010834
88.284000	0.016022
88.284100	0.022125
88.284200	0.030670
88.284300	0.033722
88.284400	0.049591
88.284500	0.067749
88.284600	0.092926
88.284700	0.127106
88.284800	0.166473
88.284900	0.214386
88.285000	0.263977
88.285100	0.320282
88.285200	0.380554
88.285300	0.433502
88.285400	0.475311
88.285500	0.496674
88.285600	0.511475
88.285700	0.515900
88.285800	0.506897
88.285900	0.485840
88.286000	0.457153
88.286100	0.426331
88.286200	0.395355
88.286300	0.350037
88.286400	0.290527
88.286500	0.233459
88.286600	0.170593
88.286700	0.098572
88.286800	0.027771
88.286900	-0.050964
88.287000	-0.122833
88.287100	-0.198669
88.287200	-0.258789
88.287300	-0.330505
88.287400	-0.388489
88.287500	-0.438385
88.287600	-0.478821
88.287700	-0.507355
88.287800	-0.533600
88.287900	-0.554810
88.288000	-0.569305
88.288100	-0.569916
88.288200	-0.565033
88.288300	-0.549316
88.288400	-0.521393
88.288500	-0.484009
88.288600	-0.440063
88.288700	-0.380402
88.288800	-0.317078
88.288900	-0.255585
88.289000	-0.202637
88.289100	-0.141296
88.289200	-0.101471
88.289300	-0.063019
88.289400	-0.025330
88.289500	0.005188
88.289600	0.018005
88.289700	0.041504
88.289800	0.045776
88.289900	0.044250
88.290000	0.048065
88.290100	0.048676
88.290200	0.056763
88.290300	0.052795
88.290400	0.051270
88.290500	0.053406
88.290600	0.050507
88.290700	0.056152
88.290800	0.052948
88.290900	0.056305
88.291000	0.054169
88.291100	0.053711
88.291200	0.057983
88.291300	0.062256
88.291400	0.064697
88.291500	0.070496
88.291600	0.076904
88.291700	0.090179
88.291800	0.102692
88.291900	0.113678
88.292000	0.131378
88.292100	0.145874
88.292200	0.162048
88.292300	0.167694
88.292400	0.176239
88.292500	0.185089
88.292600	0.175934
88.292700	0.174103
88.292800	0.170898
88.292900	0.161591
88.293000	0.157013
88.293100	0.141907
88.293200	0.132446
88.293300	0.120392
88.293400	0.100708
88.293500	0.082245
88.293600	0.060272
88.293700	0.036316
88.293800	0.017090
88.293900	-0.009003
88.294000	-0.031586
88.294100	-0.047150
88.294200	-0.061951
88.294300	-0.076599
88.294400	-0.086060
88.294500	-0.095825
88.294600	-0.104980
88.294700	-0.113068
88.294800	-0.115051
88.294900	-0.109100
88.295000	-0.110016
88.295100	-0.099792
88.295200	-0.085144
88.295300	-0.064850
88.295400	-0.043945
88.295500	-0.012512
88.295600	0.004883
88.295700	0.034027
88.295800	0.065460
88.295900	0.084991
88.296000	0.100403
88.296100	0.108185
88.296200	0.118713
88.296300	0.129089
88.296400	0.129089
88.296500	0.125427
88.296600	0.121002
88.296700	0.112762
88.296800	0.103302
88.296900	0.093689
88.297000	0.079193
88.297100	0.061798
88.297200	0.034943
88.297300	0.018616
88.297400	-0.004120
88.297500	-0.027618
88.297600	-0.047455
88.297700	-0.064087
88.297800	-0.069885
88.297900	-0.081329
88.298000	-0.080414
88.298100	-0.079956
88.298200	-0.078583
88.298300	-0.075226
88.298400	-0.068512
88.298500	-0.063171
88.298600	-0.063477
88.298700	-0.055542
88.298800	-0.045929
88.298900	-0.036011
88.299000	-0.023193
88.299100	-0.010986
88.299200	-0.011139
88.299300	0.003052
88.299400	0.012665
88.299500	0.013733
88.299600	0.024567
88.299700	0.031281
88.299800	0.028992
88.299900	0.034180
88.300000	0.038147
88.300100	0.040131
88.300200	0.033569
88.300300	0.036163
88.300400	0.031281
88.300500	0.033569
88.300600	0.029907
88.300700	0.034485
88.300800	0.029144
88.300900	0.029755
88.301000	0.033264
88.301100	0.034180
88.301200	0.034180
88.301300	0.034027
88.301400	0.037689
88.301500	0.039215
88.301600	0.035706
88.301700	0.039825
88.301800	0.041504
88.301900	0.043793
88.302000	0.042267
88.302100	0.042725
88.302200	0.030060
88.302300	0.039978
88.302400	0.043182
88.302500	0.039673
88.302600	0.042572
88.302700	0.044250
88.302800	0.042114
88.302900	0.044708
88.303000	0.038910
88.303100	0.041199
88.303200	0.039978
88.303300	0.042114
88.303400	0.036469
88.303500	0.041046
88.303600	0.035248
88.303700	0.034485
88.303800	0.037537
88.303900	0.034180
88.304000	0.036316
88.304100	0.037842
88.304200	0.042572
88.304300	0.035095
88.304400	0.036621
88.304500	0.034790
88.304600	0.036469
88.304700	0.039673
88.304800	0.042114
88.304900	0.043182
88.305000	0.048065
88.305100	0.053558
88.305200	0.050659
88.305300	0.055847
88.305400	0.060730
88.305500	0.074310
88.305600	0.081940
88.305700	0.099945
88.305800	0.112457
88.305900	0.132904
88.306000	0.148315
88.306100	0.168915
88.306200	0.204773
88.306300	0.229187
88.306400	0.261841
88.306500	0.307159
88.306600	0.335999
88.306700	0.365143
88.306800	0.392761
88.306900	0.413055
88.307000	0.422363
88.307100	0.429687
88.307200	0.425568
88.307300	0.419159
88.307400	0.406342
88.307500	0.380707
88.307600	0.351562
88.307700	0.319214
88.307800	0.291748
88.307900	0.252991
88.308000	0.211487
88.308100	0.180664
88.308200	0.131836
88.308300	0.092926
88.308400	0.060425
88.308500	0.015106
88.308600	-0.030975
88.308700	-0.080109
88.308800	-0.118256
88.308900	-0.161133
88.309000	-0.198364
88.309100	-0.243530
88.309200	-0.278931
88.309300	-0.318146
88.309400	-0.351562
88.309500	-0.375061
88.309600	-0.394287
88.309700	-0.422211
88.309800	-0.446777
88.309900	-0.452423
88.310000	-0.457611
88.310100	-0.461121
88.310200	-0.456543
88.310300	-0.449066
88.310400	-0.435333
88.310500	-0.413361
88.310600	-0.394135
88.310700	-0.355225
88.310800	-0.315552
88.310900	-0.283966
88.311000	-0.240173
88.311100	-0.195007
88.311200	-0.155029
88.311300	-0.121307
88.311400	-0.083313
88.311500	-0.051422
88.311600	-0.029449
88.311700	-0.005341
88.311800	0.007935
88.311900	0.027618
88.312000	0.033875
88.312100	0.039978
88.312200	0.043793
88.312300	0.044708
88.312400	0.053406
88.312500	0.050049
88.312600	0.055847
88.312700	0.057220
88.312800	0.061646
88.312900	0.070648
88.313000	0.066986
88.313100	0.075378
88.313200	0.078125
88.313300	0.085602
88.313400	0.110474
88.313500	0.127563
88.313600	0.159912
88.313700	0.196686
88.313800	0.240173
88.313900	0.285187
88.314000	0.341797
88.314100	0.407410
88.314200	0.477753
88.314300	0.549469
88.314400	0.625916
88.314500	0.682678
88.314600	0.718689
88.314700	0.708618
88.314800	0.698395
88.314900	0.659027
88.315000	0.622711
88.315100	0.579376
88.315200	0.538635
88.315300	0.495148
88.315400	0.458679
88.315500	0.405273
88.315600	0.351257
88.315700	0.290833
88.315800	0.232697
88.315900	0.159912
88.316000	0.086517
88.316100	0.009003
88.316200	-0.069427
88.316300	-0.153961
88.316400	-0.227356
88.316500	-0.302582
88.316600	-0.366821
88.316700	-0.433960
88.316800	-0.485535
88.316900	-0.527039
88.317000	-0.566864
88.317100	-0.597076
88.317200	-0.627441
88.317300	-0.653534
88.317400	-0.670776
88.317500	-0.691833
88.317600	-0.710754
88.317700	-0.725555
88.317800	-0.735779
88.317900	-0.736237
88.318000	-0.721893
88.318100	-0.685730
88.318200	-0.621796
88.318300	-0.532074
88.318400	-0.444794
88.318500	-0.351562
88.318600	-0.272369
88.318700	-0.202026
88.318800	-0.140991
88.318900	-0.090179
88.319000	-0.041656
88.319100	-0.002441
88.319200	0.031128
88.319300	0.048523
88.319400	0.068665
88.319500	0.072327
88.319600	0.079041
88.319700	0.082703
88.319800	0.079651
88.319900	0.078430
88.320000	0.076599
