581.629700	0.025482
581.629800	0.024872
581.629900	0.023956
581.630000	0.022278
581.630100	0.018616
581.630200	0.028381
581.630300	0.025787
581.630400	0.026550
581.630500	0.026550
581.630600	0.025177
581.630700	0.022888
581.630800	0.025787
581.630900	0.028229
581.631000	0.023193
581.631100	0.026093
581.631200	0.023804
581.631300	0.024261
581.631400	0.024872
581.631500	0.025482
581.631600	0.024567
581.631700	0.024872
581.631800	0.027008
581.631900	0.028992
581.632000	0.026093
581.632100	0.027008
581.632200	0.027313
581.632300	0.022430
581.632400	0.025635
581.632500	0.029449
581.632600	0.026855
581.632700	0.028229
581.632800	0.026398
581.632900	0.026093
581.633000	0.026093
581.633100	0.024567
581.633200	0.024109
581.633300	0.026245
581.633400	0.025330
581.633500	0.026398
581.633600	0.024567
581.633700	0.026245
581.633800	0.031281
581.633900	0.026855
581.634000	0.033569
581.634100	0.027618
581.634200	0.033417
581.634300	0.032654
581.634400	0.028992
581.634500	0.026855
581.634600	0.023499
581.634700	0.022278
581.634800	0.020447
581.634900	0.025330
581.635000	0.022430
581.635100	0.025482
581.635200	0.024567
581.635300	0.021973
581.635400	0.024414
581.635500	0.025940
581.635600	0.029755
581.635700	0.029755
581.635800	0.026703
581.635900	0.025635
581.636000	0.027466
581.636100	0.026855
581.636200	0.029449
581.636300	0.027466
581.636400	0.032501
581.636500	0.026855
581.636600	0.027466
581.636700	0.029602
581.636800	0.031738
581.636900	0.024872
581.637000	0.027161
581.637100	0.032196
581.637200	0.028839
581.637300	0.027466
581.637400	0.031281
581.637500	0.025787
581.637600	0.025940
581.637700	0.028381
581.637800	0.026550
581.637900	0.030975
581.638000	0.032043
581.638100	0.026855
581.638200	0.027008
581.638300	0.027161
581.638400	0.029297
581.638500	0.024261
581.638600	0.026093
581.638700	0.029144
581.638800	0.028381
581.638900	0.029297
581.639000	0.031128
581.639100	0.030975
581.639200	0.026093
581.639300	0.026855
581.639400	0.029907
581.639500	0.030518
581.639600	0.025330
581.639700	0.024109
581.639800	0.025024
581.639900	0.033112
581.640000	0.025787
581.640100	0.028534
581.640200	0.023499
581.640300	0.023956
581.640400	0.023804
581.640500	0.026398
581.640600	0.027161
581.640700	0.027618
581.640800	0.024261
581.640900	0.028992
581.641000	0.032501
581.641100	0.028076
581.641200	0.028381
581.641300	0.027313
581.641400	0.028076
581.641500	0.027618
581.641600	0.021362
581.641700	0.022125
581.641800	0.021667
581.641900	0.026855
581.642000	0.025024
581.642100	0.025635
581.642200	0.024109
581.642300	0.030975
581.642400	0.024719
581.642500	0.026245
581.642600	0.026550
581.642700	0.023956
581.642800	0.024719
581.642900	0.026855
581.643000	0.028229
581.643100	0.024414
581.643200	0.024261
581.643300	0.026398
581.643400	0.028076
581.643500	0.022888
581.643600	0.026398
581.643700	0.022888
581.643800	0.024414
581.643900	0.025787
581.644000	0.028687
581.644100	0.025482
581.644200	0.027466
581.644300	0.027008
581.644400	0.024109
581.644500	0.022583
581.644600	0.032654
581.644700	0.028076
581.644800	0.027771
581.644900	0.026550
581.645000	0.027161
581.645100	0.021667
581.645200	0.023041
581.645300	0.024109
581.645400	0.027161
581.645500	0.027924
581.645600	0.028381
581.645700	0.025635
581.645800	0.031281
581.645900	0.026245
581.646000	0.027924
581.646100	0.020294
581.646200	0.019836
581.646300	0.021515
581.646400	0.025940
581.646500	0.028839
581.646600	0.025787
581.646700	0.019684
581.646800	0.027466
581.646900	0.023651
581.647000	0.023651
581.647100	0.026550
581.647200	0.023651
581.647300	0.025635
581.647400	0.026550
581.647500	0.027008
581.647600	0.028229
581.647700	0.027618
581.647800	0.025940
581.647900	0.027313
581.648000	0.025635
581.648100	0.027313
581.648200	0.030365
581.648300	0.029755
581.648400	0.027161
581.648500	0.028229
581.648600	0.026550
581.648700	0.023804
581.648800	0.029449
581.648900	0.029907
581.649000	0.027161
581.649100	0.030060
581.649200	0.030518
581.649300	0.028534
581.649400	0.032501
581.649500	0.025940
581.649600	0.030365
581.649700	0.025787
581.649800	0.022278
581.649900	0.029602
581.650000	0.027466
581.650100	0.029449
581.650200	0.027771
581.650300	0.025940
581.650400	0.029297
581.650500	0.025940
581.650600	0.029297
581.650700	0.029297
581.650800	0.032501
581.650900	0.029144
581.651000	0.024872
581.651100	0.026550
581.651200	0.025482
581.651300	0.027466
581.651400	0.031281
581.651500	0.026855
581.651600	0.029907
581.651700	0.025330
581.651800	0.023499
581.651900	0.025177
581.652000	0.023193
581.652100	0.026855
581.652200	0.027924
581.652300	0.029449
581.652400	0.025787
581.652500	0.026550
581.652600	0.028381
581.652700	0.029449
581.652800	0.030975
581.652900	0.031433
581.653000	0.027466
581.653100	0.021362
581.653200	0.024414
581.653300	0.024261
581.653400	0.024414
581.653500	0.027466
581.653600	0.031128
581.653700	0.026855
581.653800	0.017548
581.653900	0.023499
581.654000	0.026093
581.654100	0.024872
581.654200	0.028992
581.654300	0.024872
581.654400	0.025330
581.654500	0.030823
581.654600	0.029755
581.654700	0.028992
581.654800	0.024567
581.654900	0.022736
581.655000	0.023193
581.655100	0.025177
581.655200	0.022125
581.655300	0.023499
581.655400	0.030670
581.655500	0.027924
581.655600	0.025482
581.655700	0.025177
581.655800	0.027466
581.655900	0.027771
581.656000	0.029144
581.656100	0.025177
581.656200	0.028687
581.656300	0.024872
581.656400	0.028687
581.656500	0.028229
581.656600	0.024261
581.656700	0.029144
581.656800	0.027161
581.656900	0.025177
581.657000	0.026855
581.657100	0.030060
581.657200	0.024567
581.657300	0.030823
581.657400	0.031738
581.657500	0.032196
581.657600	0.030518
581.657700	0.025177
581.657800	0.026855
581.657900	0.029449
581.658000	0.025787
581.658100	0.024719
581.658200	0.027008
581.658300	0.026855
581.658400	0.027161
581.658500	0.026550
581.658600	0.026855
581.658700	0.023804
581.658800	0.027924
581.658900	0.027466
581.659000	0.031433
581.659100	0.028076
581.659200	0.027924
581.659300	0.032654
581.659400	0.029449
581.659500	0.028534
581.659600	0.023804
581.659700	0.029297
581.659800	0.029602
581.659900	0.025635
581.660000	0.025635
581.660100	0.023804
581.660200	0.024872
581.660300	0.029297
581.660400	0.024567
581.660500	0.022278
581.660600	0.024261
581.660700	0.025024
581.660800	0.025482
581.660900	0.026855
581.661000	0.024109
581.661100	0.027618
581.661200	0.030518
581.661300	0.028992
581.661400	0.029144
581.661500	0.025024
581.661600	0.021362
581.661700	0.023956
581.661800	0.024414
581.661900	0.028992
581.662000	0.027771
581.662100	0.030212
581.662200	0.030212
581.662300	0.030670
581.662400	0.025940
581.662500	0.025940
581.662600	0.028534
581.662700	0.031281
581.662800	0.023499
581.662900	0.025635
581.663000	0.028534
581.663100	0.028839
581.663200	0.030670
581.663300	0.032959
581.663400	0.037231
581.663500	0.028839
581.663600	0.027161
581.663700	0.023193
581.663800	0.029755
581.663900	0.027771
581.664000	0.022888
581.664100	0.025635
581.664200	0.024719
581.664300	0.028839
581.664400	0.030518
581.664500	0.027313
581.664600	0.023193
581.664700	0.023193
581.664800	0.024414
581.664900	0.025787
581.665000	0.025024
581.665100	0.026245
581.665200	0.023041
581.665300	0.024567
581.665400	0.025177
581.665500	0.026245
581.665600	0.025635
581.665700	0.027618
581.665800	0.027161
581.665900	0.022430
581.666000	0.024414
581.666100	0.024261
581.666200	0.025635
581.666300	0.024719
581.666400	0.027466
581.666500	0.026855
581.666600	0.026855
581.666700	0.029297
581.666800	0.024109
581.666900	0.025787
581.667000	0.023346
581.667100	0.028534
581.667200	0.025635
581.667300	0.027008
581.667400	0.029755
581.667500	0.023041
581.667600	0.026398
581.667700	0.030365
581.667800	0.030060
581.667900	0.025482
581.668000	0.026703
581.668100	0.028229
581.668200	0.027008
581.668300	0.027466
581.668400	0.030518
581.668500	0.029449
581.668600	0.030518
581.668700	0.030823
581.668800	0.033569
581.668900	0.027466
581.669000	0.026398
581.669100	0.024567
581.669200	0.030060
581.669300	0.031586
581.669400	0.027161
581.669500	0.027161
581.669600	0.026245
581.669700	0.031738
581.669800	0.027008
581.669900	0.027161
581.670000	0.028687
581.670100	0.031128
581.670200	0.029449
581.670300	0.024261
581.670400	0.027466
581.670500	0.025330
581.670600	0.026703
581.670700	0.023346
581.670800	0.027771
581.670900	0.024414
581.671000	0.029602
581.671100	0.024567
581.671200	0.032806
581.671300	0.033569
581.671400	0.031738
581.671500	0.026093
581.671600	0.026093
581.671700	0.029297
581.671800	0.030670
581.671900	0.026855
581.672000	0.026398
581.672100	0.026855
581.672200	0.027466
581.672300	0.025024
581.672400	0.026245
581.672500	0.027466
581.672600	0.030060
581.672700	0.030365
581.672800	0.031128
581.672900	0.029297
581.673000	0.032196
581.673100	0.027466
581.673200	0.028992
581.673300	0.021210
581.673400	0.025482
581.673500	0.026398
581.673600	0.027161
581.673700	0.027466
581.673800	0.033264
581.673900	0.027924
581.674000	0.023956
581.674100	0.022125
581.674200	0.026550
581.674300	0.027161
581.674400	0.029602
581.674500	0.026550
581.674600	0.029449
581.674700	0.026703
581.674800	0.026398
581.674900	0.031281
581.675000	0.028839
581.675100	0.028381
581.675200	0.025635
581.675300	0.023651
581.675400	0.025787
581.675500	0.025330
581.675600	0.028687
581.675700	0.029297
581.675800	0.028381
581.675900	0.026550
581.676000	0.027008
581.676100	0.026093
581.676200	0.028687
581.676300	0.025330
581.676400	0.027618
581.676500	0.022278
581.676600	0.027161
581.676700	0.023804
581.676800	0.026245
581.676900	0.022888
581.677000	0.025024
581.677100	0.024719
581.677200	0.023041
581.677300	0.027466
581.677400	0.026245
581.677500	0.029755
581.677600	0.026398
581.677700	0.025482
581.677800	0.029297
581.677900	0.033722
581.678000	0.024109
581.678100	0.030212
581.678200	0.031586
581.678300	0.030670
581.678400	0.030670
581.678500	0.028839
581.678600	0.029144
581.678700	0.022583
581.678800	0.024109
581.678900	0.030670
581.679000	0.030823
581.679100	0.023499
581.679200	0.028687
581.679300	0.024567
581.679400	0.027466
581.679500	0.030975
581.679600	0.029297
581.679700	0.027161
581.679800	0.026245
581.679900	0.024872
581.680000	0.027313
581.680100	0.028381
581.680200	0.032654
581.680300	0.030212
581.680400	0.036163
581.680500	0.029907
581.680600	0.032043
581.680700	0.031738
581.680800	0.028381
581.680900	0.029297
581.681000	0.025330
581.681100	0.030212
581.681200	0.034027
581.681300	0.035248
581.681400	0.032959
581.681500	0.034027
581.681600	0.030518
581.681700	0.023193
581.681800	0.026550
581.681900	0.030212
581.682000	0.031738
581.682100	0.027618
581.682200	0.027313
581.682300	0.027008
581.682400	0.028076
581.682500	0.030060
581.682600	0.032196
581.682700	0.031433
581.682800	0.029602
581.682900	0.032959
581.683000	0.030823
581.683100	0.030060
581.683200	0.034332
