553.367300	-0.140533
553.367400	-0.143433
553.367500	-0.139618
553.367600	-0.136261
553.367700	-0.141296
553.367800	-0.143738
553.367900	-0.137482
553.368000	-0.145721
553.368100	-0.144653
553.368200	-0.151367
553.368300	-0.151062
553.368400	-0.142670
553.368500	-0.148315
553.368600	-0.153809
553.368700	-0.151825
553.368800	-0.147705
553.368900	-0.154572
553.369000	-0.147705
553.369100	-0.154114
553.369200	-0.156708
553.369300	-0.156403
553.369400	-0.155640
553.369500	-0.152740
553.369600	-0.151062
553.369700	-0.148926
553.369800	-0.142975
553.369900	-0.149689
553.370000	-0.144043
553.370100	-0.142517
553.370200	-0.137024
553.370300	-0.142365
553.370400	-0.146179
553.370500	-0.146484
553.370600	-0.149384
553.370700	-0.146637
553.370800	-0.155640
553.370900	-0.159302
553.371000	-0.148621
553.371100	-0.152740
553.371200	-0.151520
553.371300	-0.148621
553.371400	-0.147247
553.371500	-0.150604
553.371600	-0.143433
553.371700	-0.146484
553.371800	-0.147095
553.371900	-0.146790
553.372000	-0.149231
553.372100	-0.149384
553.372200	-0.148468
553.372300	-0.149689
553.372400	-0.145721
553.372500	-0.150146
553.372600	-0.150604
553.372700	-0.138855
553.372800	-0.133972
553.372900	-0.139160
553.373000	-0.144958
553.373100	-0.143738
553.373200	-0.146332
553.373300	-0.145111
553.373400	-0.143890
553.373500	-0.154114
553.373600	-0.149689
553.373700	-0.147247
553.373800	-0.139160
553.373900	-0.149231
553.374000	-0.145569
553.374100	-0.152130
553.374200	-0.151215
553.374300	-0.146027
553.374400	-0.152435
553.374500	-0.158081
553.374600	-0.152588
553.374700	-0.156403
553.374800	-0.156403
553.374900	-0.150452
553.375000	-0.159760
553.375100	-0.157318
553.375200	-0.158386
553.375300	-0.157166
553.375400	-0.152435
553.375500	-0.144501
553.375600	-0.144958
553.375700	-0.142212
553.375800	-0.147400
553.375900	-0.141296
553.376000	-0.136261
553.376100	-0.134430
553.376200	-0.143280
553.376300	-0.151520
553.376400	-0.148315
553.376500	-0.149384
553.376600	-0.150452
553.376700	-0.149536
553.376800	-0.146332
553.376900	-0.147552
553.377000	-0.144196
553.377100	-0.151367
553.377200	-0.145416
553.377300	-0.156555
553.377400	-0.148621
553.377500	-0.148315
553.377600	-0.158539
553.377700	-0.152435
553.377800	-0.153809
553.377900	-0.156403
553.378000	-0.155945
553.378100	-0.151215
553.378200	-0.147705
553.378300	-0.144501
553.378400	-0.144501
553.378500	-0.152130
553.378600	-0.151978
553.378700	-0.150909
553.378800	-0.153656
553.378900	-0.151367
553.379000	-0.151672
553.379100	-0.151978
553.379200	-0.154877
553.379300	-0.149994
553.379400	-0.154419
553.379500	-0.151367
553.379600	-0.153046
553.379700	-0.157471
553.379800	-0.149384
553.379900	-0.154877
553.380000	-0.155640
553.380100	-0.160522
553.380200	-0.161438
553.380300	-0.164032
553.380400	-0.154572
553.380500	-0.146942
553.380600	-0.155182
553.380700	-0.151367
553.380800	-0.150604
553.380900	-0.153046
553.381000	-0.160675
553.381100	-0.158386
553.381200	-0.156708
553.381300	-0.148010
553.381400	-0.156708
553.381500	-0.158234
553.381600	-0.164337
553.381700	-0.162964
553.381800	-0.157623
553.381900	-0.149994
553.382000	-0.146942
553.382100	-0.140228
553.382200	-0.144348
553.382300	-0.141907
553.382400	-0.144348
553.382500	-0.148926
553.382600	-0.148621
553.382700	-0.145111
553.382800	-0.140991
553.382900	-0.140533
553.383000	-0.144043
553.383100	-0.143585
553.383200	-0.143890
553.383300	-0.143738
553.383400	-0.144653
553.383500	-0.142822
553.383600	-0.153046
553.383700	-0.155792
553.383800	-0.145721
553.383900	-0.144196
553.384000	-0.145569
553.384100	-0.152130
553.384200	-0.151978
553.384300	-0.148010
553.384400	-0.156250
553.384500	-0.153961
553.384600	-0.150604
553.384700	-0.141602
553.384800	-0.140533
553.384900	-0.148163
553.385000	-0.141296
553.385100	-0.134277
553.385200	-0.139465
553.385300	-0.147705
553.385400	-0.137939
553.385500	-0.137024
553.385600	-0.137024
553.385700	-0.131073
553.385800	-0.136566
553.385900	-0.137787
553.386000	-0.132141
553.386100	-0.136414
553.386200	-0.144958
553.386300	-0.148468
553.386400	-0.146027
553.386500	-0.146942
553.386600	-0.150146
553.386700	-0.146942
553.386800	-0.146790
553.386900	-0.145874
553.387000	-0.139160
553.387100	-0.147247
553.387200	-0.149841
553.387300	-0.153503
553.387400	-0.150452
553.387500	-0.147400
553.387600	-0.143890
553.387700	-0.132599
553.387800	-0.137787
553.387900	-0.142212
553.388000	-0.143890
553.388100	-0.139008
553.388200	-0.139008
553.388300	-0.132751
553.388400	-0.132294
553.388500	-0.141754
553.388600	-0.153809
553.388700	-0.150757
553.388800	-0.145721
553.388900	-0.142212
553.389000	-0.142975
553.389100	-0.145264
553.389200	-0.146484
553.389300	-0.148621
553.389400	-0.149384
553.389500	-0.146637
553.389600	-0.143738
553.389700	-0.148468
553.389800	-0.146332
553.389900	-0.148926
553.390000	-0.141144
553.390100	-0.142517
553.390200	-0.151825
553.390300	-0.141449
553.390400	-0.145416
553.390500	-0.145264
553.390600	-0.150604
553.390700	-0.156860
553.390800	-0.150757
553.390900	-0.144043
553.391000	-0.144348
553.391100	-0.145111
553.391200	-0.135956
553.391300	-0.144348
553.391400	-0.147858
553.391500	-0.149994
553.391600	-0.154114
553.391700	-0.152435
553.391800	-0.144806
553.391900	-0.146790
553.392000	-0.154419
553.392100	-0.150757
553.392200	-0.151062
553.392300	-0.155792
553.392400	-0.154266
553.392500	-0.155029
553.392600	-0.154266
553.392700	-0.153809
553.392800	-0.158844
553.392900	-0.154877
553.393000	-0.157013
553.393100	-0.164032
553.393200	-0.162201
553.393300	-0.157166
553.393400	-0.151825
553.393500	-0.152588
553.393600	-0.144653
553.393700	-0.157166
553.393800	-0.149841
553.393900	-0.147095
553.394000	-0.157013
553.394100	-0.149841
553.394200	-0.150757
553.394300	-0.147247
553.394400	-0.157013
553.394500	-0.152588
553.394600	-0.148010
553.394700	-0.151215
553.394800	-0.156403
553.394900	-0.159454
553.395000	-0.163116
553.395100	-0.163116
553.395200	-0.160370
553.395300	-0.155334
553.395400	-0.158539
553.395500	-0.160065
553.395600	-0.164948
553.395700	-0.162964
553.395800	-0.161743
553.395900	-0.161438
553.396000	-0.158691
553.396100	-0.159912
553.396200	-0.155640
553.396300	-0.156708
553.396400	-0.174103
553.396500	-0.168457
553.396600	-0.165863
553.396700	-0.161743
553.396800	-0.149231
553.396900	-0.157318
553.397000	-0.159454
553.397100	-0.155640
553.397200	-0.147705
553.397300	-0.150909
553.397400	-0.153961
553.397500	-0.150604
553.397600	-0.151215
553.397700	-0.154266
553.397800	-0.150299
553.397900	-0.152893
553.398000	-0.149841
553.398100	-0.150452
553.398200	-0.148621
553.398300	-0.153198
553.398400	-0.160370
553.398500	-0.151367
553.398600	-0.157776
553.398700	-0.153656
553.398800	-0.165100
553.398900	-0.164185
553.399000	-0.166626
553.399100	-0.163879
553.399200	-0.165405
553.399300	-0.157318
553.399400	-0.155487
553.399500	-0.157318
553.399600	-0.150146
553.399700	-0.145264
553.399800	-0.136108
553.399900	-0.141754
553.400000	-0.139313
553.400100	-0.144196
553.400200	-0.147247
553.400300	-0.144958
553.400400	-0.150757
553.400500	-0.149841
553.400600	-0.150757
553.400700	-0.146332
553.400800	-0.149536
553.400900	-0.147552
553.401000	-0.146027
553.401100	-0.147247
553.401200	-0.151062
553.401300	-0.143127
553.401400	-0.151215
553.401500	-0.155182
553.401600	-0.145569
553.401700	-0.143738
553.401800	-0.134583
553.401900	-0.136261
553.402000	-0.137482
553.402100	-0.144653
553.402200	-0.139465
553.402300	-0.144043
553.402400	-0.148010
553.402500	-0.143585
553.402600	-0.143890
553.402700	-0.139008
553.402800	-0.139313
553.402900	-0.144348
553.403000	-0.145111
553.403100	-0.144043
553.403200	-0.139008
553.403300	-0.143738
553.403400	-0.147095
553.403500	-0.141907
553.403600	-0.138245
553.403700	-0.139465
553.403800	-0.139771
553.403900	-0.142822
553.404000	-0.156860
553.404100	-0.156403
553.404200	-0.149841
553.404300	-0.145569
553.404400	-0.140839
553.404500	-0.146790
553.404600	-0.149384
553.404700	-0.153503
553.404800	-0.148468
553.404900	-0.146332
553.405000	-0.155945
553.405100	-0.154724
553.405200	-0.147705
553.405300	-0.144501
553.405400	-0.143280
553.405500	-0.140686
553.405600	-0.137482
553.405700	-0.139313
553.405800	-0.144348
553.405900	-0.140839
553.406000	-0.140839
553.406100	-0.143738
553.406200	-0.143127
553.406300	-0.146484
553.406400	-0.147400
553.406500	-0.146332
553.406600	-0.139160
553.406700	-0.146332
553.406800	-0.138702
553.406900	-0.138550
553.407000	-0.138397
553.407100	-0.140228
553.407200	-0.132904
553.407300	-0.129700
553.407400	-0.134583
553.407500	-0.147247
553.407600	-0.152435
553.407700	-0.149689
553.407800	-0.138092
553.407900	-0.144653
553.408000	-0.144348
553.408100	-0.148468
553.408200	-0.143585
553.408300	-0.141144
553.408400	-0.147400
553.408500	-0.149078
553.408600	-0.141144
553.408700	-0.145111
553.408800	-0.144653
553.408900	-0.146637
553.409000	-0.145264
553.409100	-0.146027
553.409200	-0.148926
553.409300	-0.151672
553.409400	-0.146027
553.409500	-0.144806
553.409600	-0.143280
553.409700	-0.146484
553.409800	-0.146637
553.409900	-0.154266
553.410000	-0.149384
553.410100	-0.150757
553.410200	-0.156097
553.410300	-0.161896
553.410400	-0.156097
553.410500	-0.160980
553.410600	-0.164642
553.410700	-0.164490
553.410800	-0.152130
553.410900	-0.160065
553.411000	-0.159302
553.411100	-0.161591
553.411200	-0.160980
553.411300	-0.153198
553.411400	-0.150909
553.411500	-0.157928
553.411600	-0.159302
553.411700	-0.156708
553.411800	-0.167084
553.411900	-0.157776
553.412000	-0.156250
553.412100	-0.153351
553.412200	-0.153198
553.412300	-0.157318
553.412400	-0.160065
553.412500	-0.159760
553.412600	-0.158234
553.412700	-0.157928
553.412800	-0.158844
553.412900	-0.153656
553.413000	-0.151367
553.413100	-0.160675
553.413200	-0.160980
553.413300	-0.157471
553.413400	-0.155182
553.413500	-0.155182
553.413600	-0.157776
553.413700	-0.159912
553.413800	-0.164490
553.413900	-0.165253
553.414000	-0.161743
553.414100	-0.156708
553.414200	-0.164948
553.414300	-0.154266
553.414400	-0.161896
553.414500	-0.148163
553.414600	-0.151672
553.414700	-0.152588
553.414800	-0.146484
553.414900	-0.149231
553.415000	-0.152283
553.415100	-0.153656
553.415200	-0.148163
553.415300	-0.146332
553.415400	-0.144501
553.415500	-0.149384
553.415600	-0.148163
553.415700	-0.152435
553.415800	-0.144653
553.415900	-0.152130
553.416000	-0.155487
553.416100	-0.162201
553.416200	-0.160370
553.416300	-0.159912
553.416400	-0.162964
553.416500	-0.162048
553.416600	-0.165253
553.416700	-0.166168
553.416800	-0.165710
553.416900	-0.159760
553.417000	-0.158691
553.417100	-0.160675
553.417200	-0.163727
553.417300	-0.159912
553.417400	-0.158997
553.417500	-0.150909
553.417600	-0.153198
553.417700	-0.156555
553.417800	-0.149384
553.417900	-0.154419
553.418000	-0.153351
553.418100	-0.146484
553.418200	-0.148468
553.418300	-0.147858
553.418400	-0.149994
553.418500	-0.144653
553.418600	-0.150757
553.418700	-0.158997
553.418800	-0.153961
553.418900	-0.157013
553.419000	-0.154877
553.419100	-0.156860
553.419200	-0.154114
553.419300	-0.155182
553.419400	-0.158844
553.419500	-0.155182
553.419600	-0.151672
553.419700	-0.161896
553.419800	-0.160522
553.419900	-0.161285
553.420000	-0.156250
553.420100	-0.154572
553.420200	-0.155182
553.420300	-0.154419
553.420400	-0.153809
553.420500	-0.161285
553.420600	-0.155029
553.420700	-0.151520
553.420800	-0.149536
