561.968900	-0.005951
561.969000	-0.013733
561.969100	-0.012512
561.969200	-0.012207
561.969300	-0.010986
561.969400	-0.007935
561.969500	-0.005035
561.969600	-0.007019
561.969700	-0.007935
561.969800	-0.007629
561.969900	-0.010681
561.970000	-0.016479
561.970100	-0.014496
561.970200	-0.007782
561.970300	-0.010223
561.970400	-0.016479
561.970500	-0.016479
561.970600	-0.008240
561.970700	-0.016937
561.970800	-0.018463
561.970900	-0.014496
561.971000	-0.018921
561.971100	-0.014496
561.971200	-0.012970
561.971300	-0.013733
561.971400	-0.017242
561.971500	-0.013733
561.971600	-0.012360
561.971700	-0.017700
561.971800	-0.016632
561.971900	-0.011749
561.972000	-0.017548
561.972100	-0.013123
561.972200	-0.012207
561.972300	-0.008545
561.972400	-0.016327
561.972500	-0.008392
561.972600	-0.010376
561.972700	-0.015106
561.972800	-0.010986
561.972900	-0.012970
561.973000	-0.014038
561.973100	-0.016022
561.973200	-0.016022
561.973300	-0.017395
561.973400	-0.015869
561.973500	-0.010986
561.973600	-0.012512
561.973700	-0.007477
561.973800	-0.012817
561.973900	-0.012054
561.974000	-0.010681
561.974100	-0.010834
561.974200	-0.010834
561.974300	-0.007629
561.974400	-0.006104
561.974500	-0.005341
561.974600	-0.007019
561.974700	-0.002594
561.974800	-0.009613
561.974900	-0.007782
561.975000	-0.010529
561.975100	-0.005493
561.975200	-0.008850
561.975300	-0.007935
561.975400	-0.009918
561.975500	-0.008850
561.975600	-0.008850
561.975700	-0.013885
561.975800	-0.013275
561.975900	-0.014801
561.976000	-0.010529
561.976100	-0.011902
561.976200	-0.009308
561.976300	-0.009766
561.976400	-0.008392
561.976500	-0.010681
561.976600	-0.005035
561.976700	-0.008240
561.976800	-0.013123
561.976900	-0.014648
561.977000	-0.008698
561.977100	-0.006409
561.977200	-0.008240
561.977300	-0.009918
561.977400	-0.004883
561.977500	-0.007935
561.977600	-0.009766
561.977700	-0.007324
561.977800	-0.012360
561.977900	-0.008850
561.978000	-0.004425
561.978100	-0.008087
561.978200	-0.010376
561.978300	-0.013580
561.978400	-0.013123
561.978500	-0.012512
561.978600	-0.014954
561.978700	-0.009003
561.978800	-0.009613
561.978900	-0.006714
561.979000	-0.016937
561.979100	-0.017242
561.979200	-0.011139
561.979300	-0.015564
561.979400	-0.012207
561.979500	-0.016022
561.979600	-0.013733
561.979700	-0.015869
561.979800	-0.012665
561.979900	-0.011597
561.980000	-0.012817
561.980100	-0.012817
561.980200	-0.013123
561.980300	-0.011444
561.980400	-0.017853
561.980500	-0.017548
561.980600	-0.016632
561.980700	-0.013275
561.980800	-0.012207
561.980900	-0.012970
561.981000	-0.016327
561.981100	-0.015411
561.981200	-0.011444
561.981300	-0.015411
561.981400	-0.016479
561.981500	-0.014648
561.981600	-0.014648
561.981700	-0.011749
561.981800	-0.016632
561.981900	-0.009003
561.982000	-0.015869
561.982100	-0.014801
561.982200	-0.017700
561.982300	-0.016937
561.982400	-0.014038
561.982500	-0.017700
561.982600	-0.019073
561.982700	-0.023651
561.982800	-0.014954
561.982900	-0.015717
561.983000	-0.017395
561.983100	-0.016174
561.983200	-0.017242
561.983300	-0.019073
561.983400	-0.020752
561.983500	-0.023651
561.983600	-0.018463
561.983700	-0.018616
561.983800	-0.014648
561.983900	-0.018311
561.984000	-0.017242
561.984100	-0.016785
561.984200	-0.016327
561.984300	-0.013428
561.984400	-0.019073
561.984500	-0.018768
561.984600	-0.021057
561.984700	-0.016479
561.984800	-0.015717
561.984900	-0.013580
561.985000	-0.015259
561.985100	-0.016327
561.985200	-0.022430
561.985300	-0.018463
561.985400	-0.014801
561.985500	-0.015869
561.985600	-0.010681
561.985700	-0.015411
561.985800	-0.014191
561.985900	-0.014648
561.986000	-0.010376
561.986100	-0.008545
561.986200	-0.009003
561.986300	-0.006104
561.986400	-0.010834
561.986500	-0.013885
561.986600	-0.013428
561.986700	-0.005951
561.986800	-0.017395
561.986900	-0.014343
561.987000	-0.014343
561.987100	-0.015411
561.987200	-0.012207
561.987300	-0.012360
561.987400	-0.013275
561.987500	-0.011139
561.987600	-0.012054
561.987700	-0.014954
561.987800	-0.015564
561.987900	-0.015259
561.988000	-0.013428
561.988100	-0.009460
561.988200	-0.010223
561.988300	-0.012665
561.988400	-0.008087
561.988500	-0.008087
561.988600	-0.009003
561.988700	-0.011597
561.988800	-0.008240
561.988900	-0.005951
561.989000	-0.005493
561.989100	-0.003357
561.989200	-0.007629
561.989300	-0.010681
561.989400	-0.014038
561.989500	-0.009460
561.989600	-0.010223
561.989700	-0.014648
561.989800	-0.010834
561.989900	-0.014343
561.990000	-0.008850
561.990100	-0.010071
561.990200	-0.012054
561.990300	-0.012054
561.990400	-0.009613
561.990500	-0.012054
561.990600	-0.010071
561.990700	-0.012665
561.990800	-0.006866
561.990900	-0.008545
561.991000	-0.008698
561.991100	-0.004120
561.991200	-0.000610
561.991300	-0.005798
561.991400	-0.004883
561.991500	-0.006561
561.991600	-0.007019
561.991700	-0.001221
561.991800	-0.005188
561.991900	-0.004272
561.992000	-0.004883
561.992100	-0.002289
561.992200	-0.000153
561.992300	-0.004883
561.992400	-0.005035
561.992500	-0.003815
561.992600	-0.003510
561.992700	-0.004272
561.992800	0.000153
561.992900	-0.001068
561.993000	-0.000610
561.993100	0.000000
561.993200	-0.002441
561.993300	-0.004425
561.993400	-0.008240
561.993500	-0.009613
561.993600	-0.006866
561.993700	-0.009613
561.993800	-0.009613
561.993900	-0.008240
561.994000	-0.012970
561.994100	-0.006104
561.994200	-0.004120
561.994300	-0.010834
561.994400	-0.009613
561.994500	-0.005798
561.994600	-0.010376
561.994700	-0.012817
561.994800	-0.010223
561.994900	-0.008240
561.995000	-0.005188
561.995100	-0.007324
561.995200	-0.010986
561.995300	-0.009003
561.995400	-0.008698
561.995500	-0.008087
561.995600	-0.012360
561.995700	-0.006561
561.995800	-0.010834
561.995900	-0.010223
561.996000	-0.008087
561.996100	-0.006409
561.996200	-0.008850
561.996300	-0.005798
561.996400	-0.013123
561.996500	-0.012207
561.996600	-0.007019
561.996700	-0.016327
561.996800	-0.012512
561.996900	-0.008240
561.997000	-0.015411
561.997100	-0.015411
561.997200	-0.013580
561.997300	-0.014343
561.997400	-0.011902
561.997500	-0.012207
561.997600	-0.012817
561.997700	-0.012054
561.997800	-0.011292
561.997900	-0.008545
561.998000	-0.012817
561.998100	-0.013885
561.998200	-0.012665
561.998300	-0.012970
561.998400	-0.007172
561.998500	-0.009003
561.998600	-0.003204
561.998700	-0.009155
561.998800	-0.012054
561.998900	-0.012817
561.999000	-0.015869
561.999100	-0.016479
561.999200	-0.011292
561.999300	-0.013885
561.999400	-0.015717
561.999500	-0.018005
561.999600	-0.012665
561.999700	-0.010834
561.999800	-0.012817
561.999900	-0.016632
562.000000	-0.014343
562.000100	-0.012817
562.000200	-0.016327
562.000300	-0.016479
562.000400	-0.010223
562.000500	-0.004120
562.000600	-0.006104
562.000700	-0.009918
562.000800	-0.009155
562.000900	-0.010529
562.001000	-0.011444
562.001100	-0.010071
562.001200	-0.009308
562.001300	-0.008850
562.001400	-0.010681
562.001500	-0.008698
562.001600	-0.011902
562.001700	-0.010071
562.001800	-0.012054
562.001900	-0.011902
562.002000	-0.015869
562.002100	-0.010376
562.002200	-0.017242
562.002300	-0.012665
562.002400	-0.015717
562.002500	-0.018158
562.002600	-0.019836
562.002700	-0.015259
562.002800	-0.013885
562.002900	-0.012512
562.003000	-0.012360
562.003100	-0.012360
562.003200	-0.010223
562.003300	-0.002289
562.003400	-0.008087
562.003500	-0.009460
562.003600	-0.018005
562.003700	-0.009613
562.003800	-0.010529
562.003900	-0.013428
562.004000	-0.013123
562.004100	-0.012817
562.004200	-0.008698
562.004300	-0.010071
562.004400	-0.012512
562.004500	-0.018005
562.004600	-0.012512
562.004700	-0.016174
562.004800	-0.013123
562.004900	-0.010223
562.005000	-0.012360
562.005100	-0.016937
562.005200	-0.014496
562.005300	-0.013580
562.005400	-0.013275
562.005500	-0.018158
562.005600	-0.013885
562.005700	-0.017548
562.005800	-0.019073
562.005900	-0.017853
562.006000	-0.014343
562.006100	-0.016632
562.006200	-0.014343
562.006300	-0.015564
562.006400	-0.019684
562.006500	-0.017090
562.006600	-0.014038
562.006700	-0.013275
562.006800	-0.014648
562.006900	-0.014038
562.007000	-0.014038
562.007100	-0.016785
562.007200	-0.016174
562.007300	-0.014954
562.007400	-0.019226
562.007500	-0.012970
562.007600	-0.014954
562.007700	-0.018311
562.007800	-0.021362
562.007900	-0.010681
562.008000	-0.017090
562.008100	-0.016632
562.008200	-0.014343
562.008300	-0.011902
562.008400	-0.014343
562.008500	-0.014343
562.008600	-0.016479
562.008700	-0.020752
562.008800	-0.010986
562.008900	-0.012360
562.009000	-0.010834
562.009100	-0.005798
562.009200	-0.012512
562.009300	-0.015564
562.009400	-0.013428
562.009500	-0.009766
562.009600	-0.014801
562.009700	-0.017700
562.009800	-0.008698
562.009900	-0.007172
562.010000	-0.014191
562.010100	-0.010529
562.010200	-0.014954
562.010300	-0.017853
562.010400	-0.014343
562.010500	-0.013580
562.010600	-0.014801
562.010700	-0.014343
562.010800	-0.011597
562.010900	-0.008545
562.011000	-0.012970
562.011100	-0.005646
562.011200	-0.012512
562.011300	-0.008545
562.011400	-0.012360
562.011500	-0.012665
562.011600	-0.015869
562.011700	-0.020142
562.011800	-0.020447
562.011900	-0.016632
562.012000	-0.016937
562.012100	-0.013580
562.012200	-0.009766
562.012300	-0.013885
562.012400	-0.011749
562.012500	-0.010681
562.012600	-0.015564
562.012700	-0.014954
562.012800	-0.014496
562.012900	-0.009003
562.013000	-0.012665
562.013100	-0.013428
562.013200	-0.012054
562.013300	-0.016785
562.013400	-0.024872
562.013500	-0.019684
562.013600	-0.015869
562.013700	-0.024414
562.013800	-0.016785
562.013900	-0.021973
562.014000	-0.020599
562.014100	-0.019989
562.014200	-0.014496
562.014300	-0.017395
562.014400	-0.018768
562.014500	-0.014496
562.014600	-0.018005
562.014700	-0.018158
562.014800	-0.017548
562.014900	-0.018005
562.015000	-0.015106
562.015100	-0.021057
562.015200	-0.016022
562.015300	-0.011292
562.015400	-0.014648
562.015500	-0.012054
562.015600	-0.011292
562.015700	-0.010223
562.015800	-0.008698
562.015900	-0.007019
562.016000	-0.008850
562.016100	-0.009460
562.016200	-0.008087
562.016300	-0.011597
562.016400	-0.016632
562.016500	-0.013428
562.016600	-0.014801
562.016700	-0.015869
562.016800	-0.019073
562.016900	-0.008087
562.017000	-0.016937
562.017100	-0.016479
562.017200	-0.014954
562.017300	-0.015869
562.017400	-0.015411
562.017500	-0.018005
562.017600	-0.015564
562.017700	-0.012207
562.017800	-0.013123
562.017900	-0.016479
562.018000	-0.016632
562.018100	-0.018005
562.018200	-0.012665
562.018300	-0.014954
562.018400	-0.016327
562.018500	-0.013123
562.018600	-0.016174
562.018700	-0.016785
562.018800	-0.017548
562.018900	-0.015411
562.019000	-0.016785
562.019100	-0.012360
562.019200	-0.016327
562.019300	-0.018616
562.019400	-0.017090
562.019500	-0.016785
562.019600	-0.017395
562.019700	-0.021973
562.019800	-0.022430
562.019900	-0.020752
562.020000	-0.022736
562.020100	-0.017700
562.020200	-0.021667
562.020300	-0.019531
562.020400	-0.015411
562.020500	-0.018616
562.020600	-0.016327
562.020700	-0.013123
562.020800	-0.016327
562.020900	-0.015106
562.021000	-0.012817
562.021100	-0.009918
562.021200	-0.012970
562.021300	-0.016327
562.021400	-0.014954
562.021500	-0.012970
562.021600	-0.017395
562.021700	-0.013733
562.021800	-0.013428
562.021900	-0.009613
562.022000	-0.015259
562.022100	-0.009308
562.022200	-0.011139
562.022300	-0.012512
562.022400	-0.016022
