62.461700	0.000610
62.461800	-0.002594
62.461900	-0.005798
62.462000	-0.005493
62.462100	-0.004883
62.462200	-0.001678
62.462300	-0.001678
62.462400	-0.004425
62.462500	-0.002289
62.462600	-0.001984
62.462700	-0.001526
62.462800	0.001678
62.462900	-0.000763
62.463000	-0.001526
62.463100	0.000610
62.463200	-0.001831
62.463300	-0.001984
62.463400	-0.002441
62.463500	-0.003357
62.463600	-0.001221
62.463700	0.000305
62.463800	-0.006409
62.463900	-0.002136
62.464000	-0.004730
62.464100	-0.002747
62.464200	-0.000610
62.464300	0.000305
62.464400	-0.001831
62.464500	0.001221
62.464600	-0.000763
62.464700	0.002594
62.464800	-0.002441
62.464900	-0.003510
62.465000	-0.001678
62.465100	0.000305
62.465200	-0.004883
62.465300	0.000000
62.465400	-0.000458
62.465500	-0.006866
62.465600	-0.003662
62.465700	-0.007324
62.465800	-0.002747
62.465900	0.000305
62.466000	-0.001678
62.466100	-0.000763
62.466200	0.000305
62.466300	0.000305
62.466400	-0.003967
62.466500	-0.002136
62.466600	-0.003052
62.466700	-0.001831
62.466800	-0.001678
62.466900	0.003357
62.467000	-0.001068
62.467100	-0.003662
62.467200	-0.002136
62.467300	0.000305
62.467400	-0.004120
62.467500	-0.003967
62.467600	-0.005188
62.467700	-0.002594
62.467800	-0.003967
62.467900	-0.004883
62.468000	-0.001831
62.468100	-0.002441
62.468200	-0.002899
62.468300	-0.004883
62.468400	-0.001221
62.468500	-0.002594
62.468600	-0.006409
62.468700	-0.005646
62.468800	0.000610
62.468900	-0.000763
62.469000	-0.001678
62.469100	-0.001678
62.469200	0.003662
62.469300	0.000610
62.469400	-0.005341
62.469500	-0.004120
62.469600	-0.005188
62.469700	-0.000763
62.469800	-0.002594
62.469900	-0.001984
62.470000	0.003967
62.470100	0.001221
62.470200	-0.004730
62.470300	-0.003510
62.470400	-0.001678
62.470500	0.000000
62.470600	-0.000763
62.470700	0.002747
62.470800	-0.002441
62.470900	-0.003510
62.471000	-0.003052
62.471100	-0.003815
62.471200	-0.003357
62.471300	-0.001068
62.471400	-0.006561
62.471500	-0.004120
62.471600	-0.003967
62.471700	0.000610
62.471800	-0.005035
62.471900	-0.005646
62.472000	-0.000916
62.472100	0.001526
62.472200	-0.002441
62.472300	-0.004883
62.472400	0.000610
62.472500	-0.005951
62.472600	-0.005798
62.472700	-0.002289
62.472800	0.000610
62.472900	-0.006714
62.473000	-0.005951
62.473100	-0.007172
62.473200	-0.000763
62.473300	-0.000763
62.473400	0.001221
62.473500	-0.000610
62.473600	-0.000610
62.473700	-0.003510
62.473800	-0.001678
62.473900	-0.008240
62.474000	-0.004883
62.474100	-0.010223
62.474200	-0.004730
62.474300	-0.003204
62.474400	-0.009003
62.474500	-0.006409
62.474600	-0.007477
62.474700	-0.008545
62.474800	-0.004578
62.474900	-0.002899
62.475000	-0.007782
62.475100	-0.005493
62.475200	-0.004425
62.475300	-0.001678
62.475400	-0.005035
62.475500	-0.004425
62.475600	0.000153
62.475700	0.001678
62.475800	0.000916
62.475900	-0.003662
62.476000	-0.007935
62.476100	-0.004730
62.476200	-0.005646
62.476300	-0.007019
62.476400	-0.003662
62.476500	-0.002136
62.476600	-0.007324
62.476700	-0.008545
62.476800	-0.008087
62.476900	-0.003357
62.477000	-0.003204
62.477100	-0.009155
62.477200	-0.006104
62.477300	-0.004883
62.477400	-0.005493
62.477500	-0.006409
62.477600	-0.001678
62.477700	-0.008392
62.477800	-0.005798
62.477900	-0.008392
62.478000	-0.008392
62.478100	-0.007477
62.478200	-0.001373
62.478300	-0.007019
62.478400	-0.007172
62.478500	-0.005798
62.478600	-0.005493
62.478700	-0.009918
62.478800	-0.006409
62.478900	-0.004272
62.479000	-0.007019
62.479100	-0.007172
62.479200	-0.007935
62.479300	-0.007172
62.479400	-0.004120
62.479500	-0.003510
62.479600	-0.005646
62.479700	-0.002289
62.479800	-0.005493
62.479900	-0.003052
62.480000	-0.003357
62.480100	-0.003662
62.480200	-0.003967
62.480300	-0.005188
62.480400	-0.005798
62.480500	-0.006561
62.480600	-0.002136
62.480700	-0.005188
62.480800	-0.004120
62.480900	-0.008240
62.481000	-0.005188
62.481100	-0.006866
62.481200	-0.008698
62.481300	-0.008392
62.481400	-0.005951
62.481500	-0.005798
62.481600	-0.007324
62.481700	-0.007019
62.481800	-0.007935
62.481900	-0.009613
62.482000	-0.009766
62.482100	-0.011139
62.482200	-0.005798
62.482300	-0.006256
62.482400	-0.010681
62.482500	-0.010071
62.482600	-0.006409
62.482700	-0.006104
62.482800	-0.008240
62.482900	-0.007782
62.483000	-0.009918
62.483100	-0.006714
62.483200	-0.008392
62.483300	-0.004730
62.483400	-0.009918
62.483500	-0.006409
62.483600	-0.008240
62.483700	-0.011902
62.483800	-0.008698
62.483900	-0.010071
62.484000	-0.004883
62.484100	-0.007172
62.484200	-0.008240
62.484300	-0.013428
62.484400	-0.011749
62.484500	-0.002899
62.484600	-0.002899
62.484700	-0.004730
62.484800	-0.009460
62.484900	-0.003204
62.485000	-0.004883
62.485100	-0.009155
62.485200	-0.006256
62.485300	-0.004425
62.485400	-0.008545
62.485500	-0.008240
62.485600	-0.012665
62.485700	-0.008240
62.485800	-0.010681
62.485900	-0.007172
62.486000	-0.010223
62.486100	-0.011139
62.486200	-0.009460
62.486300	-0.011292
62.486400	-0.008240
62.486500	-0.005798
62.486600	-0.007324
62.486700	-0.007935
62.486800	-0.005188
62.486900	-0.008087
62.487000	-0.005188
62.487100	-0.006409
62.487200	-0.005188
62.487300	-0.006409
62.487400	-0.009308
62.487500	-0.008240
62.487600	-0.010071
62.487700	-0.008850
62.487800	-0.005341
62.487900	-0.006104
62.488000	-0.007629
62.488100	-0.009155
62.488200	-0.007782
62.488300	-0.007629
62.488400	-0.007782
62.488500	-0.008392
62.488600	-0.009613
62.488700	-0.004883
62.488800	-0.001526
62.488900	-0.004578
62.489000	-0.007477
62.489100	-0.006561
62.489200	-0.007629
62.489300	-0.008240
62.489400	-0.006104
62.489500	-0.007019
62.489600	-0.006256
62.489700	-0.006866
62.489800	-0.005035
62.489900	-0.006714
62.490000	-0.010376
62.490100	-0.008392
62.490200	-0.012817
62.490300	-0.005951
62.490400	-0.010834
62.490500	-0.007782
62.490600	-0.006104
62.490700	-0.010986
62.490800	-0.011902
62.490900	-0.010834
62.491000	-0.009003
62.491100	-0.011444
62.491200	-0.010071
62.491300	-0.009918
62.491400	-0.010529
62.491500	-0.008240
62.491600	-0.007629
62.491700	-0.007019
62.491800	-0.002594
62.491900	-0.009918
62.492000	-0.010071
62.492100	-0.003510
62.492200	-0.001526
62.492300	-0.002136
62.492400	-0.000153
62.492500	-0.002136
62.492600	0.001984
62.492700	-0.000763
62.492800	0.005951
62.492900	0.001526
62.493000	-0.001831
62.493100	0.005798
62.493200	0.001678
62.493300	0.003967
62.493400	0.007019
62.493500	0.000000
62.493600	0.002441
62.493700	0.000153
62.493800	-0.000458
62.493900	0.005493
62.494000	0.004578
62.494100	0.003815
62.494200	0.005035
62.494300	0.010376
62.494400	0.011292
62.494500	0.016479
62.494600	0.016785
62.494700	0.021210
62.494800	0.016632
62.494900	0.018768
62.495000	0.021515
62.495100	0.021362
62.495200	0.019836
62.495300	0.014038
62.495400	0.017548
62.495500	0.013733
62.495600	0.019684
62.495700	0.022430
62.495800	0.020142
62.495900	0.018768
62.496000	0.019684
62.496100	0.019836
62.496200	0.020905
62.496300	0.020599
62.496400	0.011902
62.496500	0.010376
62.496600	0.015259
62.496700	0.018463
62.496800	0.013275
62.496900	0.012360
62.497000	0.010529
62.497100	0.013733
62.497200	0.013885
62.497300	0.012360
62.497400	0.013580
62.497500	0.010376
62.497600	0.015106
62.497700	0.014648
62.497800	0.009918
62.497900	0.011902
62.498000	0.013428
62.498100	0.013580
62.498200	0.008545
62.498300	0.008240
62.498400	0.006561
62.498500	0.001526
62.498600	-0.000458
62.498700	-0.001526
62.498800	-0.005798
62.498900	-0.003967
62.499000	-0.005188
62.499100	-0.013428
62.499200	-0.016632
62.499300	-0.017548
62.499400	-0.015411
62.499500	-0.021973
62.499600	-0.020752
62.499700	-0.021820
62.499800	-0.028839
62.499900	-0.023041
62.500000	-0.026398
62.500100	-0.026093
62.500200	-0.024719
62.500300	-0.026245
62.500400	-0.025787
62.500500	-0.025482
62.500600	-0.027924
62.500700	-0.028381
62.500800	-0.025482
62.500900	-0.027771
62.501000	-0.022583
62.501100	-0.023346
62.501200	-0.025940
62.501300	-0.026550
62.501400	-0.028381
62.501500	-0.029602
62.501600	-0.029449
62.501700	-0.030060
62.501800	-0.026855
62.501900	-0.027924
62.502000	-0.028229
62.502100	-0.031281
62.502200	-0.022278
62.502300	-0.015411
62.502400	-0.016785
62.502500	-0.022430
62.502600	-0.020905
62.502700	-0.022736
62.502800	-0.026245
62.502900	-0.026550
62.503000	-0.025787
62.503100	-0.026550
62.503200	-0.023804
62.503300	-0.020905
62.503400	-0.022583
62.503500	-0.025024
62.503600	-0.021515
62.503700	-0.020294
62.503800	-0.021820
62.503900	-0.019989
62.504000	-0.016327
62.504100	-0.016632
62.504200	-0.018311
62.504300	-0.022430
62.504400	-0.023804
62.504500	-0.016479
62.504600	-0.017395
62.504700	-0.021057
62.504800	-0.018158
62.504900	-0.019684
62.505000	-0.025024
62.505100	-0.023651
62.505200	-0.018005
62.505300	-0.020752
62.505400	-0.016479
62.505500	-0.019531
62.505600	-0.021515
62.505700	-0.018921
62.505800	-0.017700
62.505900	-0.017548
62.506000	-0.020599
62.506100	-0.018921
62.506200	-0.020294
62.506300	-0.019226
62.506400	-0.016479
62.506500	-0.014801
62.506600	-0.014038
62.506700	-0.018768
62.506800	-0.012207
62.506900	-0.016022
62.507000	-0.016327
62.507100	-0.016022
62.507200	-0.021057
62.507300	-0.014038
62.507400	-0.018311
62.507500	-0.012207
62.507600	-0.012054
62.507700	-0.014038
62.507800	-0.013885
62.507900	-0.019531
62.508000	-0.016327
62.508100	-0.011902
62.508200	-0.013885
62.508300	-0.010071
62.508400	-0.015259
62.508500	-0.012207
62.508600	-0.011902
62.508700	-0.012054
62.508800	-0.016022
62.508900	-0.012054
62.509000	-0.015869
62.509100	-0.017242
62.509200	-0.010986
62.509300	-0.012817
62.509400	-0.008087
62.509500	-0.012207
62.509600	-0.011597
62.509700	-0.012360
62.509800	-0.015564
62.509900	-0.016479
62.510000	-0.011444
62.510100	-0.012054
62.510200	-0.012207
62.510300	-0.012512
62.510400	-0.012970
62.510500	-0.011444
62.510600	-0.010834
62.510700	-0.012512
62.510800	-0.009308
62.510900	-0.009918
62.511000	-0.014496
62.511100	-0.011902
62.511200	-0.014648
62.511300	-0.014191
62.511400	-0.018005
62.511500	-0.011444
62.511600	-0.012512
62.511700	-0.008087
62.511800	-0.011749
62.511900	-0.010986
62.512000	-0.013428
62.512100	-0.008545
62.512200	-0.007935
62.512300	-0.011749
62.512400	-0.009460
62.512500	-0.012207
62.512600	-0.013275
62.512700	-0.013123
62.512800	-0.011292
62.512900	-0.008240
62.513000	-0.010071
62.513100	-0.007324
62.513200	-0.008392
62.513300	-0.009003
62.513400	-0.011139
62.513500	-0.013123
62.513600	-0.010376
62.513700	-0.003967
62.513800	-0.005646
62.513900	-0.012817
62.514000	-0.015411
62.514100	-0.007172
62.514200	-0.012512
62.514300	-0.012054
62.514400	-0.007477
62.514500	-0.010834
62.514600	-0.012054
62.514700	-0.009766
62.514800	-0.015869
62.514900	-0.009613
62.515000	-0.008240
62.515100	-0.015869
62.515200	-0.009003
