575.792900	0.024567
575.793000	0.021820
575.793100	0.028076
575.793200	0.024414
575.793300	0.022888
575.793400	0.022430
575.793500	0.019226
575.793600	0.023804
575.793700	0.026550
575.793800	0.025940
575.793900	0.021667
575.794000	0.024872
575.794100	0.031586
575.794200	0.027313
575.794300	0.026703
575.794400	0.026398
575.794500	0.028992
575.794600	0.029907
575.794700	0.028381
575.794800	0.028076
575.794900	0.028839
575.795000	0.029449
575.795100	0.024109
575.795200	0.023499
575.795300	0.023193
575.795400	0.022430
575.795500	0.016937
575.795600	0.020599
575.795700	0.025482
575.795800	0.025024
575.795900	0.026093
575.796000	0.026245
575.796100	0.025177
575.796200	0.026093
575.796300	0.022888
575.796400	0.026093
575.796500	0.027771
575.796600	0.025024
575.796700	0.027313
575.796800	0.028229
575.796900	0.022278
575.797000	0.021057
575.797100	0.025940
575.797200	0.021210
575.797300	0.022583
575.797400	0.023956
575.797500	0.025635
575.797600	0.024719
575.797700	0.026703
575.797800	0.025024
575.797900	0.022278
575.798000	0.024261
575.798100	0.023193
575.798200	0.019989
575.798300	0.025177
575.798400	0.026703
575.798500	0.025482
575.798600	0.029144
575.798700	0.025635
575.798800	0.024872
575.798900	0.029602
575.799000	0.025787
575.799100	0.025330
575.799200	0.021973
575.799300	0.023956
575.799400	0.022736
575.799500	0.018768
575.799600	0.026093
575.799700	0.029297
575.799800	0.028076
575.799900	0.026093
575.800000	0.028381
575.800100	0.026855
575.800200	0.024414
575.800300	0.025330
575.800400	0.023193
575.800500	0.023804
575.800600	0.025482
575.800700	0.029297
575.800800	0.027618
575.800900	0.025787
575.801000	0.027466
575.801100	0.025177
575.801200	0.027771
575.801300	0.028534
575.801400	0.026093
575.801500	0.029297
575.801600	0.027161
575.801700	0.025024
575.801800	0.024261
575.801900	0.025177
575.802000	0.021973
575.802100	0.025024
575.802200	0.024719
575.802300	0.021362
575.802400	0.025024
575.802500	0.025482
575.802600	0.029755
575.802700	0.026398
575.802800	0.026245
575.802900	0.023041
575.803000	0.026855
575.803100	0.026093
575.803200	0.023346
575.803300	0.023041
575.803400	0.025940
575.803500	0.023499
575.803600	0.024872
575.803700	0.024567
575.803800	0.026703
575.803900	0.024719
575.804000	0.026855
575.804100	0.022125
575.804200	0.022430
575.804300	0.027161
575.804400	0.022125
575.804500	0.025330
575.804600	0.025787
575.804700	0.026245
575.804800	0.032196
575.804900	0.029297
575.805000	0.024719
575.805100	0.021057
575.805200	0.024872
575.805300	0.024872
575.805400	0.020905
575.805500	0.025024
575.805600	0.023804
575.805700	0.026703
575.805800	0.027618
575.805900	0.028992
575.806000	0.024414
575.806100	0.025635
575.806200	0.030365
575.806300	0.023499
575.806400	0.023956
575.806500	0.022736
575.806600	0.028229
575.806700	0.023956
575.806800	0.025482
575.806900	0.026855
575.807000	0.025330
575.807100	0.023499
575.807200	0.024261
575.807300	0.022430
575.807400	0.027924
575.807500	0.025940
575.807600	0.022888
575.807700	0.025330
575.807800	0.025177
575.807900	0.024872
575.808000	0.024109
575.808100	0.024414
575.808200	0.023346
575.808300	0.024872
575.808400	0.024414
575.808500	0.020142
575.808600	0.025024
575.808700	0.024261
575.808800	0.017242
575.808900	0.021973
575.809000	0.021667
575.809100	0.025635
575.809200	0.025482
575.809300	0.025482
575.809400	0.023041
575.809500	0.024109
575.809600	0.023499
575.809700	0.029755
575.809800	0.027313
575.809900	0.027771
575.810000	0.030518
575.810100	0.025177
575.810200	0.022736
575.810300	0.026093
575.810400	0.024414
575.810500	0.021973
575.810600	0.021667
575.810700	0.021362
575.810800	0.022888
575.810900	0.026093
575.811000	0.027313
575.811100	0.022430
575.811200	0.021667
575.811300	0.022888
575.811400	0.026855
575.811500	0.023041
575.811600	0.029144
575.811700	0.026855
575.811800	0.029755
575.811900	0.025787
575.812000	0.026550
575.812100	0.025482
575.812200	0.024567
575.812300	0.023041
575.812400	0.025635
575.812500	0.027466
575.812600	0.025940
575.812700	0.026245
575.812800	0.025330
575.812900	0.026550
575.813000	0.028076
575.813100	0.029297
575.813200	0.026550
575.813300	0.022888
575.813400	0.023956
575.813500	0.023499
575.813600	0.019989
575.813700	0.022125
575.813800	0.021667
575.813900	0.023041
575.814000	0.018921
575.814100	0.020447
575.814200	0.022736
575.814300	0.029144
575.814400	0.024414
575.814500	0.024109
575.814600	0.025177
575.814700	0.021515
575.814800	0.022278
575.814900	0.025787
575.815000	0.027008
575.815100	0.023651
575.815200	0.023193
575.815300	0.025177
575.815400	0.027313
575.815500	0.022888
575.815600	0.024414
575.815700	0.028839
575.815800	0.028992
575.815900	0.025940
575.816000	0.022430
575.816100	0.026550
575.816200	0.021057
575.816300	0.019379
575.816400	0.020599
575.816500	0.023346
575.816600	0.020599
575.816700	0.021820
575.816800	0.025787
575.816900	0.025482
575.817000	0.027771
575.817100	0.018921
575.817200	0.026245
575.817300	0.024109
575.817400	0.022125
575.817500	0.024719
575.817600	0.018463
575.817700	0.025482
575.817800	0.024719
575.817900	0.019836
575.818000	0.024261
575.818100	0.028839
575.818200	0.023956
575.818300	0.027313
575.818400	0.027924
575.818500	0.027161
575.818600	0.023956
575.818700	0.023956
575.818800	0.027313
575.818900	0.025024
575.819000	0.024719
575.819100	0.027466
575.819200	0.024109
575.819300	0.025330
575.819400	0.026855
575.819500	0.026550
575.819600	0.026245
575.819700	0.029602
575.819800	0.026855
575.819900	0.024872
575.820000	0.025330
575.820100	0.022583
575.820200	0.027161
575.820300	0.023956
575.820400	0.023804
575.820500	0.026245
575.820600	0.024261
575.820700	0.025024
575.820800	0.021820
575.820900	0.023041
575.821000	0.024719
575.821100	0.024261
575.821200	0.024567
575.821300	0.024872
575.821400	0.025330
575.821500	0.021515
575.821600	0.027924
575.821700	0.025330
575.821800	0.024872
575.821900	0.025330
575.822000	0.027161
575.822100	0.030060
575.822200	0.029602
575.822300	0.027161
575.822400	0.024414
575.822500	0.025177
575.822600	0.027466
575.822700	0.024719
575.822800	0.025787
575.822900	0.027008
575.823000	0.023956
575.823100	0.025330
575.823200	0.025787
575.823300	0.024567
575.823400	0.026703
575.823500	0.027008
575.823600	0.024719
575.823700	0.024872
575.823800	0.026093
575.823900	0.030975
575.824000	0.026855
575.824100	0.027924
575.824200	0.023499
575.824300	0.022583
575.824400	0.024872
575.824500	0.024414
575.824600	0.027466
575.824700	0.029449
575.824800	0.025024
575.824900	0.024719
575.825000	0.027161
575.825100	0.022888
575.825200	0.025940
575.825300	0.027924
575.825400	0.028534
575.825500	0.029602
575.825600	0.029602
575.825700	0.029602
575.825800	0.025024
575.825900	0.027618
575.826000	0.028381
575.826100	0.026855
575.826200	0.024719
575.826300	0.024414
575.826400	0.028381
575.826500	0.028839
575.826600	0.030212
575.826700	0.031433
575.826800	0.030365
575.826900	0.025940
575.827000	0.028839
575.827100	0.024719
575.827200	0.024567
575.827300	0.026550
575.827400	0.025635
575.827500	0.025787
575.827600	0.028381
575.827700	0.031128
575.827800	0.027313
575.827900	0.026093
575.828000	0.028229
575.828100	0.025940
575.828200	0.026398
575.828300	0.028381
575.828400	0.028381
575.828500	0.025177
575.828600	0.026245
575.828700	0.026093
575.828800	0.025330
575.828900	0.026855
575.829000	0.023956
575.829100	0.023651
575.829200	0.022888
575.829300	0.021210
575.829400	0.024261
575.829500	0.023193
575.829600	0.023499
575.829700	0.024719
575.829800	0.030670
575.829900	0.024719
575.830000	0.022125
575.830100	0.026398
575.830200	0.030212
575.830300	0.027313
575.830400	0.024872
575.830500	0.023804
575.830600	0.023804
575.830700	0.027618
575.830800	0.022278
575.830900	0.027924
575.831000	0.020142
575.831100	0.024567
575.831200	0.023193
575.831300	0.028381
575.831400	0.022583
575.831500	0.022278
575.831600	0.022736
575.831700	0.023956
575.831800	0.025635
575.831900	0.022430
575.832000	0.024719
575.832100	0.024872
575.832200	0.025635
575.832300	0.027008
575.832400	0.026245
575.832500	0.027008
575.832600	0.023041
575.832700	0.025330
575.832800	0.023804
575.832900	0.025940
575.833000	0.026245
575.833100	0.022888
575.833200	0.026855
575.833300	0.023956
575.833400	0.030212
575.833500	0.022583
575.833600	0.021515
575.833700	0.025787
575.833800	0.031433
575.833900	0.028534
575.834000	0.027771
575.834100	0.024414
575.834200	0.024567
575.834300	0.025024
575.834400	0.023346
575.834500	0.026855
575.834600	0.025482
575.834700	0.025635
575.834800	0.020752
575.834900	0.020447
575.835000	0.021515
575.835100	0.025177
575.835200	0.028534
575.835300	0.027161
575.835400	0.025635
575.835500	0.020447
575.835600	0.023193
575.835700	0.019684
575.835800	0.024414
575.835900	0.025482
575.836000	0.026550
575.836100	0.025940
575.836200	0.027771
575.836300	0.023499
575.836400	0.021362
575.836500	0.021973
575.836600	0.027008
575.836700	0.027924
575.836800	0.023804
575.836900	0.022736
575.837000	0.025787
575.837100	0.028381
575.837200	0.026703
575.837300	0.021667
575.837400	0.021667
575.837500	0.027008
575.837600	0.025482
575.837700	0.023041
575.837800	0.025024
575.837900	0.021973
575.838000	0.022888
575.838100	0.022125
575.838200	0.020294
575.838300	0.023956
575.838400	0.018311
575.838500	0.025330
575.838600	0.021973
575.838700	0.023041
575.838800	0.023956
575.838900	0.024719
575.839000	0.020752
575.839100	0.015259
575.839200	0.023193
575.839300	0.019684
575.839400	0.023804
575.839500	0.022430
575.839600	0.022888
575.839700	0.024567
575.839800	0.024567
575.839900	0.025482
575.840000	0.022736
575.840100	0.026550
575.840200	0.026398
575.840300	0.027161
575.840400	0.028839
575.840500	0.026855
575.840600	0.027466
575.840700	0.023193
575.840800	0.022583
575.840900	0.022736
575.841000	0.021210
575.841100	0.025024
575.841200	0.026855
575.841300	0.027924
575.841400	0.025787
575.841500	0.024872
575.841600	0.025635
575.841700	0.025940
575.841800	0.027161
575.841900	0.023193
575.842000	0.026093
575.842100	0.024872
575.842200	0.025482
575.842300	0.023651
575.842400	0.027161
575.842500	0.022888
575.842600	0.022430
575.842700	0.021667
575.842800	0.018768
575.842900	0.020447
575.843000	0.026245
575.843100	0.026550
575.843200	0.029144
575.843300	0.026855
575.843400	0.024567
575.843500	0.024567
575.843600	0.021210
575.843700	0.024414
575.843800	0.020752
575.843900	0.023956
575.844000	0.022278
575.844100	0.025940
575.844200	0.023499
575.844300	0.022430
575.844400	0.022430
575.844500	0.021515
575.844600	0.024261
575.844700	0.021057
575.844800	0.021362
575.844900	0.026093
575.845000	0.026245
575.845100	0.025482
575.845200	0.023651
575.845300	0.023804
575.845400	0.022888
575.845500	0.020905
575.845600	0.028534
575.845700	0.023346
575.845800	0.024567
575.845900	0.028381
575.846000	0.022278
575.846100	0.027161
575.846200	0.022583
575.846300	0.020142
575.846400	0.023651
