64.304900	-0.009766
64.305000	-0.011902
64.305100	-0.010986
64.305200	-0.015106
64.305300	-0.011444
64.305400	-0.012817
64.305500	-0.005951
64.305600	-0.009460
64.305700	-0.013733
64.305800	-0.010376
64.305900	-0.005646
64.306000	-0.008698
64.306100	-0.010681
64.306200	-0.012665
64.306300	-0.016022
64.306400	-0.010071
64.306500	-0.008545
64.306600	-0.011597
64.306700	-0.008698
64.306800	-0.011292
64.306900	-0.011597
64.307000	-0.009766
64.307100	-0.013123
64.307200	-0.009155
64.307300	-0.010376
64.307400	-0.012665
64.307500	-0.011597
64.307600	-0.012360
64.307700	-0.006561
64.307800	-0.012665
64.307900	-0.011749
64.308000	-0.009308
64.308100	-0.009613
64.308200	-0.009460
64.308300	-0.011292
64.308400	-0.011902
64.308500	-0.010834
64.308600	-0.008392
64.308700	-0.009613
64.308800	-0.009003
64.308900	-0.005951
64.309000	-0.005798
64.309100	-0.006561
64.309200	-0.010986
64.309300	-0.010376
64.309400	-0.008698
64.309500	-0.012512
64.309600	-0.011292
64.309700	-0.012512
64.309800	-0.015869
64.309900	-0.013733
64.310000	-0.012207
64.310100	-0.016022
64.310200	-0.013733
64.310300	-0.008850
64.310400	-0.009460
64.310500	-0.011902
64.310600	-0.006104
64.310700	-0.008392
64.310800	-0.013580
64.310900	-0.007629
64.311000	-0.009308
64.311100	-0.004272
64.311200	-0.007324
64.311300	-0.011292
64.311400	-0.011749
64.311500	-0.009460
64.311600	-0.013123
64.311700	-0.013275
64.311800	-0.013123
64.311900	-0.010529
64.312000	-0.010223
64.312100	-0.016785
64.312200	-0.009460
64.312300	-0.008698
64.312400	-0.012207
64.312500	-0.010376
64.312600	-0.009613
64.312700	-0.010376
64.312800	-0.011444
64.312900	-0.007935
64.313000	-0.011749
64.313100	-0.014191
64.313200	-0.014343
64.313300	-0.009766
64.313400	-0.012817
64.313500	-0.013428
64.313600	-0.013123
64.313700	-0.011139
64.313800	-0.011597
64.313900	-0.009613
64.314000	-0.014954
64.314100	-0.014496
64.314200	-0.009613
64.314300	-0.011902
64.314400	-0.010071
64.314500	-0.005493
64.314600	-0.009918
64.314700	-0.004883
64.314800	-0.008392
64.314900	-0.007019
64.315000	-0.011902
64.315100	-0.012207
64.315200	-0.006409
64.315300	-0.010986
64.315400	-0.005951
64.315500	-0.009003
64.315600	-0.011292
64.315700	-0.014954
64.315800	-0.013885
64.315900	-0.005951
64.316000	-0.004578
64.316100	-0.007477
64.316200	-0.012817
64.316300	-0.011597
64.316400	-0.005798
64.316500	-0.005035
64.316600	-0.008087
64.316700	-0.012817
64.316800	-0.013123
64.316900	-0.011749
64.317000	-0.012360
64.317100	-0.017395
64.317200	-0.005035
64.317300	-0.009003
64.317400	-0.004272
64.317500	-0.007324
64.317600	-0.009766
64.317700	-0.008087
64.317800	-0.006714
64.317900	-0.010071
64.318000	-0.009613
64.318100	-0.006714
64.318200	-0.007477
64.318300	-0.009613
64.318400	-0.009460
64.318500	-0.005035
64.318600	-0.001526
64.318700	-0.000916
64.318800	-0.009155
64.318900	-0.011902
64.319000	-0.013275
64.319100	-0.007782
64.319200	-0.005798
64.319300	-0.007019
64.319400	-0.014648
64.319500	-0.008545
64.319600	-0.007629
64.319700	-0.006561
64.319800	-0.007935
64.319900	-0.003510
64.320000	-0.006409
64.320100	-0.008392
64.320200	-0.003815
64.320300	-0.006561
64.320400	-0.002594
64.320500	0.000763
64.320600	-0.001831
64.320700	0.000000
64.320800	0.001678
64.320900	0.000305
64.321000	0.001984
64.321100	0.003510
64.321200	0.004425
64.321300	0.000305
64.321400	0.009003
64.321500	0.005035
64.321600	0.009308
64.321700	0.007324
64.321800	0.005798
64.321900	0.005798
64.322000	0.003967
64.322100	0.005188
64.322200	0.009460
64.322300	0.011444
64.322400	0.007019
64.322500	0.009613
64.322600	0.004730
64.322700	0.006256
64.322800	0.009308
64.322900	0.009003
64.323000	0.010834
64.323100	0.008545
64.323200	0.003204
64.323300	0.003052
64.323400	0.009918
64.323500	0.009918
64.323600	0.006866
64.323700	0.006561
64.323800	0.002747
64.323900	0.004730
64.324000	0.005493
64.324100	0.003052
64.324200	0.005035
64.324300	0.002136
64.324400	0.006104
64.324500	0.006561
64.324600	0.003052
64.324700	0.004120
64.324800	0.003052
64.324900	0.004730
64.325000	0.005646
64.325100	-0.001068
64.325200	0.001068
64.325300	0.004578
64.325400	0.005493
64.325500	0.000458
64.325600	0.001221
64.325700	0.001068
64.325800	0.004425
64.325900	0.004883
64.326000	0.003510
64.326100	0.001068
64.326200	0.003662
64.326300	-0.000305
64.326400	0.005493
64.326500	0.000610
64.326600	0.000153
64.326700	0.003510
64.326800	0.000000
64.326900	0.000763
64.327000	-0.007019
64.327100	-0.001984
64.327200	-0.001678
64.327300	-0.002441
64.327400	-0.003510
64.327500	-0.004883
64.327600	-0.000458
64.327700	0.006866
64.327800	-0.000763
64.327900	-0.000916
64.328000	0.001526
64.328100	-0.002289
64.328200	-0.003815
64.328300	-0.002136
64.328400	0.000305
64.328500	0.002289
64.328600	-0.001526
64.328700	-0.003052
64.328800	-0.003510
64.328900	-0.007629
64.329000	-0.004578
64.329100	0.001221
64.329200	0.001526
64.329300	-0.000153
64.329400	0.000000
64.329500	0.003357
64.329600	-0.002747
64.329700	0.001984
64.329800	-0.004578
64.329900	-0.001068
64.330000	-0.002289
64.330100	-0.006561
64.330200	0.000610
64.330300	-0.002594
64.330400	-0.003815
64.330500	-0.003204
64.330600	0.000458
64.330700	-0.004730
64.330800	-0.004730
64.330900	-0.003204
64.331000	-0.008240
64.331100	-0.004883
64.331200	-0.005341
64.331300	-0.001984
64.331400	-0.005951
64.331500	0.003967
64.331600	-0.004120
64.331700	-0.005035
64.331800	0.000610
64.331900	-0.002441
64.332000	0.001678
64.332100	-0.002136
64.332200	0.000305
64.332300	0.003662
64.332400	0.000000
64.332500	0.001526
64.332600	-0.000305
64.332700	0.002899
64.332800	0.006256
64.332900	-0.000610
64.333000	0.004425
64.333100	0.008850
64.333200	0.008545
64.333300	0.003662
64.333400	0.005188
64.333500	0.004272
64.333600	0.004272
64.333700	-0.000153
64.333800	0.006409
64.333900	0.005188
64.334000	0.010376
64.334100	0.005646
64.334200	-0.001068
64.334300	0.002899
64.334400	-0.001221
64.334500	0.000916
64.334600	0.001526
64.334700	-0.003815
64.334800	-0.003967
64.334900	-0.000305
64.335000	-0.007629
64.335100	-0.001373
64.335200	-0.000305
64.335300	-0.001831
64.335400	-0.001984
64.335500	-0.004425
64.335600	-0.006866
64.335700	-0.002136
64.335800	-0.003357
64.335900	0.001831
64.336000	-0.005493
64.336100	-0.003510
64.336200	-0.001068
64.336300	-0.003662
64.336400	-0.000610
64.336500	0.000458
64.336600	-0.003815
64.336700	-0.003204
64.336800	-0.003510
64.336900	-0.000153
64.337000	-0.000458
64.337100	-0.004272
64.337200	-0.003662
64.337300	-0.002136
64.337400	-0.006409
64.337500	-0.004578
64.337600	-0.008087
64.337700	-0.001373
64.337800	-0.008545
64.337900	-0.008850
64.338000	-0.007629
64.338100	-0.003662
64.338200	-0.000305
64.338300	-0.009155
64.338400	-0.001221
64.338500	-0.005951
64.338600	-0.007172
64.338700	-0.009308
64.338800	-0.008087
64.338900	-0.009766
64.339000	-0.007324
64.339100	-0.004883
64.339200	-0.007324
64.339300	-0.009308
64.339400	-0.004272
64.339500	-0.004120
64.339600	-0.007935
64.339700	-0.012817
64.339800	-0.008087
64.339900	-0.006256
64.340000	-0.003357
64.340100	-0.004883
64.340200	-0.006561
64.340300	-0.007019
64.340400	-0.011749
64.340500	-0.006104
64.340600	-0.010529
64.340700	-0.007172
64.340800	-0.008087
64.340900	-0.009155
64.341000	-0.011597
64.341100	-0.009460
64.341200	-0.004883
64.341300	-0.008240
64.341400	-0.007782
64.341500	-0.010376
64.341600	-0.010071
64.341700	-0.007019
64.341800	-0.009918
64.341900	-0.011902
64.342000	-0.007324
64.342100	-0.008392
64.342200	-0.008545
64.342300	-0.010834
64.342400	-0.009613
64.342500	-0.009460
64.342600	-0.007782
64.342700	-0.007629
64.342800	-0.005341
64.342900	-0.012512
64.343000	-0.010223
64.343100	-0.008850
64.343200	-0.009460
64.343300	-0.011444
64.343400	-0.007324
64.343500	-0.004883
64.343600	-0.005798
64.343700	-0.010223
64.343800	-0.007782
64.343900	-0.007629
64.344000	-0.007172
64.344100	-0.010834
64.344200	-0.011902
64.344300	-0.006561
64.344400	-0.010529
64.344500	-0.012207
64.344600	-0.004883
64.344700	-0.008545
64.344800	-0.012054
64.344900	-0.006561
64.345000	-0.012360
64.345100	-0.002441
64.345200	-0.007019
64.345300	-0.003357
64.345400	-0.009613
64.345500	-0.007324
64.345600	-0.007477
64.345700	-0.006256
64.345800	-0.007782
64.345900	-0.007019
64.346000	-0.007782
64.346100	-0.005035
64.346200	-0.011749
64.346300	-0.005951
64.346400	-0.009460
64.346500	-0.012360
64.346600	-0.011139
64.346700	-0.010834
64.346800	-0.008240
64.346900	-0.010223
64.347000	-0.008087
64.347100	-0.009003
64.347200	-0.009766
64.347300	-0.012512
64.347400	-0.019226
64.347500	-0.017700
64.347600	-0.021973
64.347700	-0.021362
64.347800	-0.025177
64.347900	-0.024414
64.348000	-0.028534
64.348100	-0.029907
64.348200	-0.035706
64.348300	-0.033722
64.348400	-0.035706
64.348500	-0.031891
64.348600	-0.033569
64.348700	-0.036163
64.348800	-0.036621
64.348900	-0.034790
64.349000	-0.037384
64.349100	-0.037994
64.349200	-0.034943
64.349300	-0.040741
64.349400	-0.035858
64.349500	-0.038452
64.349600	-0.034637
64.349700	-0.034027
64.349800	-0.031128
64.349900	-0.032043
64.350000	-0.029602
64.350100	-0.028992
64.350200	-0.029907
64.350300	-0.030670
64.350400	-0.029297
64.350500	-0.025940
64.350600	-0.029602
64.350700	-0.031586
64.350800	-0.028229
64.350900	-0.027618
64.351000	-0.025330
64.351100	-0.024719
64.351200	-0.024567
64.351300	-0.028076
64.351400	-0.027466
64.351500	-0.025330
64.351600	-0.019531
64.351700	-0.025330
64.351800	-0.026855
64.351900	-0.021210
64.352000	-0.024109
64.352100	-0.021362
64.352200	-0.025635
64.352300	-0.027313
64.352400	-0.020752
64.352500	-0.020905
64.352600	-0.021057
64.352700	-0.019073
64.352800	-0.019073
64.352900	-0.015106
64.353000	-0.018616
64.353100	-0.023804
64.353200	-0.020905
64.353300	-0.017700
64.353400	-0.013275
64.353500	-0.013428
64.353600	-0.015717
64.353700	-0.015717
64.353800	-0.016479
64.353900	-0.008698
64.354000	-0.009155
64.354100	-0.010986
64.354200	-0.008240
64.354300	-0.005188
64.354400	-0.010376
64.354500	-0.009460
64.354600	-0.007935
64.354700	-0.012817
64.354800	-0.013275
64.354900	-0.008850
64.355000	-0.013885
64.355100	-0.012054
64.355200	-0.009613
64.355300	-0.016327
64.355400	-0.014038
64.355500	-0.014648
64.355600	-0.012817
64.355700	-0.009460
64.355800	-0.010834
64.355900	-0.007935
64.356000	-0.007629
64.356100	-0.012665
64.356200	-0.011139
64.356300	-0.012207
64.356400	-0.017090
64.356500	-0.010834
64.356600	-0.009918
64.356700	-0.009766
64.356800	-0.007782
64.356900	-0.009460
64.357000	-0.004120
64.357100	-0.002594
64.357200	-0.004272
64.357300	-0.007629
64.357400	-0.004272
64.357500	-0.002899
64.357600	-0.005341
64.357700	-0.005646
64.357800	-0.002747
64.357900	-0.007629
64.358000	-0.001678
64.358100	-0.003357
64.358200	-0.006104
64.358300	-0.005951
64.358400	-0.005646
