94.564100	0.117493
94.564200	0.115204
94.564300	0.108643
94.564400	0.108032
94.564500	0.101776
94.564600	0.099792
94.564700	0.098419
94.564800	0.094147
94.564900	0.087585
94.565000	0.082703
94.565100	0.079193
94.565200	0.077209
94.565300	0.080109
94.565400	0.072937
94.565500	0.076294
94.565600	0.078125
94.565700	0.084686
94.565800	0.095520
94.565900	0.120087
94.566000	0.146332
94.566100	0.193329
94.566200	0.270996
94.566300	0.367737
94.566400	0.490723
94.566500	0.650635
94.566600	0.842285
94.566700	1.051483
94.566800	1.277161
94.566900	1.491699
94.567000	1.667175
94.567100	1.789551
94.567200	1.858215
94.567300	1.878662
94.567400	1.855621
94.567500	1.801453
94.567600	1.715240
94.567700	1.598511
94.567800	1.441040
94.567900	1.241455
94.568000	0.997772
94.568100	0.700531
94.568200	0.375824
94.568300	0.019073
94.568400	-0.351410
94.568500	-0.700073
94.568600	-1.010742
94.568700	-1.250000
94.568800	-1.501923
94.568900	-1.668549
94.569000	-1.791382
94.569100	-1.874695
94.569200	-1.923981
94.569300	-1.953125
94.569400	-1.942139
94.569500	-1.901398
94.569600	-1.825104
94.569700	-1.718445
94.569800	-1.575623
94.569900	-1.399994
94.570000	-1.230316
94.570100	-0.985870
94.570200	-0.756989
94.570300	-0.546265
94.570400	-0.353699
94.570500	-0.197144
94.570600	-0.074005
94.570700	0.019226
94.570800	0.078430
94.570900	0.127106
94.571000	0.156708
94.571100	0.169678
94.571200	0.174408
94.571300	0.175323
94.571400	0.176544
94.571500	0.171509
94.571600	0.163116
94.571700	0.160370
94.571800	0.165710
94.571900	0.165253
94.572000	0.167694
94.572100	0.167999
94.572200	0.172882
94.572300	0.179596
94.572400	0.205688
94.572500	0.248260
94.572600	0.305481
94.572700	0.371552
94.572800	0.444031
94.572900	0.534058
94.573000	0.650024
94.573100	0.800934
94.573200	0.954590
94.573300	1.135406
94.573400	1.282043
94.573500	1.383057
94.573600	1.420746
94.573700	1.416473
94.573800	1.386261
94.573900	1.359863
94.574000	1.342773
94.574100	1.330414
94.574200	1.303864
94.574300	1.268158
94.574400	1.184387
94.574500	1.036682
94.574600	0.832214
94.574700	0.590668
94.574800	0.333710
94.574900	0.088501
94.575000	-0.151825
94.575100	-0.402222
94.575200	-0.635376
94.575300	-0.861664
94.575400	-1.080170
94.575500	-1.167450
94.575600	-1.385956
94.575700	-1.445923
94.575800	-1.455383
94.575900	-1.428833
94.576000	-1.390839
94.576100	-1.357269
94.576200	-1.315918
94.576300	-1.291962
94.576400	-1.258392
94.576500	-1.217041
94.576600	-1.138153
94.576700	-0.974121
94.576800	-0.798340
94.576900	-0.619812
94.577000	-0.446320
94.577100	-0.310364
94.577200	-0.195618
94.577300	-0.097198
94.577400	-0.018311
94.577500	0.041809
94.577600	0.096741
94.577700	0.124207
94.577800	0.141144
94.577900	0.143890
94.578000	0.149384
94.578100	0.146790
94.578200	0.155945
94.578300	0.150146
94.578400	0.155182
94.578500	0.148926
94.578600	0.146790
94.578700	0.145111
94.578800	0.148621
94.578900	0.149841
94.579000	0.152893
94.579100	0.154724
94.579200	0.158081
94.579300	0.167236
94.579400	0.185547
94.579500	0.211945
94.579600	0.250092
94.579700	0.303497
94.579800	0.380249
94.579900	0.472107
94.580000	0.579529
94.580100	0.710449
94.580200	0.853271
94.580300	0.994873
94.580400	1.110382
94.580500	1.192627
94.580600	1.239014
94.580700	1.239777
94.580800	1.215210
94.580900	1.173553
94.581000	1.115875
94.581100	1.044464
94.581200	0.965729
94.581300	0.862274
94.581400	0.747986
94.581500	0.608215
94.581600	0.455933
94.581700	0.291290
94.581800	0.112762
94.581900	-0.070648
94.582000	-0.255280
94.582100	-0.426941
94.582200	-0.581207
94.582300	-0.709534
94.582400	-0.821228
94.582500	-0.912628
94.582600	-0.984955
94.582700	-1.044769
94.582800	-1.080627
94.582900	-1.103821
94.583000	-1.116943
94.583100	-1.111298
94.583200	-1.071777
94.583300	-1.001129
94.583400	-0.900574
94.583500	-0.763245
94.583600	-0.610046
94.583700	-0.462799
94.583800	-0.329590
94.583900	-0.214844
94.584000	-0.119476
94.584100	-0.039978
94.584200	0.011749
94.584300	0.058441
94.584400	0.090637
94.584500	0.102539
94.584600	0.122223
94.584700	0.127869
94.584800	0.119934
94.584900	0.115509
94.585000	0.117340
94.585100	0.122681
94.585200	0.121307
94.585300	0.116882
94.585400	0.116272
94.585500	0.110931
94.585600	0.112457
94.585700	0.107269
94.585800	0.117493
94.585900	0.115051
94.586000	0.112000
94.586100	0.120544
94.586200	0.121002
94.586300	0.122986
94.586400	0.128174
94.586500	0.132599
94.586600	0.131531
94.586700	0.142059
94.586800	0.137024
94.586900	0.145416
94.587000	0.141907
94.587100	0.150909
94.587200	0.157471
94.587300	0.152740
94.587400	0.155487
94.587500	0.153503
94.587600	0.162659
94.587700	0.155945
94.587800	0.164795
94.587900	0.163574
94.588000	0.171204
94.588100	0.168457
94.588200	0.170593
94.588300	0.178375
94.588400	0.173798
94.588500	0.166168
94.588600	0.167084
94.588700	0.167847
94.588800	0.167999
94.588900	0.171967
94.589000	0.173340
94.589100	0.185852
94.589200	0.202332
94.589300	0.207672
94.589400	0.225830
94.589500	0.228424
94.589600	0.229645
94.589700	0.227203
94.589800	0.225983
94.589900	0.230408
94.590000	0.220490
94.590100	0.204468
94.590200	0.186920
94.590300	0.165863
94.590400	0.134735
94.590500	0.102997
94.590600	0.071869
94.590700	0.042267
94.590800	0.016022
94.590900	-0.014801
94.591000	-0.036011
94.591100	-0.046844
94.591200	-0.052948
94.591300	-0.052490
94.591400	-0.043945
94.591500	-0.036926
94.591600	-0.036469
94.591700	-0.028534
94.591800	-0.023193
94.591900	-0.011292
94.592000	-0.002289
94.592100	0.011749
94.592200	0.035095
94.592300	0.067902
94.592400	0.097656
94.592500	0.142975
94.592600	0.200500
94.592700	0.250702
94.592800	0.312195
94.592900	0.364532
94.593000	0.422974
94.593100	0.481262
94.593200	0.525513
94.593300	0.571442
94.593400	0.601044
94.593500	0.619507
94.593600	0.630951
94.593700	0.617065
94.593800	0.600739
94.593900	0.565643
94.594000	0.528870
94.594100	0.477142
94.594200	0.431366
94.594300	0.380096
94.594400	0.313110
94.594500	0.241089
94.594600	0.165253
94.594700	0.072784
94.594800	-0.025635
94.594900	-0.132751
94.595000	-0.234985
94.595100	-0.328369
94.595200	-0.417938
94.595300	-0.491791
94.595400	-0.554810
94.595500	-0.600739
94.595600	-0.642242
94.595700	-0.649872
94.595800	-0.649719
94.595900	-0.633850
94.596000	-0.606079
94.596100	-0.564728
94.596200	-0.513153
94.596300	-0.455627
94.596400	-0.404510
94.596500	-0.342560
94.596600	-0.282898
94.596700	-0.216064
94.596800	-0.153503
94.596900	-0.092468
94.597000	-0.055847
94.597100	-0.010223
94.597200	0.024261
94.597300	0.046997
94.597400	0.058899
94.597500	0.069427
94.597600	0.080566
94.597700	0.082245
94.597800	0.080414
94.597900	0.070343
94.598000	0.070190
94.598100	0.070801
94.598200	0.067902
94.598300	0.063629
94.598400	0.060120
94.598500	0.058899
94.598600	0.058746
94.598700	0.059814
94.598800	0.057373
94.598900	0.053253
94.599000	0.050507
94.599100	0.051575
94.599200	0.055695
94.599300	0.053101
94.599400	0.052490
94.599500	0.052032
94.599600	0.047913
94.599700	0.047913
94.599800	0.049286
94.599900	0.049286
94.600000	0.049591
94.600100	0.051270
94.600200	0.056152
94.600300	0.052032
94.600400	0.050659
94.600500	0.050964
94.600600	0.050812
94.600700	0.054932
94.600800	0.054474
94.600900	0.050354
94.601000	0.054016
94.601100	0.062866
94.601200	0.059204
94.601300	0.065308
94.601400	0.065918
94.601500	0.059052
94.601600	0.067749
94.601700	0.066833
94.601800	0.077667
94.601900	0.072327
94.602000	0.078583
94.602100	0.069885
94.602200	0.069580
94.602300	0.075684
94.602400	0.074005
94.602500	0.074921
94.602600	0.079651
94.602700	0.079651
94.602800	0.079346
94.602900	0.082855
94.603000	0.079651
94.603100	0.082855
94.603200	0.085297
94.603300	0.075836
94.603400	0.079193
94.603500	0.079041
94.603600	0.088654
94.603700	0.079956
94.603800	0.080109
94.603900	0.072937
94.604000	0.071106
94.604100	0.071716
94.604200	0.071716
94.604300	0.070953
94.604400	0.066833
94.604500	0.079346
94.604600	0.081024
94.604700	0.083618
94.604800	0.081635
94.604900	0.079651
94.605000	0.077209
94.605100	0.076904
94.605200	0.081177
94.605300	0.073700
94.605400	0.074158
94.605500	0.072327
94.605600	0.073242
94.605700	0.066681
94.605800	0.075226
94.605900	0.081024
94.606000	0.081635
94.606100	0.081635
94.606200	0.080719
94.606300	0.087128
94.606400	0.084076
94.606500	0.085602
94.606600	0.089417
94.606700	0.089874
94.606800	0.092926
94.606900	0.101318
94.607000	0.104370
94.607100	0.104980
94.607200	0.108795
94.607300	0.108032
94.607400	0.113678
94.607500	0.112457
94.607600	0.109558
94.607700	0.097351
94.607800	0.091400
94.607900	0.082855
94.608000	0.071716
94.608100	0.066681
94.608200	0.060272
94.608300	0.054321
94.608400	0.050354
94.608500	0.044861
94.608600	0.042572
94.608700	0.040131
94.608800	0.049133
94.608900	0.048828
94.609000	0.049591
94.609100	0.049438
94.609200	0.046997
94.609300	0.050964
94.609400	0.049744
94.609500	0.053558
94.609600	0.064850
94.609700	0.068359
94.609800	0.071106
94.609900	0.081177
94.610000	0.082703
94.610100	0.093994
94.610200	0.097046
94.610300	0.094299
94.610400	0.096283
94.610500	0.097504
94.610600	0.099640
94.610700	0.104065
94.610800	0.108185
94.610900	0.110321
94.611000	0.108490
94.611100	0.107727
94.611200	0.113068
94.611300	0.106354
94.611400	0.105286
94.611500	0.107880
94.611600	0.100403
94.611700	0.103149
94.611800	0.104675
94.611900	0.101624
94.612000	0.095215
94.612100	0.096436
94.612200	0.092010
94.612300	0.083466
94.612400	0.081787
94.612500	0.075684
94.612600	0.074005
94.612700	0.067444
94.612800	0.059509
94.612900	0.053101
94.613000	0.042725
94.613100	0.036621
94.613200	0.028992
94.613300	0.029602
94.613400	0.018311
94.613500	0.025177
94.613600	0.019379
94.613700	0.014954
94.613800	0.014801
94.613900	0.016174
94.614000	0.013428
94.614100	0.018921
94.614200	0.013275
94.614300	0.020752
94.614400	0.024719
94.614500	0.028687
94.614600	0.028992
94.614700	0.035248
94.614800	0.036316
94.614900	0.041962
94.615000	0.039368
94.615100	0.046539
94.615200	0.044250
94.615300	0.041504
94.615400	0.037079
94.615500	0.037842
94.615600	0.037994
94.615700	0.033112
94.615800	0.035095
94.615900	0.035248
94.616000	0.033875
94.616100	0.037384
94.616200	0.037079
94.616300	0.035095
94.616400	0.032501
94.616500	0.030975
94.616600	0.045166
94.616700	0.047150
94.616800	0.034027
94.616900	0.036469
94.617000	0.033264
94.617100	0.026245
94.617200	0.029297
94.617300	0.026855
94.617400	0.033112
94.617500	0.034485
94.617600	0.032806
