550.141700	0.060730
550.141800	0.057831
550.141900	0.058289
550.142000	0.057526
550.142100	0.063171
550.142200	0.058289
550.142300	0.050507
550.142400	0.058746
550.142500	0.061493
550.142600	0.052032
550.142700	0.055542
550.142800	0.054321
550.142900	0.048676
550.143000	0.047150
550.143100	0.050659
550.143200	0.060883
550.143300	0.057983
550.143400	0.066986
550.143500	0.063324
550.143600	0.057373
550.143700	0.057983
550.143800	0.056152
550.143900	0.057983
550.144000	0.058594
550.144100	0.058289
550.144200	0.053558
550.144300	0.059357
550.144400	0.057678
550.144500	0.057068
550.144600	0.063324
550.144700	0.061798
550.144800	0.057678
550.144900	0.052643
550.145000	0.056915
550.145100	0.055389
550.145200	0.051117
550.145300	0.058289
550.145400	0.064087
550.145500	0.064850
550.145600	0.056152
550.145700	0.055847
550.145800	0.052948
550.145900	0.052338
550.146000	0.054169
550.146100	0.050812
550.146200	0.053253
550.146300	0.055084
550.146400	0.055389
550.146500	0.053711
550.146600	0.056763
550.146700	0.052643
550.146800	0.048370
550.146900	0.052795
550.147000	0.045319
550.147100	0.049744
550.147200	0.055695
550.147300	0.047913
550.147400	0.056458
550.147500	0.050049
550.147600	0.055389
550.147700	0.047302
550.147800	0.048523
550.147900	0.052795
550.148000	0.050507
550.148100	0.055389
550.148200	0.056763
550.148300	0.053558
550.148400	0.050507
550.148500	0.054626
550.148600	0.054779
550.148700	0.053558
550.148800	0.055542
550.148900	0.053864
550.149000	0.050201
550.149100	0.048218
550.149200	0.050201
550.149300	0.048981
550.149400	0.051880
550.149500	0.053101
550.149600	0.054626
550.149700	0.053101
550.149800	0.048065
550.149900	0.063324
550.150000	0.068359
550.150100	0.066223
550.150200	0.072021
550.150300	0.068817
550.150400	0.070648
550.150500	0.074005
550.150600	0.069580
550.150700	0.072479
550.150800	0.069427
550.150900	0.070648
550.151000	0.065308
550.151100	0.068817
550.151200	0.069122
550.151300	0.066986
550.151400	0.065155
550.151500	0.061340
550.151600	0.066223
550.151700	0.066376
550.151800	0.067902
550.151900	0.067291
550.152000	0.064697
550.152100	0.066528
550.152200	0.068054
550.152300	0.067749
550.152400	0.056915
550.152500	0.056610
550.152600	0.060425
550.152700	0.077209
550.152800	0.082092
550.152900	0.082703
550.153000	0.084839
550.153100	0.082855
550.153200	0.077057
550.153300	0.075836
550.153400	0.075836
550.153500	0.073242
550.153600	0.077515
550.153700	0.077667
550.153800	0.073853
550.153900	0.076294
550.154000	0.085449
550.154100	0.079651
550.154200	0.079193
550.154300	0.077820
550.154400	0.070801
550.154500	0.075378
550.154600	0.076294
550.154700	0.070801
550.154800	0.072479
550.154900	0.075073
550.155000	0.071716
550.155100	0.068359
550.155200	0.060730
550.155300	0.068359
550.155400	0.070496
550.155500	0.071259
550.155600	0.085754
550.155700	0.084839
550.155800	0.083313
550.155900	0.081482
550.156000	0.081024
550.156100	0.082397
550.156200	0.079498
550.156300	0.078888
550.156400	0.077057
550.156500	0.076904
550.156600	0.075836
550.156700	0.079041
550.156800	0.081482
550.156900	0.083313
550.157000	0.083313
550.157100	0.074310
550.157200	0.074921
550.157300	0.081482
550.157400	0.073395
550.157500	0.079803
550.157600	0.077667
550.157700	0.071259
550.157800	0.075989
550.157900	0.072174
550.158000	0.074005
550.158100	0.067444
550.158200	0.066833
550.158300	0.066376
550.158400	0.068970
550.158500	0.070953
550.158600	0.071411
550.158700	0.081024
550.158800	0.071564
550.158900	0.069122
550.159000	0.073853
550.159100	0.074463
550.159200	0.071411
550.159300	0.068359
550.159400	0.071716
550.159500	0.074158
550.159600	0.073700
550.159700	0.066986
550.159800	0.075989
550.159900	0.070648
550.160000	0.067902
550.160100	0.068512
550.160200	0.063324
550.160300	0.066376
550.160400	0.063629
550.160500	0.062256
550.160600	0.066681
550.160700	0.066071
550.160800	0.062408
550.160900	0.057983
550.161000	0.054626
550.161100	0.060120
550.161200	0.059662
550.161300	0.049896
550.161400	0.056152
550.161500	0.058441
550.161600	0.056610
550.161700	0.062714
550.161800	0.057983
550.161900	0.057373
550.162000	0.057068
550.162100	0.054779
550.162200	0.053864
550.162300	0.065460
550.162400	0.060272
550.162500	0.062103
550.162600	0.056763
550.162700	0.061188
550.162800	0.056458
550.162900	0.059814
550.163000	0.057983
550.163100	0.054932
550.163200	0.062256
550.163300	0.060730
550.163400	0.050812
550.163500	0.055084
550.163600	0.057068
550.163700	0.052032
550.163800	0.043640
550.163900	0.048218
550.164000	0.041809
550.164100	0.040741
550.164200	0.049744
550.164300	0.047150
550.164400	0.051575
550.164500	0.050201
550.164600	0.044861
550.164700	0.044708
550.164800	0.050507
550.164900	0.061646
550.165000	0.050964
550.165100	0.066681
550.165200	0.067444
550.165300	0.054169
550.165400	0.061035
550.165500	0.063324
550.165600	0.057983
550.165700	0.064087
550.165800	0.057678
550.165900	0.052643
550.166000	0.057526
550.166100	0.058899
550.166200	0.054779
550.166300	0.056152
550.166400	0.058441
550.166500	0.061646
550.166600	0.062561
550.166700	0.058899
550.166800	0.062103
550.166900	0.053101
550.167000	0.055237
550.167100	0.049286
550.167200	0.061035
550.167300	0.060577
550.167400	0.059052
550.167500	0.055847
550.167600	0.066528
550.167700	0.069427
550.167800	0.071259
550.167900	0.065460
550.168000	0.066681
550.168100	0.063477
550.168200	0.072784
550.168300	0.073547
550.168400	0.065918
550.168500	0.072632
550.168600	0.068665
550.168700	0.068970
550.168800	0.061340
550.168900	0.062256
550.169000	0.061798
550.169100	0.064850
550.169200	0.067902
550.169300	0.066833
550.169400	0.063171
550.169500	0.061493
550.169600	0.063629
550.169700	0.059357
550.169800	0.054474
550.169900	0.050812
550.170000	0.057526
550.170100	0.058441
550.170200	0.057068
550.170300	0.051880
550.170400	0.050964
550.170500	0.061340
550.170600	0.063171
550.170700	0.056915
550.170800	0.053558
550.170900	0.056152
550.171000	0.056763
550.171100	0.054932
550.171200	0.061493
550.171300	0.059204
550.171400	0.064087
550.171500	0.055084
550.171600	0.057220
550.171700	0.061798
550.171800	0.052948
550.171900	0.054169
550.172000	0.062408
550.172100	0.056763
550.172200	0.051270
550.172300	0.051727
550.172400	0.053864
550.172500	0.054016
550.172600	0.047760
550.172700	0.052948
550.172800	0.050964
550.172900	0.051117
550.173000	0.049896
550.173100	0.056763
550.173200	0.059509
550.173300	0.059357
550.173400	0.066833
550.173500	0.065308
550.173600	0.063477
550.173700	0.069275
550.173800	0.071716
550.173900	0.065308
550.174000	0.063019
550.174100	0.067291
550.174200	0.064087
550.174300	0.065002
550.174400	0.070038
550.174500	0.062866
550.174600	0.069122
550.174700	0.061340
550.174800	0.063934
550.174900	0.060883
550.175000	0.058289
550.175100	0.056458
550.175200	0.056458
550.175300	0.049744
550.175400	0.056305
550.175500	0.054626
550.175600	0.060425
550.175700	0.054474
550.175800	0.056915
550.175900	0.059357
550.176000	0.060425
550.176100	0.055695
550.176200	0.060425
550.176300	0.058441
550.176400	0.057831
550.176500	0.061951
550.176600	0.055389
550.176700	0.059204
550.176800	0.052490
550.176900	0.056305
550.177000	0.058899
550.177100	0.057526
550.177200	0.058289
550.177300	0.064697
550.177400	0.066681
550.177500	0.058289
550.177600	0.058594
550.177700	0.065918
550.177800	0.059509
550.177900	0.058441
550.178000	0.055847
550.178100	0.059204
550.178200	0.061340
550.178300	0.053558
550.178400	0.060577
550.178500	0.051727
550.178600	0.059814
550.178700	0.056305
550.178800	0.057220
550.178900	0.072632
550.179000	0.061188
550.179100	0.058441
550.179200	0.054474
550.179300	0.055847
550.179400	0.060883
550.179500	0.059509
550.179600	0.062561
550.179700	0.063477
550.179800	0.063477
550.179900	0.064697
550.180000	0.072479
550.180100	0.072479
550.180200	0.067291
550.180300	0.066986
550.180400	0.069885
550.180500	0.064240
550.180600	0.061493
550.180700	0.066833
550.180800	0.073242
550.180900	0.072327
550.181000	0.076752
550.181100	0.069885
550.181200	0.071106
550.181300	0.065613
550.181400	0.057831
550.181500	0.061493
550.181600	0.065613
550.181700	0.061646
550.181800	0.061646
550.181900	0.064240
550.182000	0.067749
550.182100	0.066223
550.182200	0.060425
550.182300	0.057373
550.182400	0.060120
550.182500	0.057526
550.182600	0.061493
550.182700	0.062866
550.182800	0.059662
550.182900	0.063477
550.183000	0.065460
550.183100	0.072479
550.183200	0.068054
550.183300	0.067139
550.183400	0.061035
550.183500	0.059814
550.183600	0.055389
550.183700	0.056915
550.183800	0.056305
550.183900	0.056152
550.184000	0.053253
550.184100	0.056152
550.184200	0.060883
550.184300	0.057220
550.184400	0.061035
550.184500	0.062866
550.184600	0.057373
550.184700	0.056610
550.184800	0.066223
550.184900	0.061493
550.185000	0.052948
550.185100	0.062714
550.185200	0.061646
550.185300	0.065613
550.185400	0.074158
550.185500	0.072021
550.185600	0.076752
550.185700	0.074768
550.185800	0.076599
550.185900	0.071716
550.186000	0.075073
550.186100	0.072479
550.186200	0.070496
550.186300	0.071716
550.186400	0.074921
550.186500	0.074005
550.186600	0.072327
550.186700	0.072632
550.186800	0.070953
550.186900	0.074310
550.187000	0.072632
550.187100	0.070038
550.187200	0.072479
550.187300	0.069580
550.187400	0.077362
550.187500	0.069122
550.187600	0.072327
550.187700	0.071411
550.187800	0.071869
550.187900	0.072174
550.188000	0.076904
550.188100	0.075378
550.188200	0.082550
550.188300	0.083160
550.188400	0.078735
550.188500	0.075684
550.188600	0.083466
550.188700	0.080109
550.188800	0.078735
550.188900	0.076599
550.189000	0.080566
550.189100	0.091705
550.189200	0.086365
550.189300	0.085144
550.189400	0.087891
550.189500	0.080566
550.189600	0.081635
550.189700	0.079651
550.189800	0.087585
550.189900	0.079651
550.190000	0.085907
550.190100	0.085144
550.190200	0.076599
550.190300	0.079498
550.190400	0.078430
550.190500	0.084229
550.190600	0.083618
550.190700	0.081482
550.190800	0.076904
550.190900	0.070953
550.191000	0.073700
550.191100	0.077362
550.191200	0.074921
550.191300	0.075684
550.191400	0.079956
550.191500	0.077820
550.191600	0.074768
550.191700	0.080414
550.191800	0.079346
550.191900	0.072784
550.192000	0.077820
550.192100	0.081787
550.192200	0.084076
550.192300	0.083008
550.192400	0.073395
550.192500	0.082550
550.192600	0.089722
550.192700	0.078278
550.192800	0.075226
550.192900	0.076447
550.193000	0.081177
550.193100	0.083008
550.193200	0.083466
550.193300	0.083771
550.193400	0.077057
550.193500	0.072479
550.193600	0.078430
550.193700	0.074768
550.193800	0.074158
550.193900	0.072632
550.194000	0.076904
550.194100	0.072021
550.194200	0.068207
550.194300	0.076752
550.194400	0.071106
550.194500	0.077057
550.194600	0.072479
550.194700	0.075378
550.194800	0.073090
550.194900	0.080566
550.195000	0.075226
550.195100	0.074921
550.195200	0.074158
