586.852100	0.030518
586.852200	0.028229
586.852300	0.026398
586.852400	0.023346
586.852500	0.024261
586.852600	0.028992
586.852700	0.029144
586.852800	0.027008
586.852900	0.027466
586.853000	0.025024
586.853100	0.025482
586.853200	0.031281
586.853300	0.030212
586.853400	0.032959
586.853500	0.029602
586.853600	0.028992
586.853700	0.032349
586.853800	0.035095
586.853900	0.034027
586.854000	0.025635
586.854100	0.034027
586.854200	0.031433
586.854300	0.028381
586.854400	0.027313
586.854500	0.034943
586.854600	0.025635
586.854700	0.027618
586.854800	0.028992
586.854900	0.028687
586.855000	0.027924
586.855100	0.030212
586.855200	0.024719
586.855300	0.024414
586.855400	0.029907
586.855500	0.024872
586.855600	0.029449
586.855700	0.030365
586.855800	0.026398
586.855900	0.024414
586.856000	0.025635
586.856100	0.025787
586.856200	0.027466
586.856300	0.024261
586.856400	0.030823
586.856500	0.025024
586.856600	0.026398
586.856700	0.034485
586.856800	0.024414
586.856900	0.026093
586.857000	0.027161
586.857100	0.035400
586.857200	0.030823
586.857300	0.026550
586.857400	0.022736
586.857500	0.024414
586.857600	0.032196
586.857700	0.030365
586.857800	0.032043
586.857900	0.025787
586.858000	0.031433
586.858100	0.028381
586.858200	0.030670
586.858300	0.027161
586.858400	0.025024
586.858500	0.026855
586.858600	0.028839
586.858700	0.027313
586.858800	0.026245
586.858900	0.025635
586.859000	0.027924
586.859100	0.027466
586.859200	0.032043
586.859300	0.028687
586.859400	0.030365
586.859500	0.032043
586.859600	0.029602
586.859700	0.031586
586.859800	0.030670
586.859900	0.028229
586.860000	0.030670
586.860100	0.029755
586.860200	0.027313
586.860300	0.019379
586.860400	0.023651
586.860500	0.025940
586.860600	0.029755
586.860700	0.028076
586.860800	0.022736
586.860900	0.024872
586.861000	0.022430
586.861100	0.024567
586.861200	0.028229
586.861300	0.022583
586.861400	0.026703
586.861500	0.029907
586.861600	0.030212
586.861700	0.029602
586.861800	0.024719
586.861900	0.027008
586.862000	0.024109
586.862100	0.031738
586.862200	0.025787
586.862300	0.031738
586.862400	0.031738
586.862500	0.030670
586.862600	0.024261
586.862700	0.027161
586.862800	0.027161
586.862900	0.024872
586.863000	0.027618
586.863100	0.031128
586.863200	0.028992
586.863300	0.026093
586.863400	0.028687
586.863500	0.026093
586.863600	0.031738
586.863700	0.030823
586.863800	0.026550
586.863900	0.023651
586.864000	0.026093
586.864100	0.027466
586.864200	0.026550
586.864300	0.025635
586.864400	0.025940
586.864500	0.026398
586.864600	0.026703
586.864700	0.027771
586.864800	0.030975
586.864900	0.028839
586.865000	0.024872
586.865100	0.024872
586.865200	0.029907
586.865300	0.028687
586.865400	0.027466
586.865500	0.027008
586.865600	0.027313
586.865700	0.021362
586.865800	0.025482
586.865900	0.025635
586.866000	0.028381
586.866100	0.025177
586.866200	0.026245
586.866300	0.029144
586.866400	0.027161
586.866500	0.027161
586.866600	0.028992
586.866700	0.026855
586.866800	0.029602
586.866900	0.025635
586.867000	0.029755
586.867100	0.029755
586.867200	0.025940
586.867300	0.021362
586.867400	0.028076
586.867500	0.024719
586.867600	0.025330
586.867700	0.024872
586.867800	0.025482
586.867900	0.024261
586.868000	0.029755
586.868100	0.028992
586.868200	0.032501
586.868300	0.029449
586.868400	0.032349
586.868500	0.032501
586.868600	0.029602
586.868700	0.030518
586.868800	0.023956
586.868900	0.027008
586.869000	0.029449
586.869100	0.032654
586.869200	0.032654
586.869300	0.029907
586.869400	0.032043
586.869500	0.027771
586.869600	0.027466
586.869700	0.026855
586.869800	0.024567
586.869900	0.024261
586.870000	0.024872
586.870100	0.029602
586.870200	0.027771
586.870300	0.026703
586.870400	0.029907
586.870500	0.026245
586.870600	0.032043
586.870700	0.027466
586.870800	0.027618
586.870900	0.027466
586.871000	0.025177
586.871100	0.024109
586.871200	0.028076
586.871300	0.026550
586.871400	0.028381
586.871500	0.028839
586.871600	0.027466
586.871700	0.026398
586.871800	0.029297
586.871900	0.028534
586.872000	0.029602
586.872100	0.027008
586.872200	0.029449
586.872300	0.027771
586.872400	0.031586
586.872500	0.029907
586.872600	0.026855
586.872700	0.032043
586.872800	0.027008
586.872900	0.024719
586.873000	0.030060
586.873100	0.026550
586.873200	0.029144
586.873300	0.029907
586.873400	0.028687
586.873500	0.032349
586.873600	0.031738
586.873700	0.030823
586.873800	0.025635
586.873900	0.028687
586.874000	0.034027
586.874100	0.025940
586.874200	0.029602
586.874300	0.030212
586.874400	0.024719
586.874500	0.022888
586.874600	0.023193
586.874700	0.023193
586.874800	0.029907
586.874900	0.031433
586.875000	0.028229
586.875100	0.026245
586.875200	0.025024
586.875300	0.027466
586.875400	0.032196
586.875500	0.028687
586.875600	0.031586
586.875700	0.030518
586.875800	0.029602
586.875900	0.033875
586.876000	0.035706
586.876100	0.031586
586.876200	0.030518
586.876300	0.029602
586.876400	0.028992
586.876500	0.032349
586.876600	0.031738
586.876700	0.027618
586.876800	0.026855
586.876900	0.031738
586.877000	0.032501
586.877100	0.030823
586.877200	0.028076
586.877300	0.026550
586.877400	0.023804
586.877500	0.027466
586.877600	0.025940
586.877700	0.027466
586.877800	0.032196
586.877900	0.024414
586.878000	0.026245
586.878100	0.032806
586.878200	0.026550
586.878300	0.026093
586.878400	0.029297
586.878500	0.027008
586.878600	0.027161
586.878700	0.024719
586.878800	0.027466
586.878900	0.023804
586.879000	0.025330
586.879100	0.025940
586.879200	0.027924
586.879300	0.021973
586.879400	0.022736
586.879500	0.030212
586.879600	0.027618
586.879700	0.028839
586.879800	0.030518
586.879900	0.026398
586.880000	0.024109
586.880100	0.027313
586.880200	0.028687
586.880300	0.028381
586.880400	0.027771
586.880500	0.025177
586.880600	0.028534
586.880700	0.025024
586.880800	0.027618
586.880900	0.026855
586.881000	0.022583
586.881100	0.026550
586.881200	0.028839
586.881300	0.029755
586.881400	0.027008
586.881500	0.022736
586.881600	0.029297
586.881700	0.026550
586.881800	0.023956
586.881900	0.026245
586.882000	0.028076
586.882100	0.026855
586.882200	0.021210
586.882300	0.018158
586.882400	0.020294
586.882500	0.025940
586.882600	0.026855
586.882700	0.027161
586.882800	0.022736
586.882900	0.027924
586.883000	0.030975
586.883100	0.026855
586.883200	0.028687
586.883300	0.029449
586.883400	0.028534
586.883500	0.025787
586.883600	0.025787
586.883700	0.023193
586.883800	0.023193
586.883900	0.026855
586.884000	0.025177
586.884100	0.025177
586.884200	0.027618
586.884300	0.024872
586.884400	0.024261
586.884500	0.023041
586.884600	0.021362
586.884700	0.023956
586.884800	0.028534
586.884900	0.026550
586.885000	0.029144
586.885100	0.022888
586.885200	0.025940
586.885300	0.027313
586.885400	0.024414
586.885500	0.031738
586.885600	0.027313
586.885700	0.022430
586.885800	0.026855
586.885900	0.023651
586.886000	0.025177
586.886100	0.025787
586.886200	0.024567
586.886300	0.028381
586.886400	0.026855
586.886500	0.029907
586.886600	0.028381
586.886700	0.024414
586.886800	0.022583
586.886900	0.031128
586.887000	0.030670
586.887100	0.033112
586.887200	0.023651
586.887300	0.025330
586.887400	0.026855
586.887500	0.025330
586.887600	0.027924
586.887700	0.029297
586.887800	0.030670
586.887900	0.027466
586.888000	0.029297
586.888100	0.026855
586.888200	0.026398
586.888300	0.024109
586.888400	0.027008
586.888500	0.028687
586.888600	0.027008
586.888700	0.021057
586.888800	0.026093
586.888900	0.028534
586.889000	0.025787
586.889100	0.029449
586.889200	0.030365
586.889300	0.022278
586.889400	0.024414
586.889500	0.025635
586.889600	0.027771
586.889700	0.027924
586.889800	0.028992
586.889900	0.027008
586.890000	0.025024
586.890100	0.021057
586.890200	0.027771
586.890300	0.023193
586.890400	0.027466
586.890500	0.026245
586.890600	0.027466
586.890700	0.030212
586.890800	0.024414
586.890900	0.023804
586.891000	0.018463
586.891100	0.026855
586.891200	0.031433
586.891300	0.030060
586.891400	0.030823
586.891500	0.024719
586.891600	0.027924
586.891700	0.027924
586.891800	0.025635
586.891900	0.027618
586.892000	0.021973
586.892100	0.024109
586.892200	0.024567
586.892300	0.025635
586.892400	0.031891
586.892500	0.032959
586.892600	0.028381
586.892700	0.031738
586.892800	0.030975
586.892900	0.029144
586.893000	0.027771
586.893100	0.026703
586.893200	0.025940
586.893300	0.028687
586.893400	0.024872
586.893500	0.027008
586.893600	0.026550
586.893700	0.021667
586.893800	0.029755
586.893900	0.024719
586.894000	0.025787
586.894100	0.024414
586.894200	0.026245
586.894300	0.022888
586.894400	0.028839
586.894500	0.028229
586.894600	0.029755
586.894700	0.030975
586.894800	0.029602
586.894900	0.032501
586.895000	0.032654
586.895100	0.030975
586.895200	0.029755
586.895300	0.030365
586.895400	0.031128
586.895500	0.024109
586.895600	0.025330
586.895700	0.029449
586.895800	0.026550
586.895900	0.025330
586.896000	0.027161
586.896100	0.027924
586.896200	0.028229
586.896300	0.026855
586.896400	0.028381
586.896500	0.026245
586.896600	0.029602
586.896700	0.025482
586.896800	0.027466
586.896900	0.027161
586.897000	0.027924
586.897100	0.026093
586.897200	0.026398
586.897300	0.026093
586.897400	0.028534
586.897500	0.031281
586.897600	0.031281
586.897700	0.030670
586.897800	0.029755
586.897900	0.028381
586.898000	0.031433
586.898100	0.028992
586.898200	0.030823
586.898300	0.027771
586.898400	0.033417
586.898500	0.028381
586.898600	0.031586
586.898700	0.028839
586.898800	0.024414
586.898900	0.025177
586.899000	0.027771
586.899100	0.028839
586.899200	0.027618
586.899300	0.028381
586.899400	0.026093
586.899500	0.029907
586.899600	0.028229
586.899700	0.027466
586.899800	0.030060
586.899900	0.027466
586.900000	0.027466
586.900100	0.030518
586.900200	0.029602
586.900300	0.029144
586.900400	0.026550
586.900500	0.029144
586.900600	0.029297
586.900700	0.025482
586.900800	0.026550
586.900900	0.030212
586.901000	0.028992
586.901100	0.028076
586.901200	0.026398
586.901300	0.027161
586.901400	0.025177
586.901500	0.027771
586.901600	0.032959
586.901700	0.033417
586.901800	0.029755
586.901900	0.033417
586.902000	0.029602
586.902100	0.024567
586.902200	0.028229
586.902300	0.034180
586.902400	0.032501
586.902500	0.028534
586.902600	0.026550
586.902700	0.022430
586.902800	0.029297
586.902900	0.026245
586.903000	0.030212
586.903100	0.028229
586.903200	0.023499
586.903300	0.027313
586.903400	0.028687
586.903500	0.022736
586.903600	0.026245
586.903700	0.024109
586.903800	0.029144
586.903900	0.023193
586.904000	0.026855
586.904100	0.030518
586.904200	0.030365
586.904300	0.024567
586.904400	0.028076
586.904500	0.028687
586.904600	0.031738
586.904700	0.030365
586.904800	0.026855
586.904900	0.028229
586.905000	0.026398
586.905100	0.026093
586.905200	0.027313
586.905300	0.025024
586.905400	0.025177
586.905500	0.028076
586.905600	0.026245
