552.599300	-0.005188
552.599400	-0.004120
552.599500	0.000458
552.599600	-0.006104
552.599700	-0.009460
552.599800	-0.010529
552.599900	-0.000153
552.600000	-0.010071
552.600100	-0.011749
552.600200	-0.010223
552.600300	-0.014496
552.600400	-0.014496
552.600500	-0.024261
552.600600	-0.005035
552.600700	-0.007324
552.600800	-0.014343
552.600900	-0.015411
552.601000	-0.017700
552.601100	-0.014648
552.601200	-0.009308
552.601300	-0.011597
552.601400	-0.010681
552.601500	-0.022278
552.601600	-0.010681
552.601700	-0.000610
552.601800	-0.015717
552.601900	-0.008545
552.602000	-0.017700
552.602100	-0.020447
552.602200	-0.022888
552.602300	-0.018158
552.602400	-0.019531
552.602500	-0.023346
552.602600	-0.017242
552.602700	-0.021210
552.602800	-0.025787
552.602900	-0.017242
552.603000	-0.016174
552.603100	-0.016479
552.603200	-0.023956
552.603300	-0.021057
552.603400	-0.030365
552.603500	-0.018005
552.603600	-0.017853
552.603700	-0.029144
552.603800	-0.023956
552.603900	-0.024414
552.604000	-0.028687
552.604100	-0.020294
552.604200	-0.017548
552.604300	-0.024567
552.604400	-0.028839
552.604500	-0.026703
552.604600	-0.021667
552.604700	-0.030975
552.604800	-0.015869
552.604900	-0.022888
552.605000	-0.024261
552.605100	-0.010986
552.605200	-0.002747
552.605300	-0.003204
552.605400	-0.009918
552.605500	-0.001678
552.605600	-0.007629
552.605700	-0.002289
552.605800	-0.007782
552.605900	-0.013275
552.606000	-0.012207
552.606100	-0.011597
552.606200	-0.020752
552.606300	-0.009003
552.606400	-0.019073
552.606500	-0.012054
552.606600	-0.008850
552.606700	-0.017853
552.606800	-0.010681
552.606900	-0.006256
552.607000	-0.009766
552.607100	-0.009613
552.607200	-0.011444
552.607300	-0.004425
552.607400	-0.009003
552.607500	-0.009460
552.607600	-0.011139
552.607700	-0.006256
552.607800	-0.001373
552.607900	-0.005035
552.608000	-0.004730
552.608100	0.000458
552.608200	-0.007782
552.608300	-0.010376
552.608400	-0.001678
552.608500	-0.005341
552.608600	0.002289
552.608700	0.009460
552.608800	0.003662
552.608900	-0.001831
552.609000	-0.005951
552.609100	-0.000610
552.609200	-0.016327
552.609300	-0.010376
552.609400	-0.007629
552.609500	-0.010681
552.609600	-0.009308
552.609700	-0.006714
552.609800	-0.005646
552.609900	-0.010376
552.610000	-0.007019
552.610100	-0.012054
552.610200	-0.018005
552.610300	-0.015259
552.610400	-0.018158
552.610500	-0.015259
552.610600	-0.012512
552.610700	-0.018768
552.610800	-0.017700
552.610900	-0.024872
552.611000	-0.014954
552.611100	-0.021667
552.611200	-0.014801
552.611300	-0.008087
552.611400	-0.019836
552.611500	-0.022888
552.611600	-0.019531
552.611700	-0.018921
552.611800	-0.016327
552.611900	-0.021515
552.612000	-0.019073
552.612100	-0.013733
552.612200	-0.018311
552.612300	-0.014801
552.612400	-0.016022
552.612500	-0.017395
552.612600	-0.021210
552.612700	-0.019226
552.612800	-0.021515
552.612900	-0.026093
552.613000	-0.021362
552.613100	-0.020142
552.613200	-0.021515
552.613300	-0.028229
552.613400	-0.025177
552.613500	-0.017700
552.613600	-0.021362
552.613700	-0.015869
552.613800	-0.014191
552.613900	-0.015564
552.614000	-0.017242
552.614100	-0.017548
552.614200	-0.014343
552.614300	-0.011749
552.614400	-0.019379
552.614500	-0.014954
552.614600	-0.026398
552.614700	-0.026245
552.614800	-0.019684
552.614900	-0.025024
552.615000	-0.030670
552.615100	-0.026855
552.615200	-0.025024
552.615300	-0.025024
552.615400	-0.024872
552.615500	-0.022736
552.615600	-0.023041
552.615700	-0.025635
552.615800	-0.033264
552.615900	-0.025330
552.616000	-0.025482
552.616100	-0.026398
552.616200	-0.034637
552.616300	-0.026550
552.616400	-0.024261
552.616500	-0.033264
552.616600	-0.026550
552.616700	-0.018463
552.616800	-0.029297
552.616900	-0.021057
552.617000	-0.026550
552.617100	-0.030975
552.617200	-0.021515
552.617300	-0.034943
552.617400	-0.017700
552.617500	-0.021973
552.617600	-0.022278
552.617700	-0.024109
552.617800	-0.021362
552.617900	-0.022888
552.618000	-0.025482
552.618100	-0.025635
552.618200	-0.022888
552.618300	-0.033417
552.618400	-0.034943
552.618500	-0.040283
552.618600	-0.034332
552.618700	-0.032349
552.618800	-0.030670
552.618900	-0.033112
552.619000	-0.028839
552.619100	-0.040436
552.619200	-0.036316
552.619300	-0.032043
552.619400	-0.028534
552.619500	-0.026550
552.619600	-0.025635
552.619700	-0.034027
552.619800	-0.034180
552.619900	-0.039673
552.620000	-0.030365
552.620100	-0.035553
552.620200	-0.028076
552.620300	-0.019989
552.620400	-0.020294
552.620500	-0.028229
552.620600	-0.032501
552.620700	-0.019684
552.620800	-0.020752
552.620900	-0.025177
552.621000	-0.022736
552.621100	-0.017548
552.621200	-0.013580
552.621300	-0.019989
552.621400	-0.026855
552.621500	-0.025330
552.621600	-0.027924
552.621700	-0.021057
552.621800	-0.025940
552.621900	-0.022583
552.622000	-0.023346
552.622100	-0.027161
552.622200	-0.021210
552.622300	-0.012970
552.622400	-0.019226
552.622500	-0.026093
552.622600	-0.028687
552.622700	-0.020599
552.622800	-0.030518
552.622900	-0.026398
552.623000	-0.020905
552.623100	-0.026550
552.623200	-0.029144
552.623300	-0.020447
552.623400	-0.019684
552.623500	-0.023193
552.623600	-0.028381
552.623700	-0.020599
552.623800	-0.016937
552.623900	-0.018768
552.624000	-0.017548
552.624100	-0.015259
552.624200	-0.013123
552.624300	-0.020752
552.624400	-0.012970
552.624500	-0.022125
552.624600	-0.025482
552.624700	-0.031128
552.624800	-0.031281
552.624900	-0.021820
552.625000	-0.022278
552.625100	-0.025940
552.625200	-0.021057
552.625300	-0.026855
552.625400	-0.023346
552.625500	-0.029144
552.625600	-0.022583
552.625700	-0.017548
552.625800	-0.012970
552.625900	-0.014648
552.626000	-0.020905
552.626100	-0.018921
552.626200	-0.016022
552.626300	-0.010071
552.626400	-0.007629
552.626500	-0.007324
552.626600	-0.004425
552.626700	-0.006866
552.626800	-0.004883
552.626900	-0.007019
552.627000	-0.014343
552.627100	-0.006409
552.627200	-0.010376
552.627300	-0.003967
552.627400	-0.008698
552.627500	-0.004883
552.627600	-0.020447
552.627700	-0.009308
552.627800	-0.010834
552.627900	-0.008392
552.628000	-0.013428
552.628100	-0.010071
552.628200	-0.006409
552.628300	-0.014191
552.628400	-0.014343
552.628500	-0.007019
552.628600	-0.001984
552.628700	0.000000
552.628800	-0.004578
552.628900	-0.001068
552.629000	0.000305
552.629100	0.002441
552.629200	-0.004120
552.629300	-0.009918
552.629400	-0.002441
552.629500	-0.005341
552.629600	-0.008698
552.629700	-0.012665
552.629800	-0.011597
552.629900	-0.008392
552.630000	-0.009003
552.630100	-0.005341
552.630200	-0.001831
552.630300	-0.010986
552.630400	-0.015564
552.630500	-0.008087
552.630600	-0.014038
552.630700	-0.012665
552.630800	-0.008850
552.630900	-0.018005
552.631000	-0.016022
552.631100	-0.018616
552.631200	-0.018311
552.631300	-0.024261
552.631400	-0.019989
552.631500	-0.025330
552.631600	-0.015717
552.631700	-0.019531
552.631800	-0.016785
552.631900	-0.018311
552.632000	-0.013428
552.632100	-0.021057
552.632200	-0.015869
552.632300	-0.016937
552.632400	-0.015869
552.632500	-0.013428
552.632600	-0.013580
552.632700	-0.013123
552.632800	-0.011749
552.632900	-0.013275
552.633000	-0.014496
552.633100	-0.018158
552.633200	-0.020752
552.633300	-0.018768
552.633400	-0.025940
552.633500	-0.030212
552.633600	-0.024109
552.633700	-0.025024
552.633800	-0.024261
552.633900	-0.019531
552.634000	-0.029449
552.634100	-0.033722
552.634200	-0.032043
552.634300	-0.037231
552.634400	-0.030518
552.634500	-0.019989
552.634600	-0.022736
552.634700	-0.026703
552.634800	-0.028229
552.634900	-0.032654
552.635000	-0.027313
552.635100	-0.029297
552.635200	-0.021973
552.635300	-0.016479
552.635400	-0.015411
552.635500	-0.018921
552.635600	-0.020905
552.635700	-0.027313
552.635800	-0.017700
552.635900	-0.025177
552.636000	-0.024109
552.636100	-0.020142
552.636200	-0.027924
552.636300	-0.036469
552.636400	-0.034180
552.636500	-0.028992
552.636600	-0.022583
552.636700	-0.021362
552.636800	-0.025330
552.636900	-0.023956
552.637000	-0.028076
552.637100	-0.030518
552.637200	-0.031891
552.637300	-0.031281
552.637400	-0.040741
552.637500	-0.038452
552.637600	-0.042114
552.637700	-0.037384
552.637800	-0.031738
552.637900	-0.027008
552.638000	-0.026245
552.638100	-0.024567
552.638200	-0.034790
552.638300	-0.036011
552.638400	-0.043182
552.638500	-0.035858
552.638600	-0.031738
552.638700	-0.040894
552.638800	-0.033264
552.638900	-0.032196
552.639000	-0.026550
552.639100	-0.034637
552.639200	-0.038300
552.639300	-0.044708
552.639400	-0.034027
552.639500	-0.033112
552.639600	-0.042267
552.639700	-0.034790
552.639800	-0.027771
552.639900	-0.032654
552.640000	-0.031281
552.640100	-0.034943
552.640200	-0.037079
552.640300	-0.034485
552.640400	-0.032501
552.640500	-0.032501
552.640600	-0.027008
552.640700	-0.027008
552.640800	-0.022278
552.640900	-0.030518
552.641000	-0.027618
552.641100	-0.023956
552.641200	-0.024567
552.641300	-0.021515
552.641400	-0.022736
552.641500	-0.021057
552.641600	-0.024109
552.641700	-0.029602
552.641800	-0.026093
552.641900	-0.015717
552.642000	-0.021515
552.642100	-0.019531
552.642200	-0.025330
552.642300	-0.030212
552.642400	-0.017853
552.642500	-0.021820
552.642600	-0.018616
552.642700	-0.021515
552.642800	-0.030823
552.642900	-0.038605
552.643000	-0.037079
552.643100	-0.029297
552.643200	-0.024109
552.643300	-0.027618
552.643400	-0.028229
552.643500	-0.019836
552.643600	-0.022125
552.643700	-0.021515
552.643800	-0.023956
552.643900	-0.023499
552.644000	-0.023956
552.644100	-0.023041
552.644200	-0.010834
552.644300	-0.018311
552.644400	-0.016785
552.644500	-0.024109
552.644600	-0.010071
552.644700	-0.014496
552.644800	-0.018616
552.644900	-0.019073
552.645000	-0.021515
552.645100	-0.021210
552.645200	-0.013885
552.645300	-0.012512
552.645400	-0.018158
552.645500	-0.012207
552.645600	-0.023804
552.645700	-0.016174
552.645800	-0.026093
552.645900	-0.022888
552.646000	-0.018921
552.646100	-0.026093
552.646200	-0.027771
552.646300	-0.012970
552.646400	-0.021362
552.646500	-0.023193
552.646600	-0.023041
552.646700	-0.019073
552.646800	-0.027466
552.646900	-0.027313
552.647000	-0.037994
552.647100	-0.034637
552.647200	-0.030212
552.647300	-0.028534
552.647400	-0.036926
552.647500	-0.026855
552.647600	-0.036926
552.647700	-0.040131
552.647800	-0.036469
552.647900	-0.021515
552.648000	-0.028687
552.648100	-0.025635
552.648200	-0.022888
552.648300	-0.018311
552.648400	-0.019531
552.648500	-0.021973
552.648600	-0.026855
552.648700	-0.023346
552.648800	-0.036621
552.648900	-0.032196
552.649000	-0.034637
552.649100	-0.036621
552.649200	-0.029907
552.649300	-0.033264
552.649400	-0.030823
552.649500	-0.034027
552.649600	-0.031433
552.649700	-0.032349
552.649800	-0.023651
552.649900	-0.025940
552.650000	-0.019073
552.650100	-0.019226
552.650200	-0.019836
552.650300	-0.021667
552.650400	-0.024872
552.650500	-0.034943
552.650600	-0.024109
552.650700	-0.035400
552.650800	-0.037689
552.650900	-0.026093
552.651000	-0.030212
552.651100	-0.033417
552.651200	-0.042114
552.651300	-0.030365
552.651400	-0.027161
552.651500	-0.030365
552.651600	-0.028381
552.651700	-0.040741
552.651800	-0.033417
552.651900	-0.030975
552.652000	-0.030823
552.652100	-0.042572
552.652200	-0.036011
552.652300	-0.033722
552.652400	-0.031586
552.652500	-0.037537
552.652600	-0.032806
552.652700	-0.021210
552.652800	-0.029297
