102.704900	-1.265259
102.705000	-1.022949
102.705100	-0.780334
102.705200	-0.569611
102.705300	-0.388641
102.705400	-0.244904
102.705500	-0.118103
102.705600	-0.021515
102.705700	0.048523
102.705800	0.094910
102.705900	0.122681
102.706000	0.135956
102.706100	0.139313
102.706200	0.141144
102.706300	0.148010
102.706400	0.140076
102.706500	0.144806
102.706600	0.151367
102.706700	0.144958
102.706800	0.139923
102.706900	0.145569
102.707000	0.152588
102.707100	0.142212
102.707200	0.144043
102.707300	0.143738
102.707400	0.138855
102.707500	0.140381
102.707600	0.139618
102.707700	0.131989
102.707800	0.134888
102.707900	0.128174
102.708000	0.136261
102.708100	0.135651
102.708200	0.131226
102.708300	0.135193
102.708400	0.131683
102.708500	0.130768
102.708600	0.130920
102.708700	0.121307
102.708800	0.119934
102.708900	0.119629
102.709000	0.112915
102.709100	0.116577
102.709200	0.111389
102.709300	0.106812
102.709400	0.105591
102.709500	0.109406
102.709600	0.119934
102.709700	0.124359
102.709800	0.120850
102.709900	0.121460
102.710000	0.122528
102.710100	0.115356
102.710200	0.111389
102.710300	0.106964
102.710400	0.103912
102.710500	0.110321
102.710600	0.129089
102.710700	0.147095
102.710800	0.198212
102.710900	0.273590
102.711000	0.411987
102.711100	0.608215
102.711200	0.869598
102.711300	1.202850
102.711400	1.594086
102.711500	2.051086
102.711600	2.563782
102.711700	3.074341
102.711800	3.535156
102.711900	3.867340
102.712000	4.071350
102.712100	4.171448
102.712200	4.200287
102.712300	4.176025
102.712400	4.112854
102.712500	3.982849
102.712600	3.765564
102.712700	3.379517
102.712800	2.795410
102.712900	1.999969
102.713000	1.028290
102.713100	-0.072327
102.713200	-1.004639
102.713300	-2.165222
102.713400	-3.054657
102.713500	-3.753662
102.713600	-4.249268
102.713700	-4.558258
102.713800	-4.722137
102.713900	-4.776459
102.714000	-4.774628
102.714100	-4.729462
102.714200	-4.651337
102.714300	-4.512634
102.714400	-4.287567
102.714500	-3.960419
102.714600	-3.489227
102.714700	-2.926636
102.714800	-2.316284
102.714900	-1.731720
102.715000	-1.280823
102.715100	-0.782776
102.715200	-0.466766
102.715300	-0.210114
102.715400	-0.028687
102.715500	0.090027
102.715600	0.162811
102.715700	0.190735
102.715800	0.202637
102.715900	0.212402
102.716000	0.207520
102.716100	0.197754
102.716200	0.188599
102.716300	0.182190
102.716400	0.172882
102.716500	0.166626
102.716600	0.153503
102.716700	0.151672
102.716800	0.146332
102.716900	0.152283
102.717000	0.158234
102.717100	0.169220
102.717200	0.195160
102.717300	0.234680
102.717400	0.294037
102.717500	0.379333
102.717600	0.481567
102.717700	0.606384
102.717800	0.761261
102.717900	0.956116
102.718000	1.182251
102.718100	1.410522
102.718200	1.587372
102.718300	1.683197
102.718400	1.707153
102.718500	1.702576
102.718600	1.700745
102.718700	1.704407
102.718800	1.729279
102.718900	1.757355
102.719000	1.765289
102.719100	1.695251
102.719200	1.506500
102.719300	1.184692
102.719400	0.777435
102.719500	0.316772
102.719600	-0.150452
102.719700	-0.580597
102.719800	-0.982208
102.719900	-1.351471
102.720000	-1.610413
102.720100	-1.721039
102.720200	-1.739197
102.720300	-1.699219
102.720400	-1.638641
102.720500	-1.585693
102.720600	-1.549530
102.720700	-1.515503
102.720800	-1.501617
102.720900	-1.462860
102.721000	-1.359863
102.721100	-1.230469
102.721200	-0.972290
102.721300	-0.740967
102.721400	-0.548248
102.721500	-0.388947
102.721600	-0.258331
102.721700	-0.157471
102.721800	-0.086365
102.721900	-0.034790
102.722000	-0.002441
102.722100	0.014343
102.722200	0.030060
102.722300	0.038910
102.722400	0.049744
102.722500	0.074768
102.722600	0.090027
102.722700	0.113678
102.722800	0.130768
102.722900	0.144043
102.723000	0.160980
102.723100	0.162201
102.723200	0.176697
102.723300	0.180206
102.723400	0.183411
102.723500	0.185394
102.723600	0.185852
102.723700	0.187378
102.723800	0.191040
102.723900	0.183563
102.724000	0.176849
102.724100	0.180054
102.724200	0.175323
102.724300	0.171967
102.724400	0.166779
102.724500	0.156250
102.724600	0.154724
102.724700	0.146790
102.724800	0.136566
102.724900	0.129700
102.725000	0.127411
102.725100	0.128326
102.725200	0.124817
102.725300	0.123291
102.725400	0.133514
102.725500	0.125580
102.725600	0.128784
102.725700	0.127716
102.725800	0.131836
102.725900	0.134277
102.726000	0.132751
102.726100	0.140839
102.726200	0.148163
102.726300	0.145264
102.726400	0.145569
102.726500	0.154266
102.726600	0.148315
102.726700	0.147247
102.726800	0.149994
102.726900	0.148621
102.727000	0.143433
102.727100	0.142059
102.727200	0.143585
102.727300	0.140381
102.727400	0.141449
102.727500	0.137177
102.727600	0.137634
102.727700	0.133820
102.727800	0.132599
102.727900	0.141602
102.728000	0.139618
102.728100	0.140381
102.728200	0.128479
102.728300	0.129242
102.728400	0.126648
102.728500	0.124207
102.728600	0.116272
102.728700	0.115204
102.728800	0.105591
102.728900	0.095215
102.729000	0.092621
102.729100	0.086517
102.729200	0.083923
102.729300	0.080414
102.729400	0.079041
102.729500	0.076599
102.729600	0.076599
102.729700	0.080414
102.729800	0.076599
102.729900	0.075378
102.730000	0.076904
102.730100	0.079651
102.730200	0.086365
102.730300	0.082245
102.730400	0.085602
102.730500	0.081787
102.730600	0.088196
102.730700	0.085602
102.730800	0.081177
102.730900	0.079498
102.731000	0.073547
102.731100	0.074310
102.731200	0.074005
102.731300	0.065918
102.731400	0.064697
102.731500	0.063019
102.731600	0.057831
102.731700	0.054321
102.731800	0.051727
102.731900	0.048981
102.732000	0.046082
102.732100	0.055389
102.732200	0.065613
102.732300	0.071716
102.732400	0.077667
102.732500	0.084229
102.732600	0.092926
102.732700	0.104370
102.732800	0.098419
102.732900	0.105286
102.733000	0.104065
102.733100	0.103912
102.733200	0.113678
102.733300	0.122070
102.733400	0.122681
102.733500	0.130310
102.733600	0.137939
102.733700	0.142212
102.733800	0.136108
102.733900	0.141296
102.734000	0.138245
102.734100	0.130615
102.734200	0.127716
102.734300	0.123444
102.734400	0.107117
102.734500	0.095062
102.734600	0.074310
102.734700	0.054932
102.734800	0.043945
102.734900	0.027008
102.735000	0.019531
102.735100	0.004883
102.735200	-0.010223
102.735300	-0.013580
102.735400	-0.017548
102.735500	-0.015106
102.735600	-0.008698
102.735700	-0.019226
102.735800	-0.019379
102.735900	-0.019989
102.736000	-0.017395
102.736100	-0.009613
102.736200	-0.010834
102.736300	-0.002747
102.736400	0.004120
102.736500	0.009308
102.736600	0.010834
102.736700	0.005951
102.736800	0.002441
102.736900	0.007935
102.737000	-0.004120
102.737100	0.000000
102.737200	-0.007324
102.737300	-0.011749
102.737400	-0.014343
102.737500	-0.008850
102.737600	-0.013428
102.737700	-0.010376
102.737800	-0.012360
102.737900	-0.012512
102.738000	-0.007477
102.738100	-0.003052
102.738200	-0.001068
102.738300	-0.001373
102.738400	0.006256
102.738500	0.002136
102.738600	0.007782
102.738700	0.009003
102.738800	0.010986
102.738900	0.012512
102.739000	0.007477
102.739100	0.014038
102.739200	0.017090
102.739300	0.015717
102.739400	0.020294
102.739500	0.020752
102.739600	0.018921
102.739700	0.016632
102.739800	0.025940
102.739900	0.033875
102.740000	0.023041
102.740100	0.023499
102.740200	0.022583
102.740300	0.030975
102.740400	0.034180
102.740500	0.030823
102.740600	0.029297
102.740700	0.038605
102.740800	0.032654
102.740900	0.030823
102.741000	0.035248
102.741100	0.039368
102.741200	0.029297
102.741300	0.030518
102.741400	0.023499
102.741500	0.021362
102.741600	0.021667
102.741700	0.018158
102.741800	0.017700
102.741900	0.015717
102.742000	0.013580
102.742100	0.015564
102.742200	0.018921
102.742300	0.021057
102.742400	0.023346
102.742500	0.015717
102.742600	0.014343
102.742700	0.017090
102.742800	0.023041
102.742900	0.021057
102.743000	0.010376
102.743100	0.014038
102.743200	0.012665
102.743300	0.010071
102.743400	0.005341
102.743500	0.009460
102.743600	0.012512
102.743700	0.010986
102.743800	0.020905
102.743900	0.015411
102.744000	0.008545
102.744100	0.005188
102.744200	0.012512
102.744300	0.014038
102.744400	0.013733
102.744500	0.019836
102.744600	0.017853
102.744700	0.022125
102.744800	0.019379
102.744900	0.020142
102.745000	0.022888
102.745100	0.015717
102.745200	0.028534
102.745300	0.021362
102.745400	0.027313
102.745500	0.030365
102.745600	0.025024
102.745700	0.027161
102.745800	0.032349
102.745900	0.027161
102.746000	0.029297
102.746100	0.027924
102.746200	0.022736
102.746300	0.023804
102.746400	0.027313
102.746500	0.025787
102.746600	0.025177
102.746700	0.025482
102.746800	0.025024
102.746900	0.023651
102.747000	0.023804
102.747100	0.017242
102.747200	0.015411
102.747300	0.023651
102.747400	0.016022
102.747500	0.015564
102.747600	0.017090
102.747700	0.017395
102.747800	0.018005
102.747900	0.019989
102.748000	0.014191
102.748100	0.012817
102.748200	0.016327
102.748300	0.012665
102.748400	0.017090
102.748500	0.014954
102.748600	0.013428
102.748700	0.014648
102.748800	0.022278
102.748900	0.007782
102.749000	0.020294
102.749100	0.018005
102.749200	0.023041
102.749300	0.018768
102.749400	0.020447
102.749500	0.026855
102.749600	0.028076
102.749700	0.026550
102.749800	0.025940
102.749900	0.028687
102.750000	0.031586
102.750100	0.026703
102.750200	0.028839
102.750300	0.037994
102.750400	0.037079
102.750500	0.034943
102.750600	0.036469
102.750700	0.036926
102.750800	0.040283
102.750900	0.044708
102.751000	0.043182
102.751100	0.044250
102.751200	0.045624
102.751300	0.048523
102.751400	0.039825
102.751500	0.039368
102.751600	0.039215
102.751700	0.044250
102.751800	0.036926
102.751900	0.044098
102.752000	0.038147
102.752100	0.033569
102.752200	0.023346
102.752300	0.021667
102.752400	0.028229
102.752500	0.036011
102.752600	0.057678
102.752700	0.090637
102.752800	0.130615
102.752900	0.185089
102.753000	0.267639
102.753100	0.354462
102.753200	0.453796
102.753300	0.549622
102.753400	0.640259
102.753500	0.716858
102.753600	0.781708
102.753700	0.820160
102.753800	0.850220
102.753900	0.849304
102.754000	0.838318
102.754100	0.810699
102.754200	0.744781
102.754300	0.647125
102.754400	0.517120
102.754500	0.364380
102.754600	0.180359
102.754700	-0.013733
102.754800	-0.196381
102.754900	-0.366974
102.755000	-0.509033
102.755100	-0.622406
102.755200	-0.713654
102.755300	-0.789032
102.755400	-0.835876
102.755500	-0.869751
102.755600	-0.890808
102.755700	-0.900269
102.755800	-0.888214
102.755900	-0.862579
102.756000	-0.811310
102.756100	-0.746155
102.756200	-0.667114
102.756300	-0.573730
102.756400	-0.487366
102.756500	-0.398560
102.756600	-0.321808
102.756700	-0.256958
102.756800	-0.195312
102.756900	-0.144653
102.757000	-0.104675
102.757100	-0.079193
102.757200	-0.046234
102.757300	-0.023956
102.757400	-0.000458
102.757500	0.018463
102.757600	0.026550
102.757700	0.031891
102.757800	0.042877
102.757900	0.052490
102.758000	0.058136
102.758100	0.053864
102.758200	0.052948
102.758300	0.060120
102.758400	0.057526
