41.879300	0.027466
41.879400	0.028076
41.879500	0.026855
41.879600	0.025940
41.879700	0.029755
41.879800	0.029297
41.879900	0.029449
41.880000	0.029907
41.880100	0.023193
41.880200	0.029144
41.880300	0.024567
41.880400	0.027008
41.880500	0.027924
41.880600	0.030365
41.880700	0.031738
41.880800	0.025024
41.880900	0.026550
41.881000	0.027161
41.881100	0.025635
41.881200	0.025177
41.881300	0.027924
41.881400	0.025330
41.881500	0.027466
41.881600	0.032959
41.881700	0.028839
41.881800	0.028687
41.881900	0.025024
41.882000	0.029144
41.882100	0.030975
41.882200	0.025024
41.882300	0.028534
41.882400	0.028839
41.882500	0.030670
41.882600	0.031128
41.882700	0.030823
41.882800	0.030518
41.882900	0.028992
41.883000	0.025635
41.883100	0.021210
41.883200	0.027466
41.883300	0.026550
41.883400	0.027466
41.883500	0.030823
41.883600	0.025177
41.883700	0.026245
41.883800	0.031281
41.883900	0.030823
41.884000	0.025482
41.884100	0.027771
41.884200	0.030823
41.884300	0.026855
41.884400	0.029755
41.884500	0.032806
41.884600	0.029602
41.884700	0.027924
41.884800	0.027161
41.884900	0.027313
41.885000	0.031281
41.885100	0.032349
41.885200	0.030823
41.885300	0.024261
41.885400	0.026855
41.885500	0.025787
41.885600	0.031433
41.885700	0.030518
41.885800	0.028534
41.885900	0.025330
41.886000	0.024872
41.886100	0.025940
41.886200	0.026855
41.886300	0.029144
41.886400	0.022583
41.886500	0.024872
41.886600	0.027161
41.886700	0.027771
41.886800	0.027161
41.886900	0.027466
41.887000	0.030060
41.887100	0.027924
41.887200	0.023651
41.887300	0.025940
41.887400	0.025940
41.887500	0.029602
41.887600	0.028229
41.887700	0.027466
41.887800	0.030365
41.887900	0.025635
41.888000	0.024872
41.888100	0.023956
41.888200	0.028687
41.888300	0.031433
41.888400	0.025635
41.888500	0.024261
41.888600	0.025024
41.888700	0.023804
41.888800	0.023651
41.888900	0.034332
41.889000	0.027618
41.889100	0.029907
41.889200	0.028992
41.889300	0.025482
41.889400	0.027771
41.889500	0.027466
41.889600	0.029297
41.889700	0.025177
41.889800	0.023499
41.889900	0.025787
41.890000	0.028839
41.890100	0.027008
41.890200	0.027008
41.890300	0.025940
41.890400	0.023041
41.890500	0.023193
41.890600	0.026245
41.890700	0.023956
41.890800	0.028839
41.890900	0.028229
41.891000	0.030518
41.891100	0.029144
41.891200	0.025635
41.891300	0.023499
41.891400	0.025482
41.891500	0.029449
41.891600	0.023651
41.891700	0.026550
41.891800	0.032806
41.891900	0.027466
41.892000	0.028687
41.892100	0.028076
41.892200	0.027161
41.892300	0.028381
41.892400	0.027313
41.892500	0.031433
41.892600	0.030060
41.892700	0.027313
41.892800	0.027466
41.892900	0.027313
41.893000	0.027771
41.893100	0.030518
41.893200	0.025177
41.893300	0.028534
41.893400	0.023193
41.893500	0.030518
41.893600	0.030670
41.893700	0.027466
41.893800	0.032501
41.893900	0.032654
41.894000	0.030212
41.894100	0.029907
41.894200	0.034027
41.894300	0.032043
41.894400	0.032043
41.894500	0.030060
41.894600	0.031586
41.894700	0.032806
41.894800	0.030060
41.894900	0.031128
41.895000	0.028076
41.895100	0.027466
41.895200	0.031433
41.895300	0.028381
41.895400	0.028687
41.895500	0.027161
41.895600	0.028687
41.895700	0.027466
41.895800	0.029755
41.895900	0.027618
41.896000	0.023651
41.896100	0.023804
41.896200	0.026245
41.896300	0.021667
41.896400	0.020752
41.896500	0.030212
41.896600	0.032806
41.896700	0.030518
41.896800	0.033875
41.896900	0.031738
41.897000	0.025482
41.897100	0.030823
41.897200	0.029297
41.897300	0.030518
41.897400	0.033112
41.897500	0.032043
41.897600	0.029297
41.897700	0.026245
41.897800	0.028839
41.897900	0.033722
41.898000	0.028992
41.898100	0.025330
41.898200	0.028687
41.898300	0.028839
41.898400	0.028687
41.898500	0.029602
41.898600	0.031128
41.898700	0.028229
41.898800	0.030670
41.898900	0.034180
41.899000	0.031433
41.899100	0.025635
41.899200	0.027924
41.899300	0.025635
41.899400	0.025635
41.899500	0.026245
41.899600	0.024872
41.899700	0.021515
41.899800	0.022583
41.899900	0.029449
41.900000	0.030365
41.900100	0.025787
41.900200	0.025024
41.900300	0.029907
41.900400	0.031433
41.900500	0.029297
41.900600	0.028839
41.900700	0.023499
41.900800	0.026398
41.900900	0.025482
41.901000	0.022430
41.901100	0.024109
41.901200	0.021057
41.901300	0.024414
41.901400	0.029907
41.901500	0.027313
41.901600	0.025940
41.901700	0.029449
41.901800	0.026550
41.901900	0.028381
41.902000	0.026245
41.902100	0.027466
41.902200	0.030365
41.902300	0.028992
41.902400	0.025635
41.902500	0.028381
41.902600	0.028076
41.902700	0.026550
41.902800	0.023193
41.902900	0.024567
41.903000	0.026245
41.903100	0.024414
41.903200	0.027466
41.903300	0.026855
41.903400	0.024567
41.903500	0.027924
41.903600	0.028076
41.903700	0.025024
41.903800	0.023193
41.903900	0.025330
41.904000	0.022736
41.904100	0.024872
41.904200	0.024567
41.904300	0.027161
41.904400	0.027618
41.904500	0.024414
41.904600	0.024719
41.904700	0.024567
41.904800	0.027161
41.904900	0.030975
41.905000	0.029144
41.905100	0.027771
41.905200	0.021973
41.905300	0.024414
41.905400	0.020294
41.905500	0.022583
41.905600	0.028381
41.905700	0.026245
41.905800	0.024872
41.905900	0.028076
41.906000	0.030212
41.906100	0.030212
41.906200	0.028076
41.906300	0.027618
41.906400	0.024414
41.906500	0.025177
41.906600	0.026703
41.906700	0.027161
41.906800	0.024261
41.906900	0.027161
41.907000	0.027466
41.907100	0.027771
41.907200	0.028534
41.907300	0.030670
41.907400	0.028992
41.907500	0.031281
41.907600	0.028381
41.907700	0.027924
41.907800	0.023651
41.907900	0.026093
41.908000	0.028381
41.908100	0.023499
41.908200	0.025482
41.908300	0.030670
41.908400	0.029449
41.908500	0.031738
41.908600	0.032806
41.908700	0.030975
41.908800	0.025330
41.908900	0.033264
41.909000	0.030212
41.909100	0.025177
41.909200	0.026398
41.909300	0.028839
41.909400	0.030823
41.909500	0.028534
41.909600	0.026855
41.909700	0.026245
41.909800	0.028076
41.909900	0.029449
41.910000	0.026093
41.910100	0.028992
41.910200	0.028381
41.910300	0.033569
41.910400	0.032501
41.910500	0.029297
41.910600	0.032806
41.910700	0.032959
41.910800	0.026855
41.910900	0.030365
41.911000	0.023651
41.911100	0.025482
41.911200	0.029755
41.911300	0.030060
41.911400	0.030518
41.911500	0.021973
41.911600	0.023499
41.911700	0.029907
41.911800	0.028992
41.911900	0.025635
41.912000	0.030365
41.912100	0.032959
41.912200	0.028381
41.912300	0.027313
41.912400	0.029297
41.912500	0.027008
41.912600	0.023956
41.912700	0.027313
41.912800	0.027618
41.912900	0.029602
41.913000	0.029907
41.913100	0.031738
41.913200	0.030823
41.913300	0.026855
41.913400	0.029907
41.913500	0.027313
41.913600	0.030365
41.913700	0.026855
41.913800	0.031281
41.913900	0.030518
41.914000	0.021667
41.914100	0.024719
41.914200	0.029297
41.914300	0.029144
41.914400	0.028229
41.914500	0.028076
41.914600	0.032501
41.914700	0.025177
41.914800	0.030212
41.914900	0.025940
41.915000	0.028992
41.915100	0.027313
41.915200	0.028076
41.915300	0.031891
41.915400	0.028381
41.915500	0.028076
41.915600	0.028534
41.915700	0.025482
41.915800	0.024567
41.915900	0.025330
41.916000	0.029144
41.916100	0.030212
41.916200	0.028381
41.916300	0.019684
41.916400	0.028839
41.916500	0.022278
41.916600	0.025635
41.916700	0.028076
41.916800	0.031281
41.916900	0.027618
41.917000	0.027313
41.917100	0.030365
41.917200	0.030060
41.917300	0.029755
41.917400	0.028687
41.917500	0.028076
41.917600	0.030670
41.917700	0.027161
41.917800	0.022888
41.917900	0.025330
41.918000	0.030060
41.918100	0.032196
41.918200	0.031738
41.918300	0.025177
41.918400	0.027313
41.918500	0.028381
41.918600	0.030518
41.918700	0.033112
41.918800	0.027161
41.918900	0.031433
41.919000	0.025330
41.919100	0.025787
41.919200	0.029602
41.919300	0.028992
41.919400	0.027924
41.919500	0.021973
41.919600	0.025940
41.919700	0.028534
41.919800	0.030365
41.919900	0.027313
41.920000	0.026398
41.920100	0.028839
41.920200	0.025940
41.920300	0.027618
41.920400	0.030060
41.920500	0.032196
41.920600	0.027008
41.920700	0.026855
41.920800	0.024567
41.920900	0.028076
41.921000	0.028076
41.921100	0.023499
41.921200	0.025940
41.921300	0.032043
41.921400	0.022888
41.921500	0.029907
41.921600	0.030670
41.921700	0.028076
41.921800	0.027618
41.921900	0.022430
41.922000	0.027161
41.922100	0.028534
41.922200	0.028076
41.922300	0.029755
41.922400	0.026398
41.922500	0.024567
41.922600	0.029297
41.922700	0.029297
41.922800	0.023041
41.922900	0.025177
41.923000	0.024414
41.923100	0.024261
41.923200	0.028076
41.923300	0.028229
41.923400	0.026093
41.923500	0.029907
41.923600	0.027771
41.923700	0.032654
41.923800	0.027771
41.923900	0.031433
41.924000	0.027313
41.924100	0.029907
41.924200	0.025787
41.924300	0.026855
41.924400	0.027771
41.924500	0.025635
41.924600	0.027008
41.924700	0.028229
41.924800	0.032959
41.924900	0.031281
41.925000	0.025177
41.925100	0.028381
41.925200	0.028687
41.925300	0.025024
41.925400	0.027466
41.925500	0.024109
41.925600	0.027008
41.925700	0.026855
41.925800	0.024872
41.925900	0.027466
41.926000	0.030365
41.926100	0.023041
41.926200	0.023041
41.926300	0.027161
41.926400	0.030823
41.926500	0.031433
41.926600	0.023956
41.926700	0.032959
41.926800	0.030670
41.926900	0.032043
41.927000	0.029144
41.927100	0.029907
41.927200	0.025635
41.927300	0.030975
41.927400	0.027924
41.927500	0.026550
41.927600	0.024414
41.927700	0.029907
41.927800	0.031128
41.927900	0.031281
41.928000	0.029602
41.928100	0.028992
41.928200	0.026703
41.928300	0.025177
41.928400	0.028381
41.928500	0.029144
41.928600	0.028839
41.928700	0.027924
41.928800	0.026855
41.928900	0.027313
41.929000	0.027924
41.929100	0.024872
41.929200	0.028381
41.929300	0.032196
41.929400	0.030060
41.929500	0.030212
41.929600	0.030212
41.929700	0.027161
41.929800	0.025024
41.929900	0.024414
41.930000	0.028687
41.930100	0.029449
41.930200	0.029297
41.930300	0.029755
41.930400	0.027618
41.930500	0.024414
41.930600	0.025177
41.930700	0.021820
41.930800	0.026398
41.930900	0.022736
41.931000	0.026245
41.931100	0.026245
41.931200	0.024261
41.931300	0.031891
41.931400	0.029144
41.931500	0.023804
41.931600	0.027313
41.931700	0.029297
41.931800	0.031433
41.931900	0.029602
41.932000	0.028992
41.932100	0.029144
41.932200	0.026855
41.932300	0.028839
41.932400	0.025024
41.932500	0.023956
41.932600	0.027313
41.932700	0.025177
41.932800	0.025482
