537.853700	-0.459442
537.853800	-0.845947
537.853900	-0.934753
537.854000	-0.732422
537.854100	-0.373230
537.854200	-0.112610
537.854300	0.007019
537.854400	0.038910
537.854500	0.047913
537.854600	0.034637
537.854700	0.033875
537.854800	0.040741
537.854900	0.049133
537.855000	0.043945
537.855100	0.053101
537.855200	0.039368
537.855300	0.038300
537.855400	0.037689
537.855500	0.033264
537.855600	0.030365
537.855700	0.033875
537.855800	0.038300
537.855900	0.047913
537.856000	0.057678
537.856100	0.066376
537.856200	0.062714
537.856300	0.051422
537.856400	0.046692
537.856500	0.045624
537.856600	0.037994
537.856700	0.037079
537.856800	0.038605
537.856900	0.041809
537.857000	0.042877
537.857100	0.051117
537.857200	0.041046
537.857300	0.039062
537.857400	0.034332
537.857500	0.045319
537.857600	0.057220
537.857700	0.083923
537.857800	0.099945
537.857900	0.106964
537.858000	0.083008
537.858100	0.043793
537.858200	0.007782
537.858300	-0.007477
537.858400	-0.005798
537.858500	0.010529
537.858600	0.021210
537.858700	0.025482
537.858800	0.027771
537.858900	0.034790
537.859000	0.041962
537.859100	0.057526
537.859200	0.117187
537.859300	0.229950
537.859400	0.339661
537.859500	0.364685
537.859600	0.278778
537.859700	0.114746
537.859800	-0.071259
537.859900	-0.225983
537.860000	-0.310516
537.860100	-0.288086
537.860200	-0.173645
537.860300	-0.051270
537.860400	0.023499
537.860500	0.059357
537.860600	0.076294
537.860700	0.074310
537.860800	0.056915
537.860900	0.043488
537.861000	0.011444
537.861100	0.003662
537.861200	0.001526
537.861300	0.014954
537.861400	0.027924
537.861500	0.042725
537.861600	0.094604
537.861700	0.305939
537.861800	0.800781
537.861900	1.127930
537.862000	1.278076
537.862100	1.239319
537.862200	0.462494
537.862300	-0.603485
537.862400	-1.136932
537.862500	-1.174927
537.862600	-1.146393
537.862700	-0.751343
537.862800	-0.298157
537.862900	-0.091858
537.863000	-0.043793
537.863100	-0.039368
537.863200	-0.016785
537.863300	0.014343
537.863400	0.053711
537.863500	0.118561
537.863600	0.267944
537.863700	0.459442
537.863800	0.646362
537.863900	0.811768
537.864000	0.821533
537.864100	0.601349
537.864200	0.180054
537.864300	-0.374146
537.864400	-0.795288
537.864500	-0.917969
537.864600	-0.825043
537.864700	-0.586548
537.864800	-0.282593
537.864900	-0.065155
537.865000	0.045471
537.865100	0.097656
537.865200	0.129547
537.865300	0.132294
537.865400	0.114594
537.865500	0.093536
537.865600	0.053864
537.865700	0.020599
537.865800	-0.002899
537.865900	-0.017395
537.866000	-0.014343
537.866100	0.007324
537.866200	0.028229
537.866300	0.041504
537.866400	0.042877
537.866500	0.038910
537.866600	0.029144
537.866700	0.034790
537.866800	0.032349
537.866900	0.037994
537.867000	0.050049
537.867100	0.054169
537.867200	0.052795
537.867300	0.044250
537.867400	0.030060
537.867500	0.048828
537.867600	0.202179
537.867700	0.638733
537.867800	1.275330
537.867900	1.510010
537.868000	1.476135
537.868100	0.903778
537.868200	0.013123
537.868300	-0.883179
537.868400	-1.370850
537.868500	-1.299896
537.868600	-0.862274
537.868700	0.099030
537.868800	0.614014
537.868900	0.826569
537.869000	0.640564
537.869100	-0.080872
537.869200	-0.679626
537.869300	-0.851440
537.869400	-0.901184
537.869500	-0.733948
537.869600	-0.340424
537.869700	-0.088806
537.869800	0.002899
537.869900	0.026855
537.870000	0.026855
537.870100	0.033569
537.870200	0.035400
537.870300	0.036163
537.870400	0.044403
537.870500	0.045776
537.870600	0.047302
537.870700	0.042267
537.870800	0.037689
537.870900	0.039215
537.871000	0.037079
537.871100	0.037231
537.871200	0.041809
537.871300	0.038452
537.871400	0.042877
537.871500	0.046234
537.871600	0.061035
537.871700	0.067596
537.871800	0.076294
537.871900	0.064697
537.872000	0.050354
537.872100	0.037537
537.872200	0.033264
537.872300	0.047607
537.872400	0.112762
537.872500	0.337524
537.872600	0.729675
537.872700	1.029358
537.872800	1.035461
537.872900	0.707397
537.873000	0.135193
537.873100	-0.476532
537.873200	-0.907593
537.873300	-1.036224
537.873400	-0.886230
537.873500	-0.533142
537.873600	-0.211029
537.873700	-0.045319
537.873800	0.014648
537.873900	0.041504
537.874000	0.046997
537.874100	0.048828
537.874200	0.048676
537.874300	0.049896
537.874400	0.051575
537.874500	0.053406
537.874600	0.063629
537.874700	0.074615
537.874800	0.082245
537.874900	0.081329
537.875000	0.056458
537.875100	0.029755
537.875200	0.007629
537.875300	-0.003815
537.875400	-0.000763
537.875500	0.006409
537.875600	0.018005
537.875700	0.038910
537.875800	0.051117
537.875900	0.049133
537.876000	0.043030
537.876100	0.037384
537.876200	0.059509
537.876300	0.214386
537.876400	0.612640
537.876500	1.125183
537.876600	1.238861
537.876700	1.224365
537.876800	0.758667
537.876900	0.002441
537.877000	-0.791473
537.877100	-1.182098
537.877200	-1.248627
537.877300	-1.195221
537.877400	-0.687408
537.877500	-0.256500
537.877600	-0.039368
537.877700	0.058746
537.877800	0.165558
537.877900	0.313568
537.878000	0.408936
537.878100	0.385284
537.878200	0.260162
537.878300	0.094452
537.878400	-0.089111
537.878500	-0.238953
537.878600	-0.332336
537.878700	-0.324402
537.878800	-0.224915
537.878900	-0.104218
537.879000	-0.004272
537.879100	0.089264
537.879200	0.181427
537.879300	0.220795
537.879400	0.234985
537.879500	0.144958
537.879600	-0.014801
537.879700	-0.121155
537.879800	-0.143738
537.879900	-0.132294
537.880000	-0.061798
537.880100	0.002747
537.880200	0.047913
537.880300	0.060577
537.880400	0.068512
537.880500	0.073242
537.880600	0.068817
537.880700	0.052948
537.880800	0.028687
537.880900	0.008545
537.881000	-0.004272
537.881100	-0.010071
537.881200	0.001526
537.881300	0.012512
537.881400	0.028076
537.881500	0.038452
537.881600	0.039825
537.881700	0.040436
537.881800	0.042572
537.881900	0.043335
537.882000	0.039978
537.882100	0.041046
537.882200	0.037537
537.882300	0.032959
537.882400	0.029907
537.882500	0.026703
537.882600	0.023499
537.882700	0.021210
537.882800	0.029297
537.882900	0.051880
537.883000	0.072632
537.883100	0.159912
537.883200	0.408783
537.883300	0.918579
537.883400	1.182404
537.883500	1.232300
537.883600	1.097260
537.883700	0.258789
537.883800	-0.706787
537.883900	-1.130066
537.884000	-1.186523
537.884100	-1.237030
537.884200	-0.757294
537.884300	-0.315704
537.884400	-0.080872
537.884500	-0.003052
537.884600	0.025330
537.884700	0.035858
537.884800	0.037537
537.884900	0.050812
537.885000	0.055847
537.885100	0.072479
537.885200	0.102234
537.885300	0.115967
537.885400	0.121002
537.885500	0.090332
537.885600	0.044556
537.885700	-0.005493
537.885800	-0.022278
537.885900	-0.034637
537.886000	-0.024109
537.886100	-0.001984
537.886200	0.020447
537.886300	0.037384
537.886400	0.064392
537.886500	0.087280
537.886600	0.102539
537.886700	0.104523
537.886800	0.112762
537.886900	0.196991
537.887000	0.354462
537.887100	0.478210
537.887200	0.481567
537.887300	0.419922
537.887400	0.317535
537.887500	0.159760
537.887600	-0.048828
537.887700	-0.283661
537.887800	-0.432129
537.887900	-0.502014
537.888000	-0.514221
537.888100	-0.427856
537.888200	-0.247040
537.888300	-0.078583
537.888400	0.005341
537.888500	0.023499
537.888600	0.024261
537.888700	0.026550
537.888800	0.034332
537.888900	0.047150
537.889000	0.061798
537.889100	0.069580
537.889200	0.060425
537.889300	0.048523
537.889400	0.030365
537.889500	0.023346
537.889600	0.030823
537.889700	0.038300
537.889800	0.039520
537.889900	0.034943
537.890000	0.046539
537.890100	0.040741
537.890200	0.041656
537.890300	0.067139
537.890400	0.187378
537.890500	0.369110
537.890600	0.434723
537.890700	0.358276
537.890800	0.199890
537.890900	0.003357
537.891000	-0.185242
537.891100	-0.326385
537.891200	-0.378571
537.891300	-0.274658
537.891400	-0.113831
537.891500	-0.015564
537.891600	0.025024
537.891700	0.042725
537.891800	0.057983
537.891900	0.059509
537.892000	0.064545
537.892100	0.070190
537.892200	0.083313
537.892300	0.084534
537.892400	0.085144
537.892500	0.146332
537.892600	0.349731
537.892700	0.701294
537.892800	0.882263
537.892900	0.871582
537.893000	0.600891
537.893100	0.093689
537.893200	-0.475159
537.893300	-0.841827
537.893400	-0.864105
537.893500	-0.666809
537.893600	-0.296631
537.893700	-0.039062
537.893800	-0.002899
537.893900	-0.065765
537.894000	-0.095215
537.894100	-0.064545
537.894200	-0.018768
537.894300	-0.014648
537.894400	-0.020905
537.894500	-0.018921
537.894600	-0.005646
537.894700	0.008850
537.894800	0.025482
537.894900	0.045013
537.895000	0.045471
537.895100	0.048065
537.895200	0.034790
537.895300	0.037384
537.895400	0.091095
537.895500	0.234680
537.895600	0.477142
537.895700	0.551605
537.895800	0.448761
537.895900	0.281067
537.896000	0.082092
537.896100	-0.137939
537.896200	-0.320740
537.896300	-0.476379
537.896400	-0.554199
537.896500	-0.374603
537.896600	-0.152130
537.896700	-0.017090
537.896800	0.025482
537.896900	0.028229
537.897000	0.025024
537.897100	0.023041
537.897200	0.020447
537.897300	0.018921
537.897400	0.026398
537.897500	0.025024
537.897600	0.026398
537.897700	0.035858
537.897800	0.033264
537.897900	0.035400
537.898000	0.031586
537.898100	0.026550
537.898200	0.027771
537.898300	0.027466
537.898400	0.030670
537.898500	0.033722
537.898600	0.041504
537.898700	0.036316
537.898800	0.042114
537.898900	0.039673
537.899000	0.036621
537.899100	0.036926
537.899200	0.035248
537.899300	0.033417
537.899400	0.034180
537.899500	0.039978
537.899600	0.034332
537.899700	0.036926
537.899800	0.034485
537.899900	0.038452
537.900000	0.042267
537.900100	0.027008
537.900200	0.021667
537.900300	0.011292
537.900400	0.016327
537.900500	0.018768
537.900600	0.030518
537.900700	0.041656
537.900800	0.040131
537.900900	0.034790
537.901000	0.035248
537.901100	0.033569
537.901200	0.030823
537.901300	0.031433
537.901400	0.031586
537.901500	0.030518
537.901600	0.026398
537.901700	0.023499
537.901800	0.025482
537.901900	0.027161
537.902000	0.031281
537.902100	0.040436
537.902200	0.041809
537.902300	0.034485
537.902400	0.030518
537.902500	0.029297
537.902600	0.028992
537.902700	0.025787
537.902800	0.024261
537.902900	0.024719
537.903000	0.024261
537.903100	0.030823
537.903200	0.035248
537.903300	0.030670
537.903400	0.036011
537.903500	0.036926
537.903600	0.040741
537.903700	0.042419
537.903800	0.038452
537.903900	0.039978
537.904000	0.042877
537.904100	0.052490
537.904200	0.057831
537.904300	0.057526
537.904400	0.050049
537.904500	0.026245
537.904600	0.003967
537.904700	0.003204
537.904800	0.006256
537.904900	0.018616
537.905000	0.037537
537.905100	0.037231
537.905200	0.043335
537.905300	0.038300
537.905400	0.035858
537.905500	0.032654
537.905600	0.036011
537.905700	0.037231
537.905800	0.037842
537.905900	0.030670
537.906000	0.042267
537.906100	0.046539
537.906200	0.058594
537.906300	0.062561
537.906400	0.062561
537.906500	0.054932
537.906600	0.046387
537.906700	0.051727
537.906800	0.136719
537.906900	0.406494
537.907000	0.771484
537.907100	0.966187
537.907200	0.879822
