121.290500	0.057831
121.290600	0.047302
121.290700	0.048828
121.290800	0.045471
121.290900	0.051880
121.291000	0.054016
121.291100	0.053406
121.291200	0.051422
121.291300	0.053253
121.291400	0.056763
121.291500	0.057220
121.291600	0.059357
121.291700	0.064240
121.291800	0.061798
121.291900	0.064087
121.292000	0.062103
121.292100	0.058136
121.292200	0.056305
121.292300	0.049744
121.292400	0.046234
121.292500	0.041046
121.292600	0.030823
121.292700	0.024414
121.292800	0.024872
121.292900	0.019836
121.293000	0.016022
121.293100	0.010986
121.293200	0.015717
121.293300	0.015106
121.293400	0.028229
121.293500	0.041809
121.293600	0.058899
121.293700	0.081635
121.293800	0.098267
121.293900	0.113831
121.294000	0.119781
121.294100	0.122375
121.294200	0.119629
121.294300	0.116119
121.294400	0.108185
121.294500	0.092773
121.294600	0.085144
121.294700	0.055237
121.294800	0.037689
121.294900	0.007782
121.295000	-0.011139
121.295100	-0.035095
121.295200	-0.059052
121.295300	-0.069580
121.295400	-0.081940
121.295500	-0.095062
121.295600	-0.089264
121.295700	-0.082550
121.295800	-0.057831
121.295900	-0.017395
121.296000	0.028687
121.296100	0.085907
121.296200	0.146637
121.296300	0.189514
121.296400	0.216827
121.296500	0.218201
121.296600	0.209961
121.296700	0.186157
121.296800	0.166168
121.296900	0.124207
121.297000	0.086823
121.297100	0.044556
121.297200	0.001678
121.297300	-0.048065
121.297400	-0.093994
121.297500	-0.135345
121.297600	-0.178528
121.297700	-0.214539
121.297800	-0.234375
121.297900	-0.259247
121.298000	-0.272675
121.298100	-0.278625
121.298200	-0.288696
121.298300	-0.284271
121.298400	-0.281067
121.298500	-0.248718
121.298600	-0.209045
121.298700	-0.164948
121.298800	-0.123138
121.298900	-0.084686
121.299000	-0.052338
121.299100	-0.020447
121.299200	-0.006104
121.299300	-0.000763
121.299400	0.007324
121.299500	0.005188
121.299600	0.008545
121.299700	0.009613
121.299800	0.012360
121.299900	0.017395
121.300000	0.028992
121.300100	0.035400
121.300200	0.045013
121.300300	0.057983
121.300400	0.070953
121.300500	0.086975
121.300600	0.084839
121.300700	0.091095
121.300800	0.088043
121.300900	0.086975
121.301000	0.085754
121.301100	0.082703
121.301200	0.076294
121.301300	0.064850
121.301400	0.048065
121.301500	0.026093
121.301600	0.006866
121.301700	-0.009766
121.301800	-0.020905
121.301900	-0.038910
121.302000	-0.043335
121.302100	-0.046539
121.302200	-0.044556
121.302300	-0.043640
121.302400	-0.045624
121.302500	-0.043640
121.302600	-0.045471
121.302700	-0.033875
121.302800	-0.025940
121.302900	-0.013733
121.303000	-0.003052
121.303100	-0.001526
121.303200	0.003815
121.303300	0.006256
121.303400	0.009460
121.303500	0.005035
121.303600	0.005188
121.303700	-0.003967
121.303800	0.001221
121.303900	-0.001984
121.304000	-0.005646
121.304100	-0.005493
121.304200	-0.009918
121.304300	-0.014648
121.304400	-0.021820
121.304500	-0.023651
121.304600	-0.026245
121.304700	-0.021973
121.304800	-0.028229
121.304900	-0.023346
121.305000	-0.021973
121.305100	-0.021667
121.305200	-0.019226
121.305300	-0.021362
121.305400	-0.025177
121.305500	-0.016174
121.305600	-0.014801
121.305700	-0.014801
121.305800	-0.001984
121.305900	-0.004883
121.306000	0.003357
121.306100	-0.001831
121.306200	0.002747
121.306300	-0.002289
121.306400	-0.001221
121.306500	-0.000763
121.306600	-0.008545
121.306700	-0.008240
121.306800	-0.001068
121.306900	-0.006714
121.307000	-0.006714
121.307100	-0.014343
121.307200	-0.017700
121.307300	-0.022736
121.307400	-0.022736
121.307500	-0.019989
121.307600	-0.010223
121.307700	-0.012817
121.307800	-0.010529
121.307900	-0.007477
121.308000	-0.014648
121.308100	-0.014343
121.308200	-0.010834
121.308300	-0.004578
121.308400	0.001831
121.308500	0.015564
121.308600	0.037079
121.308700	0.067596
121.308800	0.108795
121.308900	0.166321
121.309000	0.233002
121.309100	0.316162
121.309200	0.402069
121.309300	0.480957
121.309400	0.536499
121.309500	0.553741
121.309600	0.549469
121.309700	0.517426
121.309800	0.477142
121.309900	0.418549
121.310000	0.360260
121.310100	0.301819
121.310200	0.228271
121.310300	0.172119
121.310400	0.097809
121.310500	0.027924
121.310600	-0.050354
121.310700	-0.123291
121.310800	-0.186005
121.310900	-0.239105
121.311000	-0.274506
121.311100	-0.282440
121.311200	-0.263367
121.311300	-0.232391
121.311400	-0.200195
121.311500	-0.149536
121.311600	-0.112000
121.311700	-0.067291
121.311800	-0.018005
121.311900	0.060272
121.312000	0.113525
121.312100	0.160217
121.312200	0.182953
121.312300	0.159912
121.312400	0.090332
121.312500	-0.008392
121.312600	-0.129700
121.312700	-0.263519
121.312800	-0.390930
121.312900	-0.501556
121.313000	-0.608673
121.313100	-0.680695
121.313200	-0.723114
121.313300	-0.747223
121.313400	-0.745697
121.313500	-0.721893
121.313600	-0.684357
121.313700	-0.630951
121.313800	-0.551758
121.313900	-0.469055
121.314000	-0.369110
121.314100	-0.277405
121.314200	-0.186768
121.314300	-0.116882
121.314400	-0.067902
121.314500	-0.032043
121.314600	-0.011597
121.314700	0.004425
121.314800	0.018158
121.314900	0.017548
121.315000	0.013428
121.315100	0.016785
121.315200	0.018005
121.315300	0.019989
121.315400	0.016479
121.315500	0.018005
121.315600	0.017700
121.315700	0.023193
121.315800	0.019684
121.315900	0.018463
121.316000	0.028687
121.316100	0.032196
121.316200	0.035095
121.316300	0.046539
121.316400	0.059357
121.316500	0.068359
121.316600	0.082092
121.316700	0.080109
121.316800	0.092316
121.316900	0.090179
121.317000	0.092316
121.317100	0.083618
121.317200	0.079651
121.317300	0.075684
121.317400	0.078125
121.317500	0.071564
121.317600	0.057831
121.317700	0.049438
121.317800	0.028992
121.317900	0.019226
121.318000	0.006256
121.318100	-0.008087
121.318200	-0.017242
121.318300	-0.029297
121.318400	-0.043793
121.318500	-0.060730
121.318600	-0.071259
121.318700	-0.083771
121.318800	-0.081024
121.318900	-0.086670
121.319000	-0.084229
121.319100	-0.086975
121.319200	-0.083923
121.319300	-0.090790
121.319400	-0.085297
121.319500	-0.078430
121.319600	-0.072327
121.319700	-0.066376
121.319800	-0.053253
121.319900	-0.044403
121.320000	-0.032501
121.320100	-0.020447
121.320200	-0.019226
121.320300	-0.014801
121.320400	-0.009460
121.320500	-0.007477
121.320600	-0.003357
121.320700	-0.004730
121.320800	-0.003815
121.320900	-0.005341
121.321000	0.000153
121.321100	-0.001831
121.321200	0.000153
121.321300	0.001678
121.321400	-0.002136
121.321500	0.000153
121.321600	-0.001526
121.321700	0.010223
121.321800	0.010986
121.321900	0.009308
121.322000	0.009918
121.322100	0.008392
121.322200	0.004272
121.322300	0.006409
121.322400	0.001221
121.322500	0.008392
121.322600	0.003204
121.322700	0.000610
121.322800	0.001068
121.322900	-0.005951
121.323000	-0.012970
121.323100	-0.010681
121.323200	-0.011597
121.323300	-0.006714
121.323400	-0.007324
121.323500	-0.008545
121.323600	-0.013885
121.323700	-0.004425
121.323800	-0.005646
121.323900	-0.005798
121.324000	-0.002747
121.324100	-0.001068
121.324200	-0.004578
121.324300	-0.009308
121.324400	-0.000610
121.324500	-0.002899
121.324600	-0.006256
121.324700	-0.001221
121.324800	-0.002441
121.324900	-0.003510
121.325000	-0.002594
121.325100	0.000916
121.325200	-0.003357
121.325300	-0.000916
121.325400	-0.001678
121.325500	-0.003357
121.325600	-0.008240
121.325700	-0.002441
121.325800	-0.002441
121.325900	-0.004120
121.326000	0.000916
121.326100	0.004425
121.326200	0.012054
121.326300	0.007629
121.326400	0.005493
121.326500	0.000610
121.326600	-0.005646
121.326700	-0.001984
121.326800	0.000153
121.326900	0.000763
121.327000	-0.001373
121.327100	-0.001373
121.327200	0.000458
121.327300	0.002289
121.327400	0.007477
121.327500	0.007629
121.327600	0.008240
121.327700	0.007782
121.327800	0.001831
121.327900	-0.002289
121.328000	-0.007324
121.328100	-0.010834
121.328200	-0.014038
121.328300	-0.018311
121.328400	-0.026093
121.328500	-0.029297
121.328600	-0.029907
121.328700	-0.035248
121.328800	-0.032654
121.328900	-0.035095
121.329000	-0.041656
121.329100	-0.042114
121.329200	-0.043640
121.329300	-0.049744
121.329400	-0.053711
121.329500	-0.056763
121.329600	-0.051270
121.329700	-0.055237
121.329800	-0.053711
121.329900	-0.045013
121.330000	-0.050659
121.330100	-0.041809
121.330200	-0.037079
121.330300	-0.034943
121.330400	-0.037842
121.330500	-0.037079
121.330600	-0.036469
121.330700	-0.026550
121.330800	-0.029755
121.330900	-0.027618
121.331000	-0.022583
121.331100	-0.029755
121.331200	-0.025024
121.331300	-0.030212
121.331400	-0.031586
121.331500	-0.031281
121.331600	-0.031433
121.331700	-0.037384
121.331800	-0.032959
121.331900	-0.031433
121.332000	-0.030365
121.332100	-0.030365
121.332200	-0.028076
121.332300	-0.027466
121.332400	-0.030670
121.332500	-0.031738
121.332600	-0.034332
121.332700	-0.027466
121.332800	-0.027618
121.332900	-0.030212
121.333000	-0.023804
121.333100	-0.019073
121.333200	-0.021667
121.333300	-0.019684
121.333400	-0.023956
121.333500	-0.022125
121.333600	-0.016632
121.333700	-0.015717
121.333800	-0.013885
121.333900	-0.013885
121.334000	-0.019073
121.334100	-0.015106
121.334200	-0.011749
121.334300	-0.012207
121.334400	-0.013885
121.334500	-0.016479
121.334600	-0.019226
121.334700	-0.025024
121.334800	-0.031433
121.334900	-0.026855
121.335000	-0.037537
121.335100	-0.034637
121.335200	-0.036011
121.335300	-0.034180
121.335400	-0.031891
121.335500	-0.034485
121.335600	-0.028534
121.335700	-0.029449
121.335800	-0.026855
121.335900	-0.023804
121.336000	-0.018616
121.336100	-0.011444
121.336200	-0.006256
121.336300	-0.005341
121.336400	0.006561
121.336500	0.012512
121.336600	0.013428
121.336700	0.007935
121.336800	0.014038
121.336900	0.014648
121.337000	0.017090
121.337100	0.024567
121.337200	0.030060
121.337300	0.024414
121.337400	0.016479
121.337500	0.009460
121.337600	-0.000458
121.337700	-0.009766
121.337800	-0.026550
121.337900	-0.031433
121.338000	-0.041199
121.338100	-0.047760
121.338200	-0.048828
121.338300	-0.049286
121.338400	-0.051422
121.338500	-0.059509
121.338600	-0.063171
121.338700	-0.068054
121.338800	-0.063019
121.338900	-0.067139
121.339000	-0.060577
121.339100	-0.047455
121.339200	-0.042877
121.339300	-0.036011
121.339400	-0.025635
121.339500	-0.022583
121.339600	-0.015259
121.339700	-0.010529
121.339800	-0.004883
121.339900	-0.003204
121.340000	0.004425
121.340100	0.004578
121.340200	-0.001678
121.340300	-0.005646
121.340400	-0.020447
121.340500	-0.030670
121.340600	-0.046844
121.340700	-0.055542
121.340800	-0.063171
121.340900	-0.063324
121.341000	-0.058136
121.341100	-0.059357
121.341200	-0.056000
121.341300	-0.047455
121.341400	-0.046387
121.341500	-0.047455
121.341600	-0.039368
121.341700	-0.034332
121.341800	-0.015259
121.341900	0.000458
121.342000	0.026093
121.342100	0.049591
121.342200	0.079498
121.342300	0.102386
121.342400	0.124512
121.342500	0.132141
121.342600	0.128479
121.342700	0.134888
121.342800	0.118408
121.342900	0.103455
121.343000	0.073547
121.343100	0.040894
121.343200	0.006256
121.343300	-0.038147
121.343400	-0.076447
121.343500	-0.120850
121.343600	-0.150452
121.343700	-0.176849
121.343800	-0.195618
121.343900	-0.192719
121.344000	-0.188751
