125.284100	0.146942
125.284200	0.205078
125.284300	0.271454
125.284400	0.361176
125.284500	0.462341
125.284600	0.574036
125.284700	0.653687
125.284800	0.681763
125.284900	0.667419
125.285000	0.615387
125.285100	0.560150
125.285200	0.491791
125.285300	0.416565
125.285400	0.330658
125.285500	0.250549
125.285600	0.171814
125.285700	0.083618
125.285800	-0.005035
125.285900	-0.102997
125.286000	-0.193176
125.286100	-0.286560
125.286200	-0.372467
125.286300	-0.447845
125.286400	-0.514526
125.286500	-0.572357
125.286600	-0.616760
125.286700	-0.664673
125.286800	-0.706482
125.286900	-0.740356
125.287000	-0.748596
125.287100	-0.723419
125.287200	-0.653992
125.287300	-0.543671
125.287400	-0.426788
125.287500	-0.316010
125.287600	-0.226593
125.287700	-0.154724
125.287800	-0.096130
125.287900	-0.052490
125.288000	-0.020142
125.288100	-0.008698
125.288200	-0.002594
125.288300	0.005798
125.288400	0.003815
125.288500	-0.001678
125.288600	0.002594
125.288700	0.000458
125.288800	-0.001221
125.288900	-0.006866
125.289000	-0.008392
125.289100	-0.008240
125.289200	-0.001526
125.289300	-0.001373
125.289400	0.011292
125.289500	0.026550
125.289600	0.054779
125.289700	0.102539
125.289800	0.164795
125.289900	0.242767
125.290000	0.330353
125.290100	0.422974
125.290200	0.498047
125.290300	0.543213
125.290400	0.561066
125.290500	0.558167
125.290600	0.527954
125.290700	0.477753
125.290800	0.400696
125.290900	0.303040
125.291000	0.171509
125.291100	0.038910
125.291200	-0.106964
125.291300	-0.243530
125.291400	-0.365906
125.291500	-0.463715
125.291600	-0.535736
125.291700	-0.586395
125.291800	-0.614624
125.291900	-0.628967
125.292000	-0.621643
125.292100	-0.590820
125.292200	-0.540924
125.292300	-0.469360
125.292400	-0.388947
125.292500	-0.298920
125.292600	-0.211945
125.292700	-0.137329
125.292800	-0.085907
125.292900	-0.048218
125.293000	-0.024872
125.293100	-0.005341
125.293200	0.000153
125.293300	0.005035
125.293400	0.000916
125.293500	0.007324
125.293600	0.004272
125.293700	0.004883
125.293800	0.008545
125.293900	0.008698
125.294000	0.002136
125.294100	-0.002289
125.294200	-0.001831
125.294300	0.004272
125.294400	0.007324
125.294500	0.003510
125.294600	0.004578
125.294700	0.004883
125.294800	0.004730
125.294900	0.009460
125.295000	0.022583
125.295100	0.038300
125.295200	0.075836
125.295300	0.139008
125.295400	0.220490
125.295500	0.329285
125.295600	0.482635
125.295700	0.682068
125.295800	0.921173
125.295900	1.149292
125.296000	1.274414
125.296100	1.333313
125.296200	1.355591
125.296300	1.377869
125.296400	1.419678
125.296500	1.475525
125.296600	1.497192
125.296700	1.415405
125.296800	1.180573
125.296900	0.821228
125.297000	0.415497
125.297100	0.018311
125.297200	-0.378876
125.297300	-0.762482
125.297400	-1.125183
125.297500	-1.452789
125.297600	-1.593323
125.297700	-1.620789
125.297800	-1.611633
125.297900	-1.598816
125.298000	-1.600342
125.298100	-1.614227
125.298200	-1.586456
125.298300	-1.474457
125.298400	-1.241608
125.298500	-0.986786
125.298600	-0.755463
125.298700	-0.567169
125.298800	-0.421600
125.298900	-0.310822
125.299000	-0.223999
125.299100	-0.170441
125.299200	-0.118561
125.299300	-0.089569
125.299400	-0.055847
125.299500	-0.036163
125.299600	-0.013428
125.299700	0.000610
125.299800	0.009155
125.299900	0.019226
125.300000	0.020905
125.300100	0.024109
125.300200	0.023804
125.300300	0.016174
125.300400	0.015106
125.300500	0.012054
125.300600	0.006714
125.300700	0.009613
125.300800	0.013428
125.300900	0.009003
125.301000	0.013123
125.301100	0.008698
125.301200	0.010834
125.301300	0.016479
125.301400	0.019073
125.301500	0.019684
125.301600	0.021057
125.301700	0.019989
125.301800	0.022430
125.301900	0.021210
125.302000	0.020447
125.302100	0.023499
125.302200	0.020599
125.302300	0.018921
125.302400	0.020447
125.302500	0.017700
125.302600	0.017090
125.302700	0.014801
125.302800	0.017242
125.302900	0.040131
125.303000	0.096283
125.303100	0.182800
125.303200	0.345917
125.303300	0.577698
125.303400	0.856476
125.303500	1.165466
125.303600	1.469116
125.303700	1.717529
125.303800	1.916046
125.303900	2.081451
125.304000	2.220001
125.304100	2.316589
125.304200	2.362213
125.304300	2.349548
125.304400	2.230225
125.304500	1.968994
125.304600	1.521454
125.304700	0.934601
125.304800	0.246429
125.304900	-0.451965
125.305000	-1.081696
125.305100	-1.792297
125.305200	-2.238312
125.305300	-2.520447
125.305400	-2.681732
125.305500	-2.751770
125.305600	-2.758942
125.305700	-2.725220
125.305800	-2.668457
125.305900	-2.540894
125.306000	-2.307281
125.306100	-1.973267
125.306200	-1.559906
125.306300	-1.226959
125.306400	-0.752716
125.306500	-0.458374
125.306600	-0.248260
125.306700	-0.104370
125.306800	-0.028687
125.306900	0.006256
125.307000	0.018768
125.307100	0.023193
125.307200	0.020752
125.307300	0.019989
125.307400	0.019531
125.307500	0.022278
125.307600	0.033264
125.307700	0.068665
125.307800	0.113220
125.307900	0.187378
125.308000	0.282745
125.308100	0.407715
125.308200	0.561829
125.308300	0.741730
125.308400	0.884094
125.308500	0.961914
125.308600	0.992126
125.308700	0.993042
125.308800	0.993805
125.308900	1.006165
125.309000	1.011047
125.309100	0.987396
125.309200	0.879211
125.309300	0.659332
125.309400	0.345459
125.309500	0.007935
125.309600	-0.326538
125.309700	-0.625000
125.309800	-0.858154
125.309900	-1.008606
125.310000	-1.058655
125.310100	-1.058960
125.310200	-1.028900
125.310300	-1.004181
125.310400	-0.981140
125.310500	-0.950775
125.310600	-0.901184
125.310700	-0.790710
125.310800	-0.630951
125.310900	-0.451965
125.311000	-0.301819
125.311100	-0.181885
125.311200	-0.094757
125.311300	-0.031738
125.311400	0.011749
125.311500	0.034637
125.311600	0.032654
125.311700	0.028534
125.311800	0.023346
125.311900	0.021362
125.312000	0.016022
125.312100	0.018005
125.312200	0.020752
125.312300	0.016785
125.312400	0.015106
125.312500	0.014496
125.312600	0.009308
125.312700	0.008087
125.312800	0.019684
125.312900	0.021515
125.313000	0.026398
125.313100	0.024872
125.313200	0.026703
125.313300	0.029297
125.313400	0.035095
125.313500	0.029907
125.313600	0.026245
125.313700	0.021973
125.313800	0.018463
125.313900	0.015564
125.314000	0.017242
125.314100	0.010529
125.314200	0.009766
125.314300	-0.001068
125.314400	-0.003052
125.314500	0.003357
125.314600	0.010223
125.314700	0.022583
125.314800	0.056152
125.314900	0.116730
125.315000	0.202637
125.315100	0.332489
125.315200	0.495911
125.315300	0.707855
125.315400	0.969391
125.315500	1.272125
125.315600	1.543732
125.315700	1.719666
125.315800	1.775818
125.315900	1.781158
125.316000	1.772766
125.316100	1.770630
125.316200	1.770630
125.316300	1.737823
125.316400	1.614990
125.316500	1.353149
125.316600	0.976868
125.316700	0.571594
125.316800	0.202637
125.316900	-0.141144
125.317000	-0.469971
125.317100	-0.804291
125.317200	-1.125031
125.317300	-1.505737
125.317400	-1.685028
125.317500	-1.739502
125.317600	-1.722870
125.317700	-1.692963
125.317800	-1.676483
125.317900	-1.676636
125.318000	-1.669769
125.318100	-1.593628
125.318200	-1.430969
125.318300	-1.227417
125.318400	-1.052856
125.318500	-0.901794
125.318600	-0.787964
125.318700	-0.696869
125.318800	-0.613556
125.318900	-0.540009
125.319000	-0.482483
125.319100	-0.434265
125.319200	-0.394592
125.319300	-0.362701
125.319400	-0.327759
125.319500	-0.310211
125.319600	-0.286560
125.319700	-0.263977
125.319800	-0.245361
125.319900	-0.209503
125.320000	-0.169525
125.320100	-0.134583
125.320200	-0.097961
125.320300	-0.059204
125.320400	-0.024567
125.320500	0.000916
125.320600	0.024567
125.320700	0.039673
125.320800	0.055847
125.320900	0.060120
125.321000	0.057373
125.321100	0.059204
125.321200	0.059357
125.321300	0.066071
125.321400	0.057678
125.321500	0.057526
125.321600	0.055542
125.321700	0.054169
125.321800	0.046692
125.321900	0.047455
125.322000	0.045166
125.322100	0.048828
125.322200	0.050507
125.322300	0.046844
125.322400	0.051117
125.322500	0.054016
125.322600	0.049438
125.322700	0.042877
125.322800	0.049286
125.322900	0.050049
125.323000	0.048218
125.323100	0.051270
125.323200	0.049438
125.323300	0.056000
125.323400	0.053406
125.323500	0.054169
125.323600	0.055695
125.323700	0.050964
125.323800	0.051117
125.323900	0.045166
125.324000	0.043335
125.324100	0.038910
125.324200	0.039215
125.324300	0.037384
125.324400	0.039368
125.324500	0.048523
125.324600	0.060272
125.324700	0.071869
125.324800	0.104980
125.324900	0.137939
125.325000	0.196533
125.325100	0.258179
125.325200	0.328674
125.325300	0.378571
125.325400	0.422363
125.325500	0.441437
125.325600	0.450134
125.325700	0.452576
125.325800	0.432434
125.325900	0.393982
125.326000	0.326233
125.326100	0.235901
125.326200	0.129242
125.326300	0.027313
125.326400	-0.095978
125.326500	-0.201416
125.326600	-0.290833
125.326700	-0.367432
125.326800	-0.407104
125.326900	-0.430908
125.327000	-0.432587
125.327100	-0.425568
125.327200	-0.420685
125.327300	-0.408173
125.327400	-0.374451
125.327500	-0.329132
125.327600	-0.270996
125.327700	-0.218048
125.327800	-0.165253
125.327900	-0.124664
125.328000	-0.086365
125.328100	-0.060577
125.328200	-0.041504
125.328300	-0.028229
125.328400	-0.018463
125.328500	-0.010223
125.328600	-0.006561
125.328700	-0.003204
125.328800	0.012817
125.328900	0.015564
125.329000	0.022125
125.329100	0.030670
125.329200	0.034180
125.329300	0.037842
125.329400	0.052948
125.329500	0.065613
125.329600	0.076447
125.329700	0.087585
125.329800	0.098419
125.329900	0.102081
125.330000	0.099640
125.330100	0.096588
125.330200	0.090942
125.330300	0.077667
125.330400	0.065918
125.330500	0.041809
125.330600	0.007477
125.330700	-0.023651
125.330800	-0.055237
125.330900	-0.077972
125.331000	-0.101471
125.331100	-0.115509
125.331200	-0.118103
125.331300	-0.119476
125.331400	-0.113983
125.331500	-0.113220
125.331600	-0.106201
125.331700	-0.098572
125.331800	-0.093079
125.331900	-0.075226
125.332000	-0.057373
125.332100	-0.050201
125.332200	-0.034027
125.332300	-0.026703
125.332400	-0.020599
125.332500	-0.018463
125.332600	-0.017395
125.332700	-0.001678
125.332800	0.007477
125.332900	0.035095
125.333000	0.073853
125.333100	0.138397
125.333200	0.206604
125.333300	0.292358
125.333400	0.390778
125.333500	0.477448
125.333600	0.538940
125.333700	0.575104
125.333800	0.587463
125.333900	0.562897
125.334000	0.523224
125.334100	0.453186
125.334200	0.366669
125.334300	0.260468
125.334400	0.131073
125.334500	-0.004272
125.334600	-0.142365
125.334700	-0.272827
125.334800	-0.384979
125.334900	-0.483856
125.335000	-0.555725
125.335100	-0.610352
125.335200	-0.650787
125.335300	-0.667725
125.335400	-0.665131
125.335500	-0.633545
125.335600	-0.585175
125.335700	-0.506744
125.335800	-0.416718
125.335900	-0.319672
125.336000	-0.236206
125.336100	-0.162048
125.336200	-0.101624
125.336300	-0.052795
125.336400	-0.009460
125.336500	0.036469
125.336600	0.093231
125.336700	0.160217
125.336800	0.236511
125.336900	0.343628
125.337000	0.445709
125.337100	0.548401
125.337200	0.643158
125.337300	0.709839
125.337400	0.748138
125.337500	0.767975
125.337600	0.754242
