78.589700	0.005035
78.589800	0.000000
78.589900	-0.002899
78.590000	-0.001678
78.590100	-0.003204
78.590200	-0.009155
78.590300	-0.007477
78.590400	-0.008392
78.590500	-0.013428
78.590600	-0.012970
78.590700	-0.024719
78.590800	-0.022278
78.590900	-0.021667
78.591000	-0.023499
78.591100	-0.023804
78.591200	-0.029907
78.591300	-0.028229
78.591400	-0.029297
78.591500	-0.028687
78.591600	-0.034180
78.591700	-0.029755
78.591800	-0.030975
78.591900	-0.031738
78.592000	-0.030518
78.592100	-0.028992
78.592200	-0.033417
78.592300	-0.029907
78.592400	-0.030060
78.592500	-0.024109
78.592600	-0.029907
78.592700	-0.025635
78.592800	-0.023956
78.592900	-0.029144
78.593000	-0.025482
78.593100	-0.027466
78.593200	-0.031738
78.593300	-0.024872
78.593400	-0.028229
78.593500	-0.025024
78.593600	-0.017548
78.593700	-0.014954
78.593800	-0.019684
78.593900	-0.014648
78.594000	-0.020447
78.594100	-0.020294
78.594200	-0.019073
78.594300	-0.020599
78.594400	-0.023193
78.594500	-0.023499
78.594600	-0.021667
78.594700	-0.019226
78.594800	-0.018768
78.594900	-0.016785
78.595000	-0.022278
78.595100	-0.019226
78.595200	-0.016479
78.595300	-0.016937
78.595400	-0.018921
78.595500	-0.018158
78.595600	-0.013885
78.595700	-0.016632
78.595800	-0.015411
78.595900	-0.014496
78.596000	-0.018921
78.596100	-0.020447
78.596200	-0.017853
78.596300	-0.020142
78.596400	-0.009308
78.596500	-0.007477
78.596600	-0.009766
78.596700	-0.011749
78.596800	-0.011444
78.596900	-0.009003
78.597000	-0.013428
78.597100	-0.008850
78.597200	-0.007935
78.597300	-0.009766
78.597400	-0.009918
78.597500	-0.013275
78.597600	-0.008850
78.597700	-0.011597
78.597800	-0.010986
78.597900	-0.009308
78.598000	-0.007629
78.598100	-0.008240
78.598200	-0.008087
78.598300	-0.005188
78.598400	-0.001831
78.598500	-0.006256
78.598600	-0.008392
78.598700	-0.003052
78.598800	-0.001068
78.598900	-0.001221
78.599000	-0.007782
78.599100	-0.005341
78.599200	-0.006561
78.599300	-0.002441
78.599400	-0.003662
78.599500	-0.003204
78.599600	-0.005341
78.599700	-0.005035
78.599800	-0.004883
78.599900	-0.008545
78.600000	-0.006104
78.600100	-0.004272
78.600200	-0.003967
78.600300	0.000916
78.600400	-0.008240
78.600500	-0.003510
78.600600	-0.004425
78.600700	-0.004730
78.600800	-0.005951
78.600900	-0.006409
78.601000	-0.000763
78.601100	0.003052
78.601200	0.000153
78.601300	-0.004578
78.601400	-0.003204
78.601500	-0.003815
78.601600	-0.001984
78.601700	-0.000610
78.601800	0.000305
78.601900	0.000000
78.602000	0.003052
78.602100	0.002747
78.602200	-0.000305
78.602300	0.002594
78.602400	0.001526
78.602500	0.000153
78.602600	0.002441
78.602700	-0.001373
78.602800	0.002136
78.602900	0.000000
78.603000	0.002441
78.603100	0.005035
78.603200	0.003204
78.603300	0.005951
78.603400	0.005035
78.603500	0.001678
78.603600	0.003967
78.603700	0.003052
78.603800	-0.001221
78.603900	0.002289
78.604000	0.004120
78.604100	0.001526
78.604200	0.003967
78.604300	-0.002289
78.604400	-0.000153
78.604500	0.001678
78.604600	0.004578
78.604700	-0.000610
78.604800	-0.002289
78.604900	-0.000458
78.605000	-0.001526
78.605100	0.000305
78.605200	0.000458
78.605300	-0.000763
78.605400	0.006561
78.605500	0.008392
78.605600	0.002136
78.605700	-0.001678
78.605800	-0.001831
78.605900	0.005188
78.606000	0.004120
78.606100	0.008087
78.606200	0.003662
78.606300	0.005035
78.606400	0.004883
78.606500	0.005646
78.606600	0.006409
78.606700	0.004883
78.606800	0.001526
78.606900	0.004578
78.607000	0.002747
78.607100	0.005035
78.607200	0.004883
78.607300	0.005188
78.607400	0.006561
78.607500	0.005493
78.607600	0.002441
78.607700	-0.002136
78.607800	0.000305
78.607900	0.003662
78.608000	0.004120
78.608100	0.005035
78.608200	0.004730
78.608300	0.005646
78.608400	0.002441
78.608500	0.003967
78.608600	0.002136
78.608700	0.003967
78.608800	0.004883
78.608900	0.004272
78.609000	0.003204
78.609100	0.002747
78.609200	0.006256
78.609300	0.003815
78.609400	0.002136
78.609500	0.003967
78.609600	0.000916
78.609700	0.004730
78.609800	0.005188
78.609900	0.003357
78.610000	0.001984
78.610100	0.002899
78.610200	0.002594
78.610300	0.005188
78.610400	0.004120
78.610500	0.005951
78.610600	0.005341
78.610700	0.009308
78.610800	0.005188
78.610900	0.006256
78.611000	0.008545
78.611100	-0.001526
78.611200	-0.001068
78.611300	0.007782
78.611400	0.006104
78.611500	-0.000610
78.611600	0.004120
78.611700	0.002136
78.611800	0.005646
78.611900	0.003662
78.612000	0.004883
78.612100	0.010986
78.612200	0.010071
78.612300	0.002441
78.612400	0.009003
78.612500	0.004425
78.612600	0.007324
78.612700	0.000763
78.612800	0.000610
78.612900	0.003967
78.613000	0.001831
78.613100	0.001221
78.613200	0.000153
78.613300	0.002899
78.613400	0.006561
78.613500	0.003204
78.613600	0.006866
78.613700	0.002136
78.613800	0.001221
78.613900	0.004730
78.614000	0.005951
78.614100	0.003967
78.614200	0.005798
78.614300	0.001373
78.614400	0.006104
78.614500	0.001373
78.614600	0.009003
78.614700	0.004425
78.614800	0.002747
78.614900	0.007935
78.615000	0.005188
78.615100	0.002747
78.615200	0.006409
78.615300	0.008545
78.615400	0.002441
78.615500	0.006561
78.615600	-0.002441
78.615700	0.001526
78.615800	0.005646
78.615900	0.001068
78.616000	0.000916
78.616100	0.005493
78.616200	0.003967
78.616300	0.005035
78.616400	0.004730
78.616500	0.002289
78.616600	0.004425
78.616700	0.002136
78.616800	-0.002289
78.616900	0.002594
78.617000	0.002136
78.617100	0.008698
78.617200	0.006104
78.617300	0.003052
78.617400	0.004425
78.617500	0.003510
78.617600	0.000000
78.617700	0.000916
78.617800	0.000763
78.617900	0.001526
78.618000	0.002441
78.618100	0.000763
78.618200	0.001678
78.618300	-0.002747
78.618400	0.007324
78.618500	0.003662
78.618600	0.005188
78.618700	-0.000763
78.618800	0.002289
78.618900	0.002899
78.619000	0.000305
78.619100	-0.000153
78.619200	0.002289
78.619300	0.004578
78.619400	0.007324
78.619500	0.003662
78.619600	0.003967
78.619700	0.002747
78.619800	-0.000916
78.619900	-0.004120
78.620000	-0.006561
78.620100	-0.002899
78.620200	-0.001373
78.620300	0.000000
78.620400	0.001678
78.620500	0.003967
78.620600	0.001984
78.620700	0.006561
78.620800	0.009308
78.620900	0.007782
78.621000	0.000610
78.621100	0.003204
78.621200	0.003815
78.621300	0.005646
78.621400	0.006714
78.621500	0.008392
78.621600	0.006561
78.621700	0.007019
78.621800	0.008850
78.621900	0.007782
78.622000	0.006409
78.622100	0.004883
78.622200	0.000763
78.622300	0.001678
78.622400	0.009155
78.622500	0.003052
78.622600	0.001526
78.622700	0.006866
78.622800	0.005035
78.622900	0.003357
78.623000	0.003510
78.623100	0.002747
78.623200	0.001373
78.623300	0.003510
78.623400	0.004272
78.623500	0.003662
78.623600	0.001526
78.623700	0.003967
78.623800	0.007324
78.623900	0.007019
78.624000	0.004120
78.624100	0.002594
78.624200	0.005035
78.624300	-0.001221
78.624400	0.002136
78.624500	0.004883
78.624600	0.001831
78.624700	0.008087
78.624800	0.005493
78.624900	0.005493
78.625000	0.000000
78.625100	0.005951
78.625200	0.003662
78.625300	0.002441
78.625400	0.002136
78.625500	0.007782
78.625600	0.005646
78.625700	0.002441
78.625800	0.005188
78.625900	0.006104
78.626000	0.006561
78.626100	0.002441
78.626200	0.006866
78.626300	0.007935
78.626400	0.000916
78.626500	0.004578
78.626600	-0.001678
78.626700	0.002594
78.626800	0.004120
78.626900	0.005188
78.627000	0.000916
78.627100	0.003052
78.627200	0.008087
78.627300	0.003357
78.627400	0.007935
78.627500	0.002899
78.627600	0.007629
78.627700	0.001068
78.627800	0.003052
78.627900	0.004578
78.628000	0.005341
78.628100	0.001068
78.628200	0.001526
78.628300	0.003357
78.628400	0.003662
78.628500	0.001984
78.628600	-0.001678
78.628700	0.000000
78.628800	0.000153
78.628900	-0.000458
78.629000	-0.003204
78.629100	-0.001373
78.629200	-0.003662
78.629300	0.000610
78.629400	0.001221
78.629500	0.005188
78.629600	0.001678
78.629700	0.003815
78.629800	0.005341
78.629900	0.004730
78.630000	0.004578
78.630100	0.004730
78.630200	0.003662
78.630300	-0.000610
78.630400	0.002747
78.630500	0.006409
78.630600	0.005035
78.630700	0.001221
78.630800	0.000763
78.630900	0.000458
78.631000	-0.007629
78.631100	-0.001984
78.631200	-0.001984
78.631300	0.004730
78.631400	0.000153
78.631500	0.000763
78.631600	0.002899
78.631700	-0.001831
78.631800	-0.001526
78.631900	0.002594
78.632000	0.000916
78.632100	-0.000305
78.632200	-0.002136
78.632300	0.003510
78.632400	0.002899
78.632500	0.003815
78.632600	0.003510
78.632700	-0.001221
78.632800	0.000610
78.632900	0.001984
78.633000	0.002899
78.633100	0.004425
78.633200	0.004883
78.633300	0.001831
78.633400	0.005951
78.633500	0.001831
78.633600	0.001831
78.633700	-0.001984
78.633800	0.003204
78.633900	0.001373
78.634000	0.001526
78.634100	0.004425
78.634200	0.000000
78.634300	0.002594
78.634400	0.003967
78.634500	0.006256
78.634600	0.003052
78.634700	-0.001984
78.634800	0.002136
78.634900	0.003357
78.635000	0.002136
78.635100	0.002747
78.635200	0.000000
78.635300	0.000916
78.635400	0.009460
78.635500	0.005188
78.635600	0.004578
78.635700	0.001373
78.635800	0.004425
78.635900	0.001373
78.636000	0.006714
78.636100	0.004120
78.636200	0.004272
78.636300	0.006714
78.636400	0.002899
78.636500	0.004883
78.636600	0.007172
78.636700	0.006104
78.636800	0.005341
78.636900	0.006256
78.637000	0.002747
78.637100	-0.000305
78.637200	0.002899
78.637300	0.005188
78.637400	0.003357
78.637500	0.003052
78.637600	0.000458
78.637700	0.002594
78.637800	0.003052
78.637900	-0.000610
78.638000	0.000458
78.638100	-0.002747
78.638200	-0.001678
78.638300	0.005646
78.638400	0.004425
78.638500	0.004272
78.638600	-0.000610
78.638700	-0.002594
78.638800	0.004272
78.638900	0.002441
78.639000	0.003662
78.639100	0.003052
78.639200	0.003357
78.639300	0.005951
78.639400	0.000305
78.639500	0.002899
78.639600	0.004272
78.639700	0.004120
78.639800	0.004120
78.639900	0.002441
78.640000	0.005035
78.640100	0.004120
78.640200	0.005035
78.640300	0.001068
78.640400	0.007629
78.640500	0.003662
78.640600	0.002899
78.640700	0.010681
78.640800	0.005798
78.640900	0.001678
78.641000	0.005035
78.641100	0.002899
78.641200	0.002441
78.641300	0.003204
78.641400	0.003967
78.641500	0.002747
78.641600	0.004578
78.641700	0.000916
78.641800	0.001831
78.641900	0.002747
78.642000	0.001678
78.642100	0.005341
78.642200	0.002747
78.642300	0.001678
78.642400	0.002136
78.642500	0.004425
78.642600	0.006104
78.642700	0.003967
78.642800	0.004272
78.642900	0.006256
78.643000	0.001221
78.643100	0.002441
78.643200	0.001984
