42.954500	0.036316
42.954600	0.037384
42.954700	0.033417
42.954800	0.034637
42.954900	0.036316
42.955000	0.032959
42.955100	0.032654
42.955200	0.032806
42.955300	0.032654
42.955400	0.031738
42.955500	0.034027
42.955600	0.033569
42.955700	0.034485
42.955800	0.027771
42.955900	0.028229
42.956000	0.027618
42.956100	0.032043
42.956200	0.033112
42.956300	0.030365
42.956400	0.030670
42.956500	0.025177
42.956600	0.025787
42.956700	0.028839
42.956800	0.026855
42.956900	0.025940
42.957000	0.023804
42.957100	0.021515
42.957200	0.026550
42.957300	0.028534
42.957400	0.025482
42.957500	0.022278
42.957600	0.023193
42.957700	0.023804
42.957800	0.018463
42.957900	0.025787
42.958000	0.018768
42.958100	0.019379
42.958200	0.018311
42.958300	0.020447
42.958400	0.018463
42.958500	0.019379
42.958600	0.021057
42.958700	0.016022
42.958800	0.018311
42.958900	0.016937
42.959000	0.012665
42.959100	0.017242
42.959200	0.011292
42.959300	0.015564
42.959400	0.017853
42.959500	0.017853
42.959600	0.019073
42.959700	0.015564
42.959800	0.012817
42.959900	0.016479
42.960000	0.016479
42.960100	0.019531
42.960200	0.014954
42.960300	0.017090
42.960400	0.018005
42.960500	0.016479
42.960600	0.018158
42.960700	0.016785
42.960800	0.011902
42.960900	0.010223
42.961000	0.012512
42.961100	0.010376
42.961200	0.013123
42.961300	0.013580
42.961400	0.013428
42.961500	0.011597
42.961600	0.014343
42.961700	0.010223
42.961800	0.012360
42.961900	0.009460
42.962000	0.012360
42.962100	0.009155
42.962200	0.008240
42.962300	0.006409
42.962400	0.009308
42.962500	0.011292
42.962600	0.010529
42.962700	0.007477
42.962800	0.009613
42.962900	0.008240
42.963000	0.006256
42.963100	0.002594
42.963200	0.004120
42.963300	-0.003815
42.963400	-0.001526
42.963500	-0.010376
42.963600	-0.007629
42.963700	-0.009003
42.963800	-0.013885
42.963900	-0.016327
42.964000	-0.018768
42.964100	-0.014343
42.964200	-0.018463
42.964300	-0.016022
42.964400	-0.016632
42.964500	-0.025024
42.964600	-0.019073
42.964700	-0.018616
42.964800	-0.017395
42.964900	-0.016937
42.965000	-0.016022
42.965100	-0.012512
42.965200	-0.018616
42.965300	-0.018005
42.965400	-0.010681
42.965500	-0.012512
42.965600	-0.014801
42.965700	-0.014191
42.965800	-0.015564
42.965900	-0.012665
42.966000	-0.011292
42.966100	-0.012054
42.966200	-0.014343
42.966300	-0.007019
42.966400	-0.005341
42.966500	-0.013733
42.966600	-0.009613
42.966700	-0.006256
42.966800	-0.008698
42.966900	-0.005798
42.967000	-0.006409
42.967100	-0.007935
42.967200	-0.007019
42.967300	-0.009003
42.967400	-0.008850
42.967500	-0.007172
42.967600	-0.007629
42.967700	-0.005798
42.967800	-0.001831
42.967900	-0.001221
42.968000	-0.002136
42.968100	-0.005493
42.968200	-0.002747
42.968300	-0.001068
42.968400	0.003357
42.968500	-0.000153
42.968600	-0.002747
42.968700	-0.003357
42.968800	-0.005035
42.968900	-0.006409
42.969000	-0.003052
42.969100	0.001678
42.969200	0.002594
42.969300	0.004425
42.969400	0.001831
42.969500	0.000305
42.969600	-0.000153
42.969700	-0.001831
42.969800	0.002289
42.969900	0.006409
42.970000	0.007935
42.970100	0.006866
42.970200	0.006561
42.970300	0.003967
42.970400	0.005646
42.970500	0.008545
42.970600	0.004883
42.970700	0.004883
42.970800	0.011597
42.970900	0.005493
42.971000	0.002594
42.971100	0.005646
42.971200	0.003510
42.971300	0.005035
42.971400	0.009460
42.971500	0.006256
42.971600	0.009308
42.971700	0.009918
42.971800	0.007019
42.971900	0.008545
42.972000	0.006714
42.972100	0.004730
42.972200	0.008087
42.972300	0.006866
42.972400	0.008087
42.972500	0.013733
42.972600	0.010834
42.972700	0.012207
42.972800	0.010986
42.972900	0.010071
42.973000	0.010376
42.973100	0.014191
42.973200	0.014801
42.973300	0.008240
42.973400	0.011749
42.973500	0.013885
42.973600	0.011292
42.973700	0.010376
42.973800	0.014343
42.973900	0.015411
42.974000	0.015259
42.974100	0.013428
42.974200	0.014648
42.974300	0.016327
42.974400	0.017700
42.974500	0.012512
42.974600	0.017700
42.974700	0.015106
42.974800	0.016632
42.974900	0.010376
42.975000	0.016785
42.975100	0.012512
42.975200	0.017090
42.975300	0.017853
42.975400	0.016174
42.975500	0.015717
42.975600	0.016632
42.975700	0.015564
42.975800	0.014648
42.975900	0.019836
42.976000	0.016632
42.976100	0.014191
42.976200	0.016327
42.976300	0.012512
42.976400	0.017700
42.976500	0.017242
42.976600	0.019073
42.976700	0.012970
42.976800	0.013123
42.976900	0.017548
42.977000	0.017395
42.977100	0.017548
42.977200	0.022736
42.977300	0.019226
42.977400	0.019379
42.977500	0.017090
42.977600	0.015106
42.977700	0.013275
42.977800	0.016174
42.977900	0.023193
42.978000	0.016479
42.978100	0.018921
42.978200	0.012817
42.978300	0.018616
42.978400	0.022583
42.978500	0.020142
42.978600	0.020905
42.978700	0.020599
42.978800	0.016174
42.978900	0.015869
42.979000	0.014191
42.979100	0.017700
42.979200	0.019073
42.979300	0.018921
42.979400	0.018158
42.979500	0.014648
42.979600	0.015717
42.979700	0.017700
42.979800	0.017090
42.979900	0.019989
42.980000	0.023499
42.980100	0.023956
42.980200	0.021973
42.980300	0.023346
42.980400	0.019073
42.980500	0.019379
42.980600	0.018616
42.980700	0.019379
42.980800	0.011902
42.980900	0.017853
42.981000	0.019836
42.981100	0.020752
42.981200	0.016479
42.981300	0.017395
42.981400	0.021210
42.981500	0.018005
42.981600	0.019226
42.981700	0.019989
42.981800	0.015869
42.981900	0.018158
42.982000	0.022583
42.982100	0.022736
42.982200	0.018463
42.982300	0.017548
42.982400	0.020294
42.982500	0.023651
42.982600	0.020752
42.982700	0.022583
42.982800	0.025635
42.982900	0.019226
42.983000	0.027161
42.983100	0.022125
42.983200	0.019379
42.983300	0.020905
42.983400	0.023804
42.983500	0.023041
42.983600	0.013733
42.983700	0.022583
42.983800	0.018005
42.983900	0.019073
42.984000	0.019531
42.984100	0.023346
42.984200	0.017090
42.984300	0.018921
42.984400	0.016022
42.984500	0.017242
42.984600	0.019073
42.984700	0.019531
42.984800	0.021667
42.984900	0.021362
42.985000	0.021057
42.985100	0.017548
42.985200	0.023499
42.985300	0.024261
42.985400	0.025177
42.985500	0.022583
42.985600	0.019989
42.985700	0.023499
42.985800	0.023193
42.985900	0.019836
42.986000	0.019989
42.986100	0.018311
42.986200	0.021515
42.986300	0.017548
42.986400	0.020142
42.986500	0.021973
42.986600	0.018005
42.986700	0.019379
42.986800	0.017090
42.986900	0.020752
42.987000	0.020142
42.987100	0.017700
42.987200	0.018921
42.987300	0.015564
42.987400	0.016174
42.987500	0.017853
42.987600	0.019226
42.987700	0.021973
42.987800	0.021210
42.987900	0.021210
42.988000	0.023804
42.988100	0.021820
42.988200	0.019989
42.988300	0.022278
42.988400	0.018005
42.988500	0.015106
42.988600	0.016632
42.988700	0.014496
42.988800	0.019684
42.988900	0.019379
42.989000	0.013733
42.989100	0.016479
42.989200	0.016327
42.989300	0.022125
42.989400	0.016327
42.989500	0.018921
42.989600	0.023499
42.989700	0.020142
42.989800	0.018768
42.989900	0.017700
42.990000	0.020599
42.990100	0.021515
42.990200	0.018768
42.990300	0.018158
42.990400	0.018921
42.990500	0.019989
42.990600	0.022430
42.990700	0.021667
42.990800	0.015869
42.990900	0.016327
42.991000	0.021362
42.991100	0.018768
42.991200	0.022278
42.991300	0.021362
42.991400	0.017700
42.991500	0.017395
42.991600	0.015869
42.991700	0.017853
42.991800	0.020905
42.991900	0.021057
42.992000	0.018311
42.992100	0.020294
42.992200	0.021362
42.992300	0.023804
42.992400	0.022125
42.992500	0.018768
42.992600	0.022278
42.992700	0.026550
42.992800	0.027466
42.992900	0.020294
42.993000	0.020599
42.993100	0.019073
42.993200	0.017395
42.993300	0.018311
42.993400	0.013885
42.993500	0.017853
42.993600	0.020294
42.993700	0.018616
42.993800	0.022888
42.993900	0.017090
42.994000	0.016479
42.994100	0.025024
42.994200	0.019379
42.994300	0.020599
42.994400	0.020447
42.994500	0.015106
42.994600	0.018768
42.994700	0.020752
42.994800	0.021362
42.994900	0.021667
42.995000	0.022736
42.995100	0.022583
42.995200	0.024414
42.995300	0.021210
42.995400	0.024414
42.995500	0.023804
42.995600	0.018158
42.995700	0.023956
42.995800	0.021515
42.995900	0.020294
42.996000	0.020752
42.996100	0.021362
42.996200	0.025787
42.996300	0.022583
42.996400	0.022125
42.996500	0.026093
42.996600	0.021362
42.996700	0.023346
42.996800	0.021515
42.996900	0.019531
42.997000	0.020752
42.997100	0.023956
42.997200	0.019989
42.997300	0.014954
42.997400	0.021057
42.997500	0.018768
42.997600	0.021057
42.997700	0.019531
42.997800	0.020752
42.997900	0.017242
42.998000	0.016327
42.998100	0.014343
42.998200	0.015717
42.998300	0.017853
42.998400	0.019379
42.998500	0.017700
42.998600	0.017090
42.998700	0.013885
42.998800	0.016937
42.998900	0.018921
42.999000	0.019684
42.999100	0.016937
42.999200	0.015869
42.999300	0.019531
42.999400	0.016327
42.999500	0.010223
42.999600	0.013885
42.999700	0.023193
42.999800	0.020294
42.999900	0.018921
43.000000	0.016022
43.000100	0.018005
43.000200	0.019989
43.000300	0.019989
43.000400	0.022583
43.000500	0.020447
43.000600	0.017090
43.000700	0.017853
43.000800	0.022125
43.000900	0.022278
43.001000	0.020752
43.001100	0.028839
43.001200	0.028381
43.001300	0.030975
43.001400	0.025940
43.001500	0.030975
43.001600	0.028381
43.001700	0.029602
43.001800	0.029907
43.001900	0.030365
43.002000	0.028687
43.002100	0.033569
43.002200	0.031586
43.002300	0.032959
43.002400	0.033264
43.002500	0.030212
43.002600	0.034332
43.002700	0.032959
43.002800	0.034180
43.002900	0.035248
43.003000	0.027161
43.003100	0.033417
43.003200	0.034637
43.003300	0.030060
43.003400	0.025024
43.003500	0.031433
43.003600	0.031281
43.003700	0.032654
43.003800	0.033417
43.003900	0.032501
43.004000	0.031281
43.004100	0.028534
43.004200	0.029755
43.004300	0.029297
43.004400	0.033417
43.004500	0.029755
43.004600	0.030518
43.004700	0.030212
43.004800	0.033569
43.004900	0.035553
43.005000	0.029602
43.005100	0.029755
43.005200	0.025940
43.005300	0.025330
43.005400	0.023956
43.005500	0.026093
43.005600	0.028381
43.005700	0.028076
43.005800	0.028839
43.005900	0.025940
43.006000	0.026855
43.006100	0.025482
43.006200	0.028534
43.006300	0.033264
43.006400	0.031128
43.006500	0.033875
43.006600	0.028687
43.006700	0.028992
43.006800	0.028839
43.006900	0.029602
43.007000	0.022736
43.007100	0.023956
43.007200	0.022583
43.007300	0.023193
43.007400	0.019379
43.007500	0.021515
43.007600	0.023804
43.007700	0.024414
43.007800	0.023651
43.007900	0.024719
43.008000	0.021210
