417.584900	-0.106812
417.585000	-0.200043
417.585100	-0.269775
417.585200	-0.338135
417.585300	-0.376892
417.585400	-0.406036
417.585500	-0.400085
417.585600	-0.378418
417.585700	-0.326538
417.585800	-0.247345
417.585900	-0.159454
417.586000	-0.079346
417.586100	-0.010681
417.586200	0.034943
417.586300	0.052643
417.586400	0.073547
417.586500	0.079803
417.586600	0.084381
417.586700	0.090179
417.586800	0.091705
417.586900	0.091248
417.587000	0.099030
417.587100	0.092163
417.587200	0.088806
417.587300	0.083160
417.587400	0.078888
417.587500	0.075684
417.587600	0.072784
417.587700	0.074310
417.587800	0.065918
417.587900	0.060730
417.588000	0.059814
417.588100	0.054626
417.588200	0.047607
417.588300	0.051422
417.588400	0.056152
417.588500	0.056000
417.588600	0.058594
417.588700	0.074310
417.588800	0.082855
417.588900	0.091095
417.589000	0.106659
417.589100	0.107727
417.589200	0.115204
417.589300	0.123291
417.589400	0.119019
417.589500	0.109100
417.589600	0.091248
417.589700	0.075226
417.589800	0.055695
417.589900	0.041199
417.590000	0.034943
417.590100	0.035400
417.590200	0.027924
417.590300	0.027161
417.590400	0.034637
417.590500	0.041199
417.590600	0.036469
417.590700	0.037231
417.590800	0.030670
417.590900	0.031586
417.591000	0.022583
417.591100	0.028076
417.591200	0.029297
417.591300	0.029144
417.591400	0.027161
417.591500	0.024261
417.591600	0.024261
417.591700	0.024109
417.591800	0.036163
417.591900	0.048828
417.592000	0.072937
417.592100	0.130310
417.592200	0.234528
417.592300	0.391846
417.592400	0.606384
417.592500	0.849304
417.592600	1.016083
417.592700	1.082916
417.592800	1.114807
417.592900	1.159821
417.593000	1.243134
417.593100	1.314545
417.593200	1.302338
417.593300	1.095581
417.593400	0.777588
417.593500	0.524445
417.593600	0.392761
417.593700	0.300293
417.593800	0.057526
417.593900	-0.384827
417.594000	-0.845642
417.594100	-1.163483
417.594200	-1.523132
417.594300	-1.644135
417.594400	-1.605377
417.594500	-1.471252
417.594600	-1.341553
417.594700	-1.269684
417.594800	-1.212006
417.594900	-1.016235
417.595000	-0.724487
417.595100	-0.438843
417.595200	-0.215454
417.595300	-0.052948
417.595400	0.067902
417.595500	0.165710
417.595600	0.260620
417.595700	0.373688
417.595800	0.492706
417.595900	0.583649
417.596000	0.625458
417.596100	0.642395
417.596200	0.600586
417.596300	0.523071
417.596400	0.385132
417.596500	0.198059
417.596600	-0.016327
417.596700	-0.206604
417.596800	-0.363312
417.596900	-0.463104
417.597000	-0.509644
417.597100	-0.509338
417.597200	-0.480499
417.597300	-0.403748
417.597400	-0.288849
417.597500	-0.163116
417.597600	-0.049286
417.597700	0.021057
417.597800	0.069885
417.597900	0.094910
417.598000	0.111237
417.598100	0.108185
417.598200	0.110474
417.598300	0.112915
417.598400	0.112762
417.598500	0.119629
417.598600	0.125427
417.598700	0.130005
417.598800	0.144653
417.598900	0.152130
417.599000	0.162201
417.599100	0.174103
417.599200	0.169830
417.599300	0.171661
417.599400	0.163574
417.599500	0.154877
417.599600	0.129395
417.599700	0.108643
417.599800	0.092773
417.599900	0.080109
417.600000	0.063629
417.600100	0.050354
417.600200	0.039368
417.600300	0.038452
417.600400	0.041656
417.600500	0.044403
417.600600	0.051880
417.600700	0.055084
417.600800	0.063782
417.600900	0.078278
417.601000	0.084229
417.601100	0.088959
417.601200	0.096436
417.601300	0.088959
417.601400	0.093384
417.601500	0.093384
417.601600	0.097809
417.601700	0.100098
417.601800	0.104523
417.601900	0.107117
417.602000	0.103607
417.602100	0.105286
417.602200	0.107574
417.602300	0.105896
417.602400	0.096588
417.602500	0.085297
417.602600	0.077362
417.602700	0.064087
417.602800	0.055695
417.602900	0.049744
417.603000	0.051270
417.603100	0.040283
417.603200	0.053558
417.603300	0.058136
417.603400	0.067139
417.603500	0.069427
417.603600	0.085144
417.603700	0.093231
417.603800	0.096130
417.603900	0.098267
417.604000	0.099182
417.604100	0.095673
417.604200	0.096283
417.604300	0.091400
417.604400	0.085907
417.604500	0.081177
417.604600	0.079803
417.604700	0.072021
417.604800	0.068512
417.604900	0.068665
417.605000	0.059967
417.605100	0.064240
417.605200	0.066528
417.605300	0.062103
417.605400	0.061493
417.605500	0.058136
417.605600	0.061951
417.605700	0.069580
417.605800	0.093079
417.605900	0.151215
417.606000	0.248260
417.606100	0.404053
417.606200	0.609283
417.606300	0.824738
417.606400	0.940094
417.606500	0.960388
417.606600	0.948029
417.606700	0.935516
417.606800	0.897827
417.606900	0.757141
417.607000	0.454407
417.607100	0.031891
417.607200	-0.389862
417.607300	-0.692444
417.607400	-0.849457
417.607500	-0.912323
417.607600	-0.925598
417.607700	-0.929565
417.607800	-0.943909
417.607900	-0.883942
417.608000	-0.700226
417.608100	-0.463104
417.608200	-0.255585
417.608300	-0.104370
417.608400	-0.005493
417.608500	0.051270
417.608600	0.080872
417.608700	0.096741
417.608800	0.116425
417.608900	0.133209
417.609000	0.142365
417.609100	0.155182
417.609200	0.146484
417.609300	0.133362
417.609400	0.112305
417.609500	0.091553
417.609600	0.064087
417.609700	0.027313
417.609800	0.001068
417.609900	-0.021820
417.610000	-0.031586
417.610100	-0.026398
417.610200	-0.016937
417.610300	-0.001984
417.610400	0.017395
417.610500	0.039520
417.610600	0.054626
417.610700	0.080566
417.610800	0.094910
417.610900	0.106964
417.611000	0.113220
417.611100	0.118256
417.611200	0.126801
417.611300	0.132599
417.611400	0.135498
417.611500	0.136261
417.611600	0.127716
417.611700	0.127258
417.611800	0.113068
417.611900	0.098572
417.612000	0.083008
417.612100	0.052948
417.612200	0.032196
417.612300	0.020294
417.612400	0.012360
417.612500	0.002441
417.612600	0.001831
417.612700	0.007477
417.612800	0.015411
417.612900	0.030060
417.613000	0.040436
417.613100	0.065613
417.613200	0.077057
417.613300	0.084534
417.613400	0.092010
417.613500	0.090027
417.613600	0.079346
417.613700	0.061798
417.613800	0.048218
417.613900	0.039520
417.614000	0.033417
417.614100	0.041199
417.614200	0.046997
417.614300	0.051575
417.614400	0.058899
417.614500	0.073090
417.614600	0.084534
417.614700	0.089722
417.614800	0.092468
417.614900	0.098267
417.615000	0.090332
417.615100	0.079498
417.615200	0.069427
417.615300	0.061493
417.615400	0.053253
417.615500	0.045624
417.615600	0.038147
417.615700	0.031128
417.615800	0.031433
417.615900	0.029297
417.616000	0.031281
417.616100	0.029755
417.616200	0.036621
417.616300	0.045471
417.616400	0.057678
417.616500	0.069580
417.616600	0.071716
417.616700	0.078888
417.616800	0.080872
417.616900	0.074768
417.617000	0.076141
417.617100	0.080109
417.617200	0.075073
417.617300	0.076294
417.617400	0.076294
417.617500	0.077209
417.617600	0.070343
417.617700	0.066681
417.617800	0.066681
417.617900	0.072174
417.618000	0.061798
417.618100	0.068970
417.618200	0.068665
417.618300	0.065002
417.618400	0.074463
417.618500	0.077972
417.618600	0.071259
417.618700	0.075989
417.618800	0.077362
417.618900	0.077820
417.619000	0.080719
417.619100	0.076294
417.619200	0.071716
417.619300	0.067444
417.619400	0.069580
417.619500	0.065918
417.619600	0.061951
417.619700	0.067902
417.619800	0.066528
417.619900	0.057526
417.620000	0.056915
417.620100	0.054321
417.620200	0.057983
417.620300	0.056000
417.620400	0.057831
417.620500	0.059204
417.620600	0.060120
417.620700	0.061340
417.620800	0.062561
417.620900	0.063782
417.621000	0.067139
417.621100	0.071716
417.621200	0.082397
417.621300	0.095062
417.621400	0.116425
417.621500	0.163116
417.621600	0.218201
417.621700	0.290527
417.621800	0.372009
417.621900	0.432739
417.622000	0.469666
417.622100	0.473175
417.622200	0.446167
417.622300	0.397491
417.622400	0.318451
417.622500	0.216522
417.622600	0.095673
417.622700	-0.031738
417.622800	-0.142365
417.622900	-0.243835
417.623000	-0.323181
417.623100	-0.373840
417.623200	-0.395355
417.623300	-0.396729
417.623400	-0.363159
417.623500	-0.302582
417.623600	-0.226746
417.623700	-0.142975
417.623800	-0.075226
417.623900	-0.008545
417.624000	0.039062
417.624100	0.093079
417.624200	0.155334
417.624300	0.260315
417.624400	0.395050
417.624500	0.547485
417.624600	0.689240
417.624700	0.779877
417.624800	0.799866
417.624900	0.760040
417.625000	0.665283
417.625100	0.530090
417.625200	0.353394
417.625300	0.139618
417.625400	-0.080414
417.625500	-0.294037
417.625600	-0.480347
417.625700	-0.610046
417.625800	-0.703583
417.625900	-0.750732
417.626000	-0.752411
417.626100	-0.696259
417.626200	-0.592499
417.626300	-0.442200
417.626400	-0.285492
417.626500	-0.149078
417.626600	-0.044250
417.626700	0.013733
417.626800	0.049133
417.626900	0.069275
417.627000	0.083618
417.627100	0.088348
417.627200	0.094147
417.627300	0.099487
417.627400	0.100861
417.627500	0.104980
417.627600	0.105133
417.627700	0.102234
417.627800	0.092316
417.627900	0.080566
417.628000	0.062408
417.628100	0.050812
417.628200	0.043182
417.628300	0.033264
417.628400	0.028687
417.628500	0.037079
417.628600	0.046997
417.628700	0.061646
417.628800	0.112762
417.628900	0.221405
417.629000	0.389709
417.629100	0.638428
417.629200	0.924072
417.629300	1.133118
417.629400	1.237335
417.629500	1.271057
417.629600	1.242065
417.629700	1.099854
417.629800	0.778198
417.629900	0.337524
417.630000	-0.144501
417.630100	-0.612946
417.630200	-0.983734
417.630300	-1.176605
417.630400	-1.264648
417.630500	-1.260681
417.630600	-1.207886
417.630700	-1.100311
417.630800	-0.812225
417.630900	-0.526123
417.631000	-0.283508
417.631100	-0.117035
417.631200	-0.027618
417.631300	0.022736
417.631400	0.051270
417.631500	0.069885
417.631600	0.077362
417.631700	0.076294
417.631800	0.083466
417.631900	0.083618
417.632000	0.094757
417.632100	0.097046
417.632200	0.101471
417.632300	0.107574
417.632400	0.117340
417.632500	0.120087
417.632600	0.117340
417.632700	0.117340
417.632800	0.111237
417.632900	0.105133
417.633000	0.092621
417.633100	0.078125
417.633200	0.062561
417.633300	0.059357
417.633400	0.052490
417.633500	0.053253
417.633600	0.053101
417.633700	0.062408
417.633800	0.062561
417.633900	0.072784
417.634000	0.077667
417.634100	0.084229
417.634200	0.091400
417.634300	0.093536
417.634400	0.098877
417.634500	0.093842
417.634600	0.100098
417.634700	0.098724
417.634800	0.112915
417.634900	0.142212
417.635000	0.213165
417.635100	0.305939
417.635200	0.458527
417.635300	0.639038
417.635400	0.767212
417.635500	0.796204
417.635600	0.773926
417.635700	0.738678
417.635800	0.691376
417.635900	0.614471
417.636000	0.435486
417.636100	0.166626
417.636200	-0.138702
417.636300	-0.402374
417.636400	-0.574951
417.636500	-0.670471
417.636600	-0.708313
417.636700	-0.732422
417.636800	-0.752106
417.636900	-0.749969
417.637000	-0.649719
417.637100	-0.472412
417.637200	-0.284729
417.637300	-0.140381
417.637400	-0.037384
417.637500	0.033722
417.637600	0.074005
417.637700	0.107117
417.637800	0.166626
417.637900	0.257721
417.638000	0.395203
417.638100	0.600586
417.638200	0.867615
417.638300	1.086731
417.638400	1.184845
