143.562500	0.022125
143.562600	0.028381
143.562700	0.046692
143.562800	0.052185
143.562900	0.060883
143.563000	0.053253
143.563100	0.051727
143.563200	0.048828
143.563300	0.041656
143.563400	0.041351
143.563500	0.029144
143.563600	0.023041
143.563700	0.011292
143.563800	0.002441
143.563900	-0.006714
143.564000	-0.012054
143.564100	-0.010529
143.564200	-0.010986
143.564300	-0.014801
143.564400	-0.015106
143.564500	-0.011597
143.564600	-0.015259
143.564700	-0.013885
143.564800	-0.013580
143.564900	-0.008698
143.565000	-0.008698
143.565100	-0.009918
143.565200	-0.003815
143.565300	-0.007935
143.565400	-0.003204
143.565500	-0.011444
143.565600	-0.001831
143.565700	0.003967
143.565800	0.002441
143.565900	0.004730
143.566000	0.005798
143.566100	0.003815
143.566200	0.009003
143.566300	0.008240
143.566400	0.014648
143.566500	0.012665
143.566600	0.010071
143.566700	0.013428
143.566800	0.013428
143.566900	0.013275
143.567000	0.013733
143.567100	0.008545
143.567200	0.009155
143.567300	0.013580
143.567400	0.016022
143.567500	0.016022
143.567600	0.015564
143.567700	0.015259
143.567800	0.012360
143.567900	0.013885
143.568000	0.009155
143.568100	0.011444
143.568200	0.013275
143.568300	0.015106
143.568400	0.011749
143.568500	0.014191
143.568600	0.019073
143.568700	0.016327
143.568800	0.019379
143.568900	0.014496
143.569000	0.019989
143.569100	0.017548
143.569200	0.022888
143.569300	0.027313
143.569400	0.021057
143.569500	0.017242
143.569600	0.020294
143.569700	0.016022
143.569800	0.010986
143.569900	0.016785
143.570000	0.016632
143.570100	0.018005
143.570200	0.018616
143.570300	0.020905
143.570400	0.017853
143.570500	0.014343
143.570600	0.015259
143.570700	0.010834
143.570800	0.002747
143.570900	-0.006409
143.571000	-0.005341
143.571100	-0.010834
143.571200	-0.009766
143.571300	-0.007782
143.571400	-0.002594
143.571500	-0.001526
143.571600	0.003510
143.571700	0.010223
143.571800	0.019531
143.571900	0.025940
143.572000	0.043030
143.572100	0.064545
143.572200	0.088043
143.572300	0.108032
143.572400	0.121765
143.572500	0.141296
143.572600	0.165100
143.572700	0.175323
143.572800	0.185242
143.572900	0.186157
143.573000	0.183868
143.573100	0.178528
143.573200	0.154877
143.573300	0.129700
143.573400	0.103302
143.573500	0.067596
143.573600	0.034943
143.573700	-0.007477
143.573800	-0.048828
143.573900	-0.092621
143.574000	-0.134430
143.574100	-0.164337
143.574200	-0.185699
143.574300	-0.195923
143.574400	-0.195923
143.574500	-0.185699
143.574600	-0.167999
143.574700	-0.146027
143.574800	-0.130615
143.574900	-0.108337
143.575000	-0.081024
143.575100	-0.056610
143.575200	-0.034180
143.575300	-0.014191
143.575400	-0.002747
143.575500	0.012512
143.575600	0.017242
143.575700	0.016479
143.575800	0.015564
143.575900	0.018921
143.576000	0.022125
143.576100	0.020294
143.576200	0.022583
143.576300	0.014191
143.576400	0.013885
143.576500	0.011139
143.576600	0.010986
143.576700	0.011139
143.576800	0.010834
143.576900	0.017090
143.577000	0.011444
143.577100	0.015411
143.577200	0.013733
143.577300	0.014343
143.577400	0.009766
143.577500	0.012054
143.577600	0.018768
143.577700	0.014954
143.577800	0.014954
143.577900	0.016174
143.578000	0.013580
143.578100	0.015411
143.578200	0.012970
143.578300	0.010529
143.578400	0.010681
143.578500	0.014038
143.578600	0.012665
143.578700	0.014038
143.578800	0.011902
143.578900	0.018311
143.579000	0.017395
143.579100	0.018616
143.579200	0.017395
143.579300	0.019073
143.579400	0.014648
143.579500	0.018616
143.579600	0.021667
143.579700	0.019684
143.579800	0.023804
143.579900	0.019684
143.580000	0.027313
143.580100	0.023193
143.580200	0.036621
143.580300	0.033417
143.580400	0.033569
143.580500	0.048828
143.580600	0.075684
143.580700	0.115662
143.580800	0.183563
143.580900	0.281525
143.581000	0.406799
143.581100	0.548553
143.581200	0.685425
143.581300	0.784454
143.581400	0.859833
143.581500	0.939484
143.581600	1.010895
143.581700	1.048889
143.581800	1.041260
143.581900	1.017914
143.582000	0.971527
143.582100	0.843658
143.582200	0.634766
143.582300	0.418396
143.582400	0.283356
143.582500	0.225220
143.582600	0.211792
143.582700	0.124207
143.582800	-0.096588
143.582900	-0.398407
143.583000	-0.685272
143.583100	-0.945129
143.583200	-1.162720
143.583300	-1.403809
143.583400	-1.490936
143.583500	-1.478577
143.583600	-1.414948
143.583700	-1.361084
143.583800	-1.316223
143.583900	-1.262360
143.584000	-1.207428
143.584100	-0.959320
143.584200	-0.699005
143.584300	-0.464325
143.584400	-0.279236
143.584500	-0.146484
143.584600	-0.056763
143.584700	0.003052
143.584800	0.031128
143.584900	0.044250
143.585000	0.046387
143.585100	0.051575
143.585200	0.053711
143.585300	0.051422
143.585400	0.051575
143.585500	0.050659
143.585600	0.054932
143.585700	0.061493
143.585800	0.052643
143.585900	0.055542
143.586000	0.055237
143.586100	0.056152
143.586200	0.054169
143.586300	0.051575
143.586400	0.049438
143.586500	0.050201
143.586600	0.052795
143.586700	0.049896
143.586800	0.041656
143.586900	0.047913
143.587000	0.048981
143.587100	0.051880
143.587200	0.051727
143.587300	0.053101
143.587400	0.058746
143.587500	0.070801
143.587600	0.068817
143.587700	0.076752
143.587800	0.082550
143.587900	0.087433
143.588000	0.082703
143.588100	0.079651
143.588200	0.083008
143.588300	0.080719
143.588400	0.078888
143.588500	0.074463
143.588600	0.074768
143.588700	0.065918
143.588800	0.059204
143.588900	0.054474
143.589000	0.045013
143.589100	0.025787
143.589200	0.016785
143.589300	0.003815
143.589400	-0.000610
143.589500	-0.005951
143.589600	-0.008698
143.589700	-0.014954
143.589800	-0.021057
143.589900	-0.023193
143.590000	-0.021210
143.590100	-0.021362
143.590200	-0.003204
143.590300	0.024261
143.590400	0.065155
143.590500	0.120239
143.590600	0.192108
143.590700	0.303650
143.590800	0.433044
143.590900	0.582275
143.591000	0.730286
143.591100	0.836792
143.591200	0.906525
143.591300	0.922394
143.591400	0.900421
143.591500	0.835724
143.591600	0.717621
143.591700	0.540161
143.591800	0.335083
143.591900	0.109253
143.592000	-0.122986
143.592100	-0.362244
143.592200	-0.587006
143.592300	-0.760040
143.592400	-0.899658
143.592500	-0.978699
143.592600	-1.002045
143.592700	-0.982361
143.592800	-0.932007
143.592900	-0.839081
143.593000	-0.707397
143.593100	-0.555573
143.593200	-0.396271
143.593300	-0.245361
143.593400	-0.126801
143.593500	-0.045319
143.593600	0.007324
143.593700	0.037537
143.593800	0.059357
143.593900	0.066376
143.594000	0.080719
143.594100	0.080109
143.594200	0.085602
143.594300	0.079041
143.594400	0.078735
143.594500	0.071106
143.594600	0.060730
143.594700	0.056152
143.594800	0.050201
143.594900	0.046692
143.595000	0.048523
143.595100	0.048828
143.595200	0.047760
143.595300	0.043640
143.595400	0.045776
143.595500	0.035400
143.595600	0.029907
143.595700	0.019989
143.595800	0.024109
143.595900	0.024719
143.596000	0.035095
143.596100	0.040283
143.596200	0.043488
143.596300	0.039825
143.596400	0.038300
143.596500	0.037842
143.596600	0.035095
143.596700	0.035553
143.596800	0.031128
143.596900	0.039825
143.597000	0.042419
143.597100	0.042267
143.597200	0.046387
143.597300	0.041046
143.597400	0.043182
143.597500	0.041809
143.597600	0.039062
143.597700	0.039062
143.597800	0.041046
143.597900	0.040283
143.598000	0.033264
143.598100	0.030823
143.598200	0.041504
143.598300	0.038605
143.598400	0.041504
143.598500	0.046082
143.598600	0.043030
143.598700	0.039978
143.598800	0.045013
143.598900	0.053253
143.599000	0.060425
143.599100	0.092621
143.599200	0.135345
143.599300	0.215607
143.599400	0.322266
143.599500	0.457916
143.599600	0.600433
143.599700	0.693817
143.599800	0.716553
143.599900	0.690613
143.600000	0.644989
143.600100	0.578308
143.600200	0.484314
143.600300	0.377808
143.600400	0.243073
143.600500	0.082703
143.600600	-0.085144
143.600700	-0.249023
143.600800	-0.390778
143.600900	-0.505371
143.601000	-0.596619
143.601100	-0.657501
143.601200	-0.701294
143.601300	-0.731964
143.601400	-0.751038
143.601500	-0.710602
143.601600	-0.609283
143.601700	-0.453491
143.601800	-0.308685
143.601900	-0.190125
143.602000	-0.094452
143.602100	-0.036163
143.602200	0.007172
143.602300	0.022430
143.602400	0.030975
143.602500	0.038452
143.602600	0.034332
143.602700	0.034485
143.602800	0.037689
143.602900	0.034485
143.603000	0.033569
143.603100	0.024567
143.603200	0.022125
143.603300	0.021210
143.603400	0.027618
143.603500	0.025940
143.603600	0.023956
143.603700	0.018463
143.603800	0.016022
143.603900	0.020447
143.604000	0.023956
143.604100	0.021667
143.604200	0.023956
143.604300	0.023956
143.604400	0.022888
143.604500	0.026550
143.604600	0.023651
143.604700	0.030365
143.604800	0.035248
143.604900	0.037079
143.605000	0.045319
143.605100	0.048676
143.605200	0.055084
143.605300	0.058136
143.605400	0.070038
143.605500	0.079193
143.605600	0.084839
143.605700	0.082245
143.605800	0.078278
143.605900	0.080719
143.606000	0.069580
143.606100	0.060272
143.606200	0.051270
143.606300	0.036011
143.606400	0.015564
143.606500	-0.004883
143.606600	-0.019379
143.606700	-0.040283
143.606800	-0.056152
143.606900	-0.061188
143.607000	-0.068512
143.607100	-0.066071
143.607200	-0.065308
143.607300	-0.057678
143.607400	-0.046539
143.607500	-0.030060
143.607600	-0.015717
143.607700	-0.004730
143.607800	0.002441
143.607900	0.007782
143.608000	0.010223
143.608100	0.014496
143.608200	0.020294
143.608300	0.024414
143.608400	0.024719
143.608500	0.019073
143.608600	0.024872
143.608700	0.025635
143.608800	0.028381
143.608900	0.027161
143.609000	0.023651
143.609100	0.021820
143.609200	0.021973
143.609300	0.016632
143.609400	0.023041
143.609500	0.020142
143.609600	0.022888
143.609700	0.028992
143.609800	0.031128
143.609900	0.031433
143.610000	0.035248
143.610100	0.041656
143.610200	0.036926
143.610300	0.041504
143.610400	0.038605
143.610500	0.040283
143.610600	0.038452
143.610700	0.028992
143.610800	0.022278
143.610900	0.017700
143.611000	0.015564
143.611100	0.011597
143.611200	0.009766
143.611300	0.002289
143.611400	0.004730
143.611500	0.008545
143.611600	0.004730
143.611700	0.003510
143.611800	0.006256
143.611900	0.014954
143.612000	0.016022
143.612100	0.016937
143.612200	0.020294
143.612300	0.020599
143.612400	0.019379
143.612500	0.023651
143.612600	0.021973
143.612700	0.028229
143.612800	0.019226
143.612900	0.017700
143.613000	0.014801
143.613100	0.008087
143.613200	0.008240
143.613300	0.010376
143.613400	0.009918
143.613500	0.011597
143.613600	0.005493
143.613700	0.002899
143.613800	0.004272
143.613900	0.005341
143.614000	0.009460
143.614100	0.010529
143.614200	0.011139
143.614300	0.010071
143.614400	0.016632
143.614500	0.014496
143.614600	0.016632
143.614700	0.019531
143.614800	0.025787
143.614900	0.026245
143.615000	0.029297
143.615100	0.031433
143.615200	0.031738
143.615300	0.029602
143.615400	0.033264
143.615500	0.038605
143.615600	0.035248
143.615700	0.033417
143.615800	0.030670
143.615900	0.028381
143.616000	0.030212
