478.871300	0.007172
478.871400	0.008698
478.871500	0.010223
478.871600	0.009460
478.871700	0.018921
478.871800	0.022888
478.871900	0.026703
478.872000	0.034332
478.872100	0.040588
478.872200	0.042572
478.872300	0.042877
478.872400	0.034027
478.872500	0.021973
478.872600	0.002289
478.872700	0.000763
478.872800	0.009155
478.872900	0.019531
478.873000	0.023499
478.873100	0.027313
478.873200	0.022278
478.873300	0.011139
478.873400	-0.005798
478.873500	-0.016937
478.873600	-0.019531
478.873700	-0.012512
478.873800	-0.003662
478.873900	0.012512
478.874000	0.024719
478.874100	0.024109
478.874200	0.018463
478.874300	0.017090
478.874400	0.021973
478.874500	0.018616
478.874600	0.013733
478.874700	0.019073
478.874800	0.014801
478.874900	0.002747
478.875000	-0.004883
478.875100	-0.016174
478.875200	-0.020447
478.875300	-0.019379
478.875400	-0.004120
478.875500	0.052032
478.875600	0.195618
478.875700	0.437317
478.875800	0.660706
478.875900	0.749512
478.876000	0.651550
478.876100	0.345764
478.876200	-0.049438
478.876300	-0.424500
478.876400	-0.704956
478.876500	-0.792847
478.876600	-0.699921
478.876700	-0.485840
478.876800	-0.265503
478.876900	-0.109253
478.877000	-0.043488
478.877100	-0.016632
478.877200	-0.004730
478.877300	0.001221
478.877400	0.008850
478.877500	0.022430
478.877600	0.033722
478.877700	0.052948
478.877800	0.070038
478.877900	0.070801
478.878000	0.067291
478.878100	0.045776
478.878200	0.039062
478.878300	0.028229
478.878400	0.022278
478.878500	0.015106
478.878600	0.001678
478.878700	-0.009308
478.878800	-0.018921
478.878900	-0.031738
478.879000	-0.044861
478.879100	-0.058441
478.879200	-0.071411
478.879300	-0.067291
478.879400	-0.059204
478.879500	-0.050201
478.879600	-0.034637
478.879700	-0.012665
478.879800	-0.000458
478.879900	0.002899
478.880000	0.005493
478.880100	-0.003357
478.880200	-0.005951
478.880300	-0.001984
478.880400	-0.002594
478.880500	0.010529
478.880600	0.020294
478.880700	0.031738
478.880800	0.047607
478.880900	0.042877
478.881000	0.044403
478.881100	0.062561
478.881200	0.150604
478.881300	0.343323
478.881400	0.608521
478.881500	0.805817
478.881600	0.867615
478.881700	0.706940
478.881800	0.308380
478.881900	-0.184479
478.882000	-0.660706
478.882100	-0.930634
478.882200	-0.972137
478.882300	-0.782623
478.882400	-0.373230
478.882500	0.035553
478.882600	0.285034
478.882700	0.349579
478.882800	0.282593
478.882900	0.139771
478.883000	-0.019073
478.883100	-0.187531
478.883200	-0.319824
478.883300	-0.369720
478.883400	-0.304260
478.883500	-0.158844
478.883600	-0.002289
478.883700	0.086823
478.883800	0.073242
478.883900	-0.015717
478.884000	-0.111084
478.884100	-0.149994
478.884200	-0.157318
478.884300	-0.127716
478.884400	-0.076447
478.884500	-0.031128
478.884600	0.005035
478.884700	0.040894
478.884800	0.098724
478.884900	0.234680
478.885000	0.466766
478.885100	0.731354
478.885200	0.944061
478.885300	1.027069
478.885400	0.933380
478.885500	0.616913
478.885600	0.164795
478.885700	-0.300446
478.885800	-0.709229
478.885900	-0.944366
478.886000	-0.990295
478.886100	-0.832367
478.886200	-0.574493
478.886300	-0.368500
478.886400	-0.197296
478.886500	-0.083466
478.886600	-0.040283
478.886700	-0.008698
478.886800	-0.007629
478.886900	-0.022125
478.887000	-0.033722
478.887100	-0.039673
478.887200	-0.037537
478.887300	-0.047455
478.887400	-0.060730
478.887500	-0.044250
478.887600	-0.036316
478.887700	-0.032196
478.887800	-0.037384
478.887900	-0.041046
478.888000	-0.026855
478.888100	-0.011444
478.888200	0.000763
478.888300	0.003967
478.888400	0.008392
478.888500	0.012360
478.888600	0.011597
478.888700	0.013580
478.888800	0.013580
478.888900	0.017853
478.889000	0.019989
478.889100	0.027161
478.889200	0.028229
478.889300	0.041199
478.889400	0.039520
478.889500	0.036163
478.889600	0.029602
478.889700	0.023804
478.889800	0.022125
478.889900	0.022736
478.890000	0.021667
478.890100	0.019989
478.890200	0.025635
478.890300	0.079956
478.890400	0.192719
478.890500	0.360565
478.890600	0.429687
478.890700	0.373230
478.890800	0.282593
478.890900	0.152130
478.891000	0.007019
478.891100	-0.140533
478.891200	-0.274200
478.891300	-0.376892
478.891400	-0.459747
478.891500	-0.451813
478.891600	-0.303650
478.891700	-0.150452
478.891800	-0.055084
478.891900	-0.014648
478.892000	-0.003662
478.892100	-0.000153
478.892200	0.006409
478.892300	0.014038
478.892400	0.021973
478.892500	0.030518
478.892600	0.027466
478.892700	0.026550
478.892800	0.019684
478.892900	0.017242
478.893000	0.006256
478.893100	0.001678
478.893200	0.002899
478.893300	0.000153
478.893400	-0.009003
478.893500	-0.009308
478.893600	-0.008240
478.893700	-0.002594
478.893800	0.001068
478.893900	0.004425
478.894000	0.009155
478.894100	0.006104
478.894200	0.008392
478.894300	0.006561
478.894400	0.007477
478.894500	0.010681
478.894600	0.014343
478.894700	0.020599
478.894800	0.027008
478.894900	0.034485
478.895000	0.031586
478.895100	0.030975
478.895200	0.027313
478.895300	0.013885
478.895400	0.005188
478.895500	-0.009003
478.895600	-0.023499
478.895700	-0.000305
478.895800	0.177002
478.895900	0.815582
478.896000	2.295685
478.896100	4.799500
478.896200	4.999847
478.896300	4.999847
478.896400	4.999847
478.896500	4.999847
478.896600	1.516876
478.896700	-2.989960
478.896800	-5.000000
478.896900	-5.000000
478.897000	-5.000000
478.897100	-5.000000
478.897200	-4.033508
478.897300	-1.385651
478.897400	0.179901
478.897500	0.813446
478.897600	0.700836
478.897700	0.270386
478.897800	-0.206604
478.897900	-0.705719
478.898000	-0.990295
478.898100	-1.040039
478.898200	-1.022491
478.898300	-0.931854
478.898400	-0.626221
478.898500	-0.346222
478.898600	-0.161591
478.898700	-0.037689
478.898800	0.017853
478.898900	0.048828
478.899000	0.058746
478.899100	0.065613
478.899200	0.064087
478.899300	0.060272
478.899400	0.058289
478.899500	0.045013
478.899600	0.045929
478.899700	0.039825
478.899800	0.044250
478.899900	0.052032
478.900000	0.063934
478.900100	0.069122
478.900200	0.069885
478.900300	0.062561
478.900400	0.052185
478.900500	0.040894
478.900600	0.035553
478.900700	0.033264
478.900800	0.034790
478.900900	0.042725
478.901000	0.054474
478.901100	0.056763
478.901200	0.063171
478.901300	0.059662
478.901400	0.060577
478.901500	0.053101
478.901600	0.041046
478.901700	0.032043
478.901800	0.035706
478.901900	0.033417
478.902000	0.034180
478.902100	0.039368
478.902200	0.050812
478.902300	0.065765
478.902400	0.099487
478.902500	0.123596
478.902600	0.129700
478.902700	0.150146
478.902800	0.175018
478.902900	0.182037
478.903000	0.158844
478.903100	0.104065
478.903200	0.061188
478.903300	0.021820
478.903400	-0.040741
478.903500	-0.101929
478.903600	-0.110779
478.903700	-0.096588
478.903800	-0.064392
478.903900	-0.017090
478.904000	0.017548
478.904100	0.026550
478.904200	0.009003
478.904300	-0.015411
478.904400	-0.022888
478.904500	-0.022430
478.904600	-0.019836
478.904700	-0.021973
478.904800	-0.010223
478.904900	-0.002747
478.905000	-0.005493
478.905100	-0.011749
478.905200	-0.011902
478.905300	-0.006104
478.905400	0.002441
478.905500	0.018311
478.905600	0.033569
478.905700	0.032654
478.905800	0.028839
478.905900	0.023956
478.906000	0.024872
478.906100	0.028992
478.906200	0.035858
478.906300	0.035858
478.906400	0.028992
478.906500	0.016937
478.906600	0.012817
478.906700	0.006256
478.906800	-0.003967
478.906900	0.006714
478.907000	0.064087
478.907100	0.193176
478.907200	0.444031
478.907300	0.768890
478.907400	0.892334
478.907500	0.950012
478.907600	0.918121
478.907700	0.515747
478.907800	-0.032501
478.907900	-0.618744
478.908000	-0.911865
478.908100	-0.948334
478.908200	-0.959473
478.908300	-0.757294
478.908400	-0.273590
478.908500	0.182495
478.908600	0.472260
478.908700	0.500336
478.908800	0.421295
478.908900	0.297699
478.909000	0.148315
478.909100	-0.010681
478.909200	-0.165405
478.909300	-0.310364
478.909400	-0.435028
478.909500	-0.533447
478.909600	-0.582428
478.909700	-0.459137
478.909800	-0.269775
478.909900	-0.122375
478.910000	-0.034790
478.910100	0.010376
478.910200	0.019379
478.910300	0.028229
478.910400	0.042877
478.910500	0.049133
478.910600	0.054932
478.910700	0.056610
478.910800	0.059814
478.910900	0.052643
478.911000	0.044861
478.911100	0.037842
478.911200	0.034943
478.911300	0.026855
478.911400	0.018463
478.911500	0.018768
478.911600	0.011444
478.911700	0.012054
478.911800	0.007477
478.911900	-0.003052
478.912000	-0.004272
478.912100	-0.009613
478.912200	-0.013885
478.912300	-0.011749
478.912400	0.001526
478.912500	0.005646
478.912600	0.011139
478.912700	0.010071
478.912800	0.009766
478.912900	0.012665
478.913000	0.018768
478.913100	0.020447
478.913200	0.037231
478.913300	0.045319
478.913400	0.046387
478.913500	0.033875
478.913600	0.022125
478.913700	0.011902
478.913800	-0.003204
478.913900	-0.002594
478.914000	-0.007019
478.914100	-0.011749
478.914200	-0.008392
478.914300	-0.005646
478.914400	-0.006714
478.914500	-0.003510
478.914600	-0.001221
478.914700	0.004425
478.914800	0.008240
478.914900	0.005035
478.915000	0.007782
478.915100	0.009613
478.915200	0.011292
478.915300	0.012054
478.915400	0.014648
478.915500	0.017395
478.915600	0.019531
478.915700	0.030823
478.915800	0.028839
478.915900	0.038605
478.916000	0.039368
478.916100	0.032349
478.916200	0.027771
478.916300	0.030518
478.916400	0.050354
478.916500	0.082397
478.916600	0.092316
478.916700	0.084839
478.916800	0.072784
478.916900	0.048218
478.917000	0.021210
478.917100	-0.006561
478.917200	-0.029449
478.917300	-0.055389
478.917400	-0.078888
478.917500	-0.093994
478.917600	-0.118408
478.917700	-0.126801
478.917800	-0.089722
478.917900	-0.054779
478.918000	-0.021973
478.918100	-0.004272
478.918200	0.004425
478.918300	0.011292
478.918400	0.007019
478.918500	0.006714
478.918600	0.006256
478.918700	0.005951
478.918800	0.006409
478.918900	0.009003
478.919000	0.017853
478.919100	0.025940
478.919200	0.030670
478.919300	0.048065
478.919400	0.064697
478.919500	0.083618
478.919600	0.091400
478.919700	0.079498
478.919800	0.048523
478.919900	-0.001068
478.920000	-0.055237
478.920100	-0.084229
478.920200	-0.082245
478.920300	-0.065308
478.920400	-0.020294
478.920500	0.031891
478.920600	0.052032
478.920700	0.036163
478.920800	0.017395
478.920900	0.008240
478.921000	-0.000305
478.921100	-0.005798
478.921200	-0.004120
478.921300	0.003204
478.921400	0.001831
478.921500	-0.002594
478.921600	-0.012970
478.921700	-0.028992
478.921800	-0.047150
478.921900	-0.051270
478.922000	-0.042725
478.922100	-0.032959
478.922200	-0.021362
478.922300	-0.012054
478.922400	-0.004425
478.922500	-0.001831
478.922600	0.000916
478.922700	-0.004883
478.922800	-0.007172
478.922900	-0.006256
478.923000	0.002747
478.923100	0.004883
478.923200	0.005341
478.923300	0.010834
478.923400	0.007782
478.923500	0.010529
478.923600	0.018311
478.923700	0.025482
478.923800	0.032349
478.923900	0.035400
478.924000	0.027618
478.924100	0.012512
478.924200	-0.005035
478.924300	-0.018311
478.924400	-0.018921
478.924500	-0.013885
478.924600	-0.000763
478.924700	0.018616
478.924800	0.041199
