490.544900	0.113678
490.545000	0.113983
490.545100	0.101318
490.545200	0.081940
490.545300	0.057373
490.545400	0.046539
490.545500	0.045319
490.545600	0.044250
490.545700	0.047607
490.545800	0.055237
490.545900	0.059204
490.546000	0.056610
490.546100	0.063171
490.546200	0.070190
490.546300	0.069122
490.546400	0.074768
490.546500	0.081024
490.546600	0.087433
490.546700	0.108032
490.546800	0.118713
490.546900	0.127716
490.547000	0.122223
490.547100	0.095673
490.547200	0.064850
490.547300	0.047607
490.547400	0.037231
490.547500	0.042267
490.547600	0.061035
490.547700	0.073395
490.547800	0.086823
490.547900	0.088654
490.548000	0.083771
490.548100	0.086517
490.548200	0.073395
490.548300	0.081940
490.548400	0.074463
490.548500	0.074463
490.548600	0.070038
490.548700	0.063477
490.548800	0.058289
490.548900	0.065765
490.549000	0.083313
490.549100	0.093079
490.549200	0.098114
490.549300	0.095367
490.549400	0.086670
490.549500	0.063782
490.549600	0.042267
490.549700	0.032654
490.549800	0.024414
490.549900	0.015411
490.550000	0.022888
490.550100	0.033569
490.550200	0.050507
490.550300	0.063324
490.550400	0.061493
490.550500	0.060730
490.550600	0.058746
490.550700	0.062561
490.550800	0.065460
490.550900	0.060730
490.551000	0.066986
490.551100	0.071869
490.551200	0.070801
490.551300	0.066986
490.551400	0.068512
490.551500	0.073853
490.551600	0.081940
490.551700	0.113220
490.551800	0.184174
490.551900	0.300903
490.552000	0.409546
490.552100	0.403595
490.552200	0.332184
490.552300	0.234070
490.552400	0.122833
490.552500	-0.001068
490.552600	-0.115509
490.552700	-0.219269
490.552800	-0.295410
490.552900	-0.339355
490.553000	-0.274048
490.553100	-0.136108
490.553200	-0.033264
490.553300	0.023956
490.553400	0.051575
490.553500	0.057831
490.553600	0.054626
490.553700	0.058289
490.553800	0.056305
490.553900	0.058136
490.554000	0.058899
490.554100	0.057526
490.554200	0.059967
490.554300	0.070038
490.554400	0.075836
490.554500	0.077820
490.554600	0.083923
490.554700	0.098724
490.554800	0.119781
490.554900	0.122070
490.555000	0.117035
490.555100	0.111237
490.555200	0.105743
490.555300	0.160828
490.555400	0.332947
490.555500	0.645294
490.555600	0.840302
490.555700	0.792236
490.555800	0.610962
490.555900	0.364380
490.556000	0.072784
490.556100	-0.213928
490.556200	-0.472107
490.556300	-0.648499
490.556400	-0.738525
490.556500	-0.744934
490.556600	-0.572357
490.556700	-0.304108
490.556800	-0.096436
490.556900	0.014191
490.557000	0.050354
490.557100	0.059204
490.557200	0.063019
490.557300	0.064545
490.557400	0.072479
490.557500	0.067749
490.557600	0.063019
490.557700	0.054932
490.557800	0.052338
490.557900	0.050049
490.558000	0.058289
490.558100	0.058594
490.558200	0.063477
490.558300	0.068207
490.558400	0.065613
490.558500	0.067596
490.558600	0.069885
490.558700	0.073090
490.558800	0.075836
490.558900	0.079346
490.559000	0.085449
490.559100	0.083008
490.559200	0.074768
490.559300	0.071411
490.559400	0.070190
490.559500	0.087433
490.559600	0.100403
490.559700	0.117493
490.559800	0.111389
490.559900	0.109558
490.560000	0.092468
490.560100	0.051727
490.560200	0.014038
490.560300	0.002747
490.560400	0.007629
490.560500	0.006714
490.560600	0.017395
490.560700	0.035095
490.560800	0.057526
490.560900	0.065765
490.561000	0.068054
490.561100	0.067291
490.561200	0.066833
490.561300	0.071716
490.561400	0.072784
490.561500	0.074158
490.561600	0.075531
490.561700	0.072174
490.561800	0.070496
490.561900	0.073853
490.562000	0.083771
490.562100	0.085449
490.562200	0.088959
490.562300	0.093994
490.562400	0.082245
490.562500	0.066833
490.562600	0.055847
490.562700	0.054626
490.562800	0.058289
490.562900	0.089569
490.563000	0.194244
490.563100	0.426331
490.563200	0.744934
490.563300	0.983887
490.563400	1.030121
490.563500	0.872192
490.563600	0.477600
490.563700	-0.028839
490.563800	-0.535889
490.563900	-0.850983
490.564000	-0.934601
490.564100	-0.820465
490.564200	-0.566101
490.564300	-0.279083
490.564400	-0.088348
490.564500	-0.004730
490.564600	0.032806
490.564700	0.043182
490.564800	0.045776
490.564900	0.047760
490.565000	0.055542
490.565100	0.055542
490.565200	0.061188
490.565300	0.068665
490.565400	0.069885
490.565500	0.067596
490.565600	0.068359
490.565700	0.070953
490.565800	0.064545
490.565900	0.071106
490.566000	0.075226
490.566100	0.081940
490.566200	0.084839
490.566300	0.089264
490.566400	0.078125
490.566500	0.067596
490.566600	0.055237
490.566700	0.050964
490.566800	0.046539
490.566900	0.040436
490.567000	0.044708
490.567100	0.059204
490.567200	0.071411
490.567300	0.079346
490.567400	0.080566
490.567500	0.085907
490.567600	0.078735
490.567700	0.071259
490.567800	0.073700
490.567900	0.071411
490.568000	0.070343
490.568100	0.068359
490.568200	0.070343
490.568300	0.064697
490.568400	0.061188
490.568500	0.051575
490.568600	0.046539
490.568700	0.051422
490.568800	0.056915
490.568900	0.058136
490.569000	0.064392
490.569100	0.069733
490.569200	0.081024
490.569300	0.086823
490.569400	0.088654
490.569500	0.074005
490.569600	0.073242
490.569700	0.073090
490.569800	0.074768
490.569900	0.061035
490.570000	0.048370
490.570100	0.032349
490.570200	0.019379
490.570300	0.013123
490.570400	0.001221
490.570500	0.019531
490.570600	0.046387
490.570700	0.073853
490.570800	0.087128
490.570900	0.079956
490.571000	0.074005
490.571100	0.057068
490.571200	0.044861
490.571300	0.034943
490.571400	0.037842
490.571500	0.038910
490.571600	0.044098
490.571700	0.057983
490.571800	0.057068
490.571900	0.067749
490.572000	0.068817
490.572100	0.071259
490.572200	0.062256
490.572300	0.058899
490.572400	0.066376
490.572500	0.146637
490.572600	0.349884
490.572700	0.677338
490.572800	0.960236
490.572900	1.062012
490.573000	0.912170
490.573100	0.489502
490.573200	-0.073395
490.573300	-0.612793
490.573400	-0.936890
490.573500	-1.020508
490.573600	-0.886230
490.573700	-0.570221
490.573800	-0.261078
490.573900	-0.060577
490.574000	0.023041
490.574100	0.066223
490.574200	0.075836
490.574300	0.086365
490.574400	0.096588
490.574500	0.097198
490.574600	0.100708
490.574700	0.093384
490.574800	0.073547
490.574900	0.060883
490.575000	0.043335
490.575100	0.037537
490.575200	0.030975
490.575300	0.035248
490.575400	0.046692
490.575500	0.054626
490.575600	0.053406
490.575700	0.057526
490.575800	0.062256
490.575900	0.060120
490.576000	0.063324
490.576100	0.058899
490.576200	0.066071
490.576300	0.069885
490.576400	0.071564
490.576500	0.068207
490.576600	0.065155
490.576700	0.053711
490.576800	0.047913
490.576900	0.048218
490.577000	0.052948
490.577100	0.055847
490.577200	0.057678
490.577300	0.064392
490.577400	0.073395
490.577500	0.072937
490.577600	0.071259
490.577700	0.082397
490.577800	0.113525
490.577900	0.220032
490.578000	0.396271
490.578100	0.567322
490.578200	0.617981
490.578300	0.531006
490.578400	0.338440
490.578500	0.059357
490.578600	-0.220032
490.578700	-0.438232
490.578800	-0.515747
490.578900	-0.367432
490.579000	0.036011
490.579100	0.533447
490.579200	0.867615
490.579300	0.956421
490.579400	0.746002
490.579500	0.291748
490.579600	-0.265198
490.579700	-0.708618
490.579800	-0.913391
490.579900	-0.899048
490.580000	-0.682068
490.580100	-0.354004
490.580200	-0.090332
490.580300	0.038300
490.580400	0.079651
490.580500	0.080566
490.580600	0.094910
490.580700	0.163269
490.580800	0.339355
490.580900	0.583801
490.581000	0.771027
490.581100	0.818634
490.581200	0.639954
490.581300	0.252228
490.581400	-0.216064
490.581500	-0.594788
490.581600	-0.758972
490.581700	-0.752106
490.581800	-0.572357
490.581900	-0.319366
490.582000	-0.101166
490.582100	0.008850
490.582200	0.055389
490.582300	0.075684
490.582400	0.082397
490.582500	0.083008
490.582600	0.084229
490.582700	0.088196
490.582800	0.085449
490.582900	0.092010
490.583000	0.083923
490.583100	0.082550
490.583200	0.083160
490.583300	0.080872
490.583400	0.082092
490.583500	0.079346
490.583600	0.092010
490.583700	0.096741
490.583800	0.121002
490.583900	0.184174
490.584000	0.296478
490.584100	0.390625
490.584200	0.442963
490.584300	0.460205
490.584400	0.271606
490.584500	-0.041962
490.584600	-0.330811
490.584700	-0.363617
490.584800	-0.252991
490.584900	-0.099640
490.585000	0.073853
490.585100	0.167084
490.585200	0.147400
490.585300	0.057983
490.585400	-0.052643
490.585500	-0.150604
490.585600	-0.218811
490.585700	-0.237885
490.585800	-0.149384
490.585900	-0.036774
490.586000	0.042877
490.586100	0.087433
490.586200	0.094910
490.586300	0.097961
490.586400	0.102997
490.586500	0.111237
490.586600	0.108948
490.586700	0.111694
490.586800	0.126343
490.586900	0.136719
490.587000	0.128021
490.587100	0.115356
490.587200	0.101318
490.587300	0.082245
490.587400	0.050201
490.587500	0.019836
490.587600	-0.001831
490.587700	0.000000
490.587800	0.006104
490.587900	0.015259
490.588000	0.036011
490.588100	0.052643
490.588200	0.066528
490.588300	0.072021
490.588400	0.069580
490.588500	0.071869
490.588600	0.070343
490.588700	0.073395
490.588800	0.077057
490.588900	0.071716
490.589000	0.075378
490.589100	0.075226
490.589200	0.072937
490.589300	0.074005
490.589400	0.076447
490.589500	0.089417
490.589600	0.099792
490.589700	0.098267
490.589800	0.090485
490.589900	0.069885
490.590000	0.052643
490.590100	0.050659
490.590200	0.060272
490.590300	0.071411
490.590400	0.101318
490.590500	0.190582
490.590600	0.394287
490.590700	0.667267
490.590800	0.863953
490.590900	0.894928
490.591000	0.707092
490.591100	0.303955
490.591200	-0.182343
490.591300	-0.564575
490.591400	-0.746307
490.591500	-0.776367
490.591600	-0.656433
490.591700	-0.405884
490.591800	-0.163574
490.591900	0.017242
490.592000	0.216217
490.592100	0.444946
490.592200	0.571289
490.592300	0.542603
490.592400	0.408325
490.592500	0.199738
490.592600	-0.005035
490.592700	-0.050659
490.592800	0.166779
490.592900	0.558167
490.593000	0.785828
490.593100	0.805054
490.593200	0.602264
490.593300	0.214233
490.593400	-0.274658
490.593500	-0.722351
490.593600	-1.039429
490.593700	-1.141663
490.593800	-0.805664
490.593900	0.033875
490.594000	0.805206
490.594100	1.127930
490.594200	1.029358
490.594300	0.667267
490.594400	0.152588
490.594500	-0.409698
490.594600	-0.843811
490.594700	-1.127319
490.594800	-1.194000
490.594900	-0.893097
490.595000	-0.445251
490.595100	-0.131836
490.595200	-0.004120
490.595300	0.035553
490.595400	0.059204
490.595500	0.079346
490.595600	0.116272
490.595700	0.156555
490.595800	0.174255
490.595900	0.186615
490.596000	0.169525
490.596100	0.114136
490.596200	0.051422
490.596300	-0.001068
490.596400	-0.016479
490.596500	0.013885
490.596600	0.120392
490.596700	0.319519
490.596800	0.546875
490.596900	0.725861
490.597000	0.848083
490.597100	0.822906
490.597200	0.628815
490.597300	0.290985
490.597400	-0.137329
490.597500	-0.532532
490.597600	-0.721283
490.597700	-0.681763
490.597800	-0.500793
490.597900	-0.243683
490.598000	-0.038300
490.598100	0.056000
490.598200	0.048218
490.598300	0.005341
490.598400	-0.032196
