410.058500	0.165710
410.058600	-0.094452
410.058700	-0.322723
410.058800	-0.494232
410.058900	-0.618439
410.059000	-0.672455
410.059100	-0.700073
410.059200	-0.694885
410.059300	-0.641327
410.059400	-0.547333
410.059500	-0.423279
410.059600	-0.300293
410.059700	-0.208740
410.059800	-0.141602
410.059900	-0.107117
410.060000	-0.094299
410.060100	-0.096741
410.060200	-0.076294
410.060300	-0.027924
410.060400	0.059509
410.060500	0.180817
410.060600	0.319214
410.060700	0.449982
410.060800	0.537567
410.060900	0.568542
410.061000	0.554962
410.061100	0.518494
410.061200	0.431976
410.061300	0.302582
410.061400	0.138245
410.061500	-0.040283
410.061600	-0.205688
410.061700	-0.339355
410.061800	-0.433807
410.061900	-0.490723
410.062000	-0.527649
410.062100	-0.529633
410.062200	-0.489349
410.062300	-0.399475
410.062400	-0.276794
410.062500	-0.149994
410.062600	-0.043030
410.062700	0.036469
410.062800	0.097656
410.062900	0.130463
410.063000	0.150299
410.063100	0.163574
410.063200	0.162048
410.063300	0.158691
410.063400	0.150909
410.063500	0.144348
410.063600	0.119629
410.063700	0.096283
410.063800	0.076447
410.063900	0.053558
410.064000	0.029907
410.064100	0.005035
410.064200	-0.015106
410.064300	-0.028229
410.064400	-0.042419
410.064500	-0.037231
410.064600	-0.032654
410.064700	-0.020294
410.064800	-0.011597
410.064900	0.011139
410.065000	0.050049
410.065100	0.114746
410.065200	0.224609
410.065300	0.366516
410.065400	0.544586
410.065500	0.700226
410.065600	0.789642
410.065700	0.830383
410.065800	0.830688
410.065900	0.796509
410.066000	0.702515
410.066100	0.522919
410.066200	0.264893
410.066300	-0.007172
410.066400	-0.240784
410.066500	-0.380707
410.066600	-0.394287
410.066700	-0.332794
410.066800	-0.244598
410.066900	-0.175476
410.067000	-0.114746
410.067100	-0.024109
410.067200	0.080566
410.067300	0.138855
410.067400	0.120697
410.067500	0.028076
410.067600	-0.108643
410.067700	-0.269470
410.067800	-0.432587
410.067900	-0.570679
410.068000	-0.648956
410.068100	-0.672150
410.068200	-0.648804
410.068300	-0.609131
410.068400	-0.544281
410.068500	-0.442657
410.068600	-0.316162
410.068700	-0.199280
410.068800	-0.110168
410.068900	-0.042419
410.069000	-0.008087
410.069100	0.015259
410.069200	0.029449
410.069300	0.034637
410.069400	0.042572
410.069500	0.050049
410.069600	0.059814
410.069700	0.064850
410.069800	0.066681
410.069900	0.072479
410.070000	0.074463
410.070100	0.069580
410.070200	0.072479
410.070300	0.069427
410.070400	0.066223
410.070500	0.060883
410.070600	0.055847
410.070700	0.053864
410.070800	0.049438
410.070900	0.049591
410.071000	0.056458
410.071100	0.065002
410.071200	0.065460
410.071300	0.064850
410.071400	0.058136
410.071500	0.055542
410.071600	0.059814
410.071700	0.056458
410.071800	0.049591
410.071900	0.040894
410.072000	0.035248
410.072100	0.025940
410.072200	0.026855
410.072300	0.029755
410.072400	0.023804
410.072500	0.026398
410.072600	0.029449
410.072700	0.025177
410.072800	0.031738
410.072900	0.032043
410.073000	0.032349
410.073100	0.036469
410.073200	0.033722
410.073300	0.040894
410.073400	0.034180
410.073500	0.038452
410.073600	0.044250
410.073700	0.038452
410.073800	0.036011
410.073900	0.034180
410.074000	0.035706
410.074100	0.037689
410.074200	0.033722
410.074300	0.045166
410.074400	0.036926
410.074500	0.040436
410.074600	0.037689
410.074700	0.039215
410.074800	0.037231
410.074900	0.033264
410.075000	0.031738
410.075100	0.033569
410.075200	0.033264
410.075300	0.031586
410.075400	0.029755
410.075500	0.035095
410.075600	0.035400
410.075700	0.035858
410.075800	0.032501
410.075900	0.031586
410.076000	0.035095
410.076100	0.031433
410.076200	0.034180
410.076300	0.034180
410.076400	0.035858
410.076500	0.034180
410.076600	0.033112
410.076700	0.036774
410.076800	0.034790
410.076900	0.034943
410.077000	0.038605
410.077100	0.036774
410.077200	0.037384
410.077300	0.037231
410.077400	0.034485
410.077500	0.041351
410.077600	0.040436
410.077700	0.045319
410.077800	0.046234
410.077900	0.048218
410.078000	0.047913
410.078100	0.048218
410.078200	0.047455
410.078300	0.052795
410.078400	0.055847
410.078500	0.053711
410.078600	0.050659
410.078700	0.043488
410.078800	0.041962
410.078900	0.030212
410.079000	0.013275
410.079100	-0.007477
410.079200	-0.021362
410.079300	-0.026855
410.079400	-0.042267
410.079500	-0.038452
410.079600	-0.032349
410.079700	-0.028992
410.079800	-0.024567
410.079900	-0.020752
410.080000	-0.018463
410.080100	-0.008392
410.080200	0.007172
410.080300	0.028381
410.080400	0.065918
410.080500	0.122375
410.080600	0.216064
410.080700	0.335693
410.080800	0.505219
410.080900	0.697021
410.081000	0.865784
410.081100	0.977173
410.081200	1.033478
410.081300	1.049194
410.081400	1.052856
410.081500	1.047058
410.081600	0.980072
410.081700	0.830078
410.081800	0.603333
410.081900	0.351562
410.082000	0.088959
410.082100	-0.187988
410.082200	-0.487976
410.082300	-0.753479
410.082400	-0.965271
410.082500	-1.101074
410.082600	-1.170044
410.082700	-1.179657
410.082800	-1.217194
410.082900	-1.192017
410.083000	-1.177063
410.083100	-0.975342
410.083200	-0.819092
410.083300	-0.680847
410.083400	-0.569763
410.083500	-0.467377
410.083600	-0.357056
410.083700	-0.235291
410.083800	-0.122375
410.083900	-0.014648
410.084000	0.050507
410.084100	0.093079
410.084200	0.109558
410.084300	0.097504
410.084400	0.091400
410.084500	0.063171
410.084600	0.048218
410.084700	0.033417
410.084800	0.020752
410.084900	0.017853
410.085000	0.009155
410.085100	0.009155
410.085200	0.009918
410.085300	0.010529
410.085400	0.014648
410.085500	0.020447
410.085600	0.021667
410.085700	0.026550
410.085800	0.031738
410.085900	0.036011
410.086000	0.036774
410.086100	0.039215
410.086200	0.032349
410.086300	0.028381
410.086400	0.033264
410.086500	0.021820
410.086600	0.025330
410.086700	0.029449
410.086800	0.031128
410.086900	0.039215
410.087000	0.041504
410.087100	0.049896
410.087200	0.052643
410.087300	0.062256
410.087400	0.066376
410.087500	0.073242
410.087600	0.068665
410.087700	0.076599
410.087800	0.076294
410.087900	0.069122
410.088000	0.060425
410.088100	0.052948
410.088200	0.036926
410.088300	0.028839
410.088400	0.028534
410.088500	0.030212
410.088600	0.025177
410.088700	0.021515
410.088800	0.021210
410.088900	0.012207
410.089000	0.020905
410.089100	0.023956
410.089200	0.028992
410.089300	0.027771
410.089400	0.030518
410.089500	0.031891
410.089600	0.031281
410.089700	0.032043
410.089800	0.025787
410.089900	0.032349
410.090000	0.023041
410.090100	0.019226
410.090200	0.017090
410.090300	0.016632
410.090400	0.024719
410.090500	0.027161
410.090600	0.021820
410.090700	0.020599
410.090800	0.023804
410.090900	0.027008
410.091000	0.025024
410.091100	0.028992
410.091200	0.033264
410.091300	0.035553
410.091400	0.032196
410.091500	0.034180
410.091600	0.033722
410.091700	0.028534
410.091800	0.028687
410.091900	0.037079
410.092000	0.033875
410.092100	0.030060
410.092200	0.034332
410.092300	0.033875
410.092400	0.035095
410.092500	0.037231
410.092600	0.031128
410.092700	0.030823
410.092800	0.027161
410.092900	0.027161
410.093000	0.025330
410.093100	0.025635
410.093200	0.032043
410.093300	0.037537
410.093400	0.031586
410.093500	0.033569
410.093600	0.033112
410.093700	0.032501
410.093800	0.030212
410.093900	0.035858
410.094000	0.039368
410.094100	0.049896
410.094200	0.047455
410.094300	0.053558
410.094400	0.051575
410.094500	0.056305
410.094600	0.054169
410.094700	0.048218
410.094800	0.034943
410.094900	0.026398
410.095000	0.017242
410.095100	0.007324
410.095200	0.002594
410.095300	0.003510
410.095400	-0.003510
410.095500	-0.002441
410.095600	-0.002289
410.095700	0.002136
410.095800	0.006104
410.095900	0.015259
410.096000	0.016632
410.096100	0.033722
410.096200	0.056915
410.096300	0.109406
410.096400	0.209503
410.096500	0.360870
410.096600	0.576935
410.096700	0.838928
410.096800	1.095734
410.096900	1.305695
410.097000	1.433105
410.097100	1.468506
410.097200	1.432037
410.097300	1.309662
410.097400	1.099701
410.097500	0.802002
410.097600	0.416870
410.097700	-0.022278
410.097800	-0.474854
410.097900	-0.878601
410.098000	-1.158600
410.098100	-1.487274
410.098200	-1.657867
410.098300	-1.740112
410.098400	-1.734009
410.098500	-1.625061
410.098600	-1.408997
410.098700	-1.203766
410.098800	-0.838470
410.098900	-0.538177
410.099000	-0.301819
410.099100	-0.137634
410.099200	-0.041046
410.099300	0.015259
410.099400	0.034943
410.099500	0.043030
410.099600	0.043335
410.099700	0.043335
410.099800	0.038605
410.099900	0.036011
410.100000	0.034943
410.100100	0.039673
410.100200	0.037689
410.100300	0.034180
410.100400	0.038605
410.100500	0.040894
410.100600	0.042114
410.100700	0.042725
410.100800	0.041809
410.100900	0.048828
410.101000	0.048065
410.101100	0.050201
410.101200	0.059662
410.101300	0.065765
410.101400	0.076447
410.101500	0.104523
410.101600	0.151978
410.101700	0.208282
410.101800	0.291901
410.101900	0.381317
410.102000	0.444489
410.102100	0.485840
410.102200	0.482178
410.102300	0.458527
410.102400	0.411530
410.102500	0.334473
410.102600	0.268402
410.102700	0.179443
410.102800	0.099335
410.102900	0.003357
410.103000	-0.088806
410.103100	-0.177460
410.103200	-0.265350
410.103300	-0.336609
410.103400	-0.391388
410.103500	-0.429535
410.103600	-0.448303
410.103700	-0.447388
410.103800	-0.415955
410.103900	-0.357513
410.104000	-0.266418
410.104100	-0.156860
410.104200	-0.027313
410.104300	0.112915
410.104400	0.270996
410.104500	0.445099
410.104600	0.601807
410.104700	0.681610
410.104800	0.693665
410.104900	0.669098
410.105000	0.619202
410.105100	0.531769
410.105200	0.394592
410.105300	0.191803
410.105400	-0.045013
410.105500	-0.287933
410.105600	-0.474091
410.105700	-0.606995
410.105800	-0.671844
410.105900	-0.709534
410.106000	-0.720215
410.106100	-0.706177
410.106200	-0.632782
410.106300	-0.497131
410.106400	-0.334320
410.106500	-0.197601
410.106600	-0.097504
410.106700	-0.030670
410.106800	0.005493
410.106900	0.023041
410.107000	0.024719
410.107100	0.029297
410.107200	0.025177
410.107300	0.026550
410.107400	0.020294
410.107500	0.023499
410.107600	0.025787
410.107700	0.028381
410.107800	0.029907
410.107900	0.033722
410.108000	0.029602
410.108100	0.036163
410.108200	0.036163
410.108300	0.036621
410.108400	0.032349
410.108500	0.034027
410.108600	0.036621
410.108700	0.038757
410.108800	0.040741
410.108900	0.043335
410.109000	0.049896
410.109100	0.051727
410.109200	0.058899
410.109300	0.068512
410.109400	0.073242
410.109500	0.083008
410.109600	0.101929
410.109700	0.125732
410.109800	0.165253
410.109900	0.209656
410.110000	0.268860
410.110100	0.336609
410.110200	0.422516
410.110300	0.511475
410.110400	0.550995
410.110500	0.525208
410.110600	0.473633
410.110700	0.399475
410.110800	0.328217
410.110900	0.256653
410.111000	0.191040
410.111100	0.119324
410.111200	0.043945
410.111300	-0.032959
410.111400	-0.113373
410.111500	-0.186768
410.111600	-0.252838
410.111700	-0.313416
410.111800	-0.368347
410.111900	-0.402527
410.112000	-0.441589
