519.421700	0.050049
519.421800	0.020752
519.421900	-0.016937
519.422000	0.033264
519.422100	0.548859
519.422200	2.145538
519.422300	4.211731
519.422400	4.999847
519.422500	4.999847
519.422600	2.917938
519.422700	-0.748749
519.422800	-4.354553
519.422900	-5.000000
519.423000	-5.000000
519.423100	-3.788147
519.423200	-1.759186
519.423300	-0.559082
519.423400	-0.126343
519.423500	-0.012360
519.423600	0.018005
519.423700	0.036316
519.423800	0.045776
519.423900	0.047150
519.424000	0.051575
519.424100	0.064240
519.424200	0.081635
519.424300	0.087128
519.424400	0.079193
519.424500	0.066071
519.424600	0.055237
519.424700	0.028992
519.424800	0.027008
519.424900	0.011597
519.425000	0.018616
519.425100	0.034180
519.425200	0.052948
519.425300	0.056763
519.425400	0.056763
519.425500	0.052032
519.425600	0.047150
519.425700	0.047302
519.425800	0.054016
519.425900	0.060272
519.426000	0.053864
519.426100	0.052185
519.426200	0.050049
519.426300	0.046692
519.426400	0.041351
519.426500	0.047913
519.426600	0.042725
519.426700	0.043640
519.426800	0.037231
519.426900	0.045929
519.427000	0.049591
519.427100	0.052795
519.427200	0.049438
519.427300	0.044098
519.427400	0.037384
519.427500	0.034485
519.427600	0.041656
519.427700	0.040436
519.427800	0.047302
519.427900	0.043793
519.428000	0.043335
519.428100	0.039673
519.428200	0.040436
519.428300	0.037689
519.428400	0.038300
519.428500	0.048065
519.428600	0.061493
519.428700	0.138092
519.428800	0.353088
519.428900	0.832520
519.429000	1.260834
519.429100	1.341705
519.429200	1.232605
519.429300	0.467072
519.429400	-0.560455
519.429500	-1.177521
519.429600	-1.372223
519.429700	-1.284485
519.429800	-0.684357
519.429900	0.045471
519.430000	0.435791
519.430100	0.469055
519.430200	0.258789
519.430300	-0.064697
519.430400	-0.349274
519.430500	-0.503082
519.430600	-0.490265
519.430700	-0.321198
519.430800	-0.121918
519.430900	-0.003357
519.431000	0.034790
519.431100	0.049133
519.431200	0.054626
519.431300	0.130615
519.431400	0.350800
519.431500	0.798492
519.431600	1.021118
519.431700	1.072693
519.431800	1.089478
519.431900	0.479584
519.432000	-0.487671
519.432100	-1.028595
519.432200	-1.126862
519.432300	-1.145630
519.432400	-0.968170
519.432500	-0.467529
519.432600	-0.151520
519.432700	-0.003357
519.432800	0.035095
519.432900	0.047913
519.433000	0.058899
519.433100	0.064545
519.433200	0.074463
519.433300	0.068665
519.433400	0.067139
519.433500	0.053864
519.433600	0.036316
519.433700	0.024414
519.433800	0.027771
519.433900	0.029144
519.434000	0.043640
519.434100	0.062103
519.434200	0.076904
519.434300	0.100708
519.434400	0.281525
519.434500	0.771179
519.434600	1.389313
519.434700	1.462402
519.434800	1.163330
519.434900	0.528870
519.435000	-0.209503
519.435100	-0.734253
519.435200	-1.116791
519.435300	-1.190033
519.435400	-0.596161
519.435500	-0.240479
519.435600	-0.218048
519.435700	-0.250854
519.435800	-0.132446
519.435900	0.264587
519.436000	0.615997
519.436100	0.852356
519.436200	0.840149
519.436300	0.180511
519.436400	-0.569763
519.436500	-0.837708
519.436600	-0.893250
519.436700	-0.839081
519.436800	-0.450745
519.436900	-0.146484
519.437000	-0.012207
519.437100	0.031281
519.437200	0.051270
519.437300	0.075378
519.437400	0.097351
519.437500	0.119781
519.437600	0.126953
519.437700	0.118866
519.437800	0.083923
519.437900	0.048065
519.438000	0.006714
519.438100	-0.019989
519.438200	-0.019073
519.438300	-0.009460
519.438400	0.003815
519.438500	0.016785
519.438600	0.025024
519.438700	0.026550
519.438800	0.030212
519.438900	0.036926
519.439000	0.042114
519.439100	0.052032
519.439200	0.053253
519.439300	0.050659
519.439400	0.050812
519.439500	0.047455
519.439600	0.043182
519.439700	0.043793
519.439800	0.046539
519.439900	0.039978
519.440000	0.036926
519.440100	0.028992
519.440200	0.035553
519.440300	0.040894
519.440400	0.043640
519.440500	0.052032
519.440600	0.049896
519.440700	0.041504
519.440800	0.036926
519.440900	0.036621
519.441000	0.037537
519.441100	0.037079
519.441200	0.052643
519.441300	0.174866
519.441400	0.531769
519.441500	1.255035
519.441600	1.731262
519.441700	1.864319
519.441800	1.523743
519.441900	0.394135
519.442000	-0.883026
519.442100	-1.761932
519.442200	-1.913452
519.442300	-1.761475
519.442400	-1.203766
519.442500	-0.441132
519.442600	-0.103607
519.442700	0.002747
519.442800	0.019989
519.442900	0.026093
519.443000	0.025940
519.443100	0.028992
519.443200	0.039520
519.443300	0.048370
519.443400	0.045624
519.443500	0.046844
519.443600	0.042572
519.443700	0.043945
519.443800	0.041504
519.443900	0.041809
519.444000	0.048065
519.444100	0.060120
519.444200	0.059052
519.444300	0.067749
519.444400	0.065613
519.444500	0.057678
519.444600	0.046539
519.444700	0.041504
519.444800	0.024567
519.444900	0.014801
519.445000	0.016174
519.445100	0.030975
519.445200	0.036163
519.445300	0.044861
519.445400	0.046997
519.445500	0.050201
519.445600	0.064545
519.445700	0.082245
519.445800	0.120850
519.445900	0.384827
519.446000	1.633301
519.446100	4.567108
519.446200	4.999847
519.446300	4.999847
519.446400	4.999847
519.446500	0.524902
519.446600	-5.000000
519.446700	-5.000000
519.446800	-5.000000
519.446900	-5.000000
519.447000	-2.866821
519.447100	-1.177826
519.447200	-0.193329
519.447300	0.002899
519.447400	0.055847
519.447500	0.085449
519.447600	0.099640
519.447700	0.097961
519.447800	0.095367
519.447900	0.075836
519.448000	0.059052
519.448100	0.049286
519.448200	0.043640
519.448300	0.054169
519.448400	0.058746
519.448500	0.058746
519.448600	0.058594
519.448700	0.050812
519.448800	0.041199
519.448900	0.043945
519.449000	0.054779
519.449100	0.065308
519.449200	0.065918
519.449300	0.074005
519.449400	0.080109
519.449500	0.079193
519.449600	0.100861
519.449700	0.236816
519.449800	0.572815
519.449900	0.996704
519.450000	1.306458
519.450100	1.443176
519.450200	1.233215
519.450300	0.565796
519.450400	-0.346680
519.450500	-1.092834
519.450600	-1.497955
519.450700	-1.436310
519.450800	-1.203461
519.450900	-0.564728
519.451000	0.175323
519.451100	0.912170
519.451200	1.288605
519.451300	1.181641
519.451400	0.638733
519.451500	0.015411
519.451600	-0.394440
519.451700	-0.423584
519.451800	-0.295563
519.451900	-0.071869
519.452000	0.038605
519.452100	-0.050049
519.452200	-0.303802
519.452300	-0.476074
519.452400	-0.638580
519.452500	-0.679321
519.452600	-0.638275
519.452700	-0.588226
519.452800	-0.458374
519.452900	-0.229950
519.453000	-0.027924
519.453100	0.072021
519.453200	0.095520
519.453300	0.086060
519.453400	0.063171
519.453500	0.063477
519.453600	0.101624
519.453700	0.144653
519.453800	0.171509
519.453900	0.193024
519.454000	0.136261
519.454100	0.036011
519.454200	-0.045013
519.454300	-0.060730
519.454400	-0.066986
519.454500	-0.031128
519.454600	0.016174
519.454700	0.043945
519.454800	0.054474
519.454900	0.058899
519.455000	0.064087
519.455100	0.065460
519.455200	0.068207
519.455300	0.071411
519.455400	0.073853
519.455500	0.079193
519.455600	0.083313
519.455700	0.079651
519.455800	0.082092
519.455900	0.083923
519.456000	0.076904
519.456100	0.066528
519.456200	0.061798
519.456300	0.070801
519.456400	0.136261
519.456500	0.256042
519.456600	0.355682
519.456700	0.358582
519.456800	0.170593
519.456900	-0.063171
519.457000	-0.200958
519.457100	-0.242767
519.457200	-0.172729
519.457300	-0.054779
519.457400	0.019531
519.457500	0.037231
519.457600	0.044403
519.457700	0.040588
519.457800	0.035706
519.457900	0.042114
519.458000	0.041962
519.458100	0.041504
519.458200	0.043335
519.458300	0.045166
519.458400	0.041199
519.458500	0.036011
519.458600	0.039062
519.458700	0.036621
519.458800	0.044556
519.458900	0.076752
519.459000	0.159454
519.459100	0.214844
519.459200	0.206604
519.459300	0.144806
519.459400	0.015259
519.459500	-0.081177
519.459600	-0.106964
519.459700	-0.096283
519.459800	0.001068
519.459900	0.052185
519.460000	0.055542
519.460100	0.034332
519.460200	0.001221
519.460300	-0.025177
519.460400	-0.026245
519.460500	-0.018311
519.460600	-0.024109
519.460700	-0.002136
519.460800	0.015259
519.460900	0.026703
519.461000	0.033112
519.461100	0.039215
519.461200	0.034332
519.461300	0.030060
519.461400	0.038757
519.461500	0.038910
519.461600	0.039978
519.461700	0.036926
519.461800	0.031281
519.461900	0.035400
519.462000	0.027466
519.462100	0.028687
519.462200	0.032043
519.462300	0.028992
519.462400	0.029297
519.462500	0.026855
519.462600	0.028076
519.462700	0.036469
519.462800	0.035858
519.462900	0.041504
519.463000	0.046692
519.463100	0.050507
519.463200	0.041809
519.463300	0.026703
519.463400	0.018005
519.463500	0.011292
519.463600	0.021973
519.463700	0.101166
519.463800	0.314178
519.463900	0.579834
519.464000	0.718384
519.464100	0.659332
519.464200	0.344696
519.464300	-0.084686
519.464400	-0.485687
519.464500	-0.692596
519.464600	-0.691681
519.464700	-0.493011
519.464800	-0.245972
519.464900	-0.094757
519.465000	-0.020142
519.465100	0.019226
519.465200	0.025940
519.465300	0.034332
519.465400	0.036011
519.465500	0.037994
519.465600	0.039215
519.465700	0.040741
519.465800	0.051422
519.465900	0.055237
519.466000	0.054932
519.466100	0.060425
519.466200	0.058136
519.466300	0.053406
519.466400	0.047607
519.466500	0.030365
519.466600	0.021515
519.466700	0.010223
519.466800	0.010376
519.466900	0.011139
519.467000	0.012360
519.467100	0.017090
519.467200	0.029907
519.467300	0.037537
519.467400	0.043335
519.467500	0.047607
519.467600	0.053558
519.467700	0.050659
519.467800	0.043488
519.467900	0.036316
519.468000	0.021973
519.468100	0.023041
519.468200	0.021057
519.468300	0.040588
519.468400	0.138550
519.468500	0.584412
519.468600	1.478424
519.468700	2.099609
519.468800	2.101746
519.468900	1.338043
519.469000	-0.057373
519.469100	-1.159668
519.469200	-2.086334
519.469300	-1.863098
519.469400	-1.021881
519.469500	0.265350
519.469600	0.835419
519.469700	0.501556
519.469800	-0.381927
519.469900	-0.980225
519.470000	-1.068573
519.470100	-0.922394
519.470200	-0.430603
519.470300	-0.074158
519.470400	0.028534
519.470500	0.008698
519.470600	-0.005646
519.470700	0.005035
519.470800	0.021667
519.470900	0.017090
519.471000	-0.016785
519.471100	-0.028534
519.471200	-0.031128
519.471300	-0.024872
519.471400	0.006866
519.471500	0.083008
519.471600	0.231781
519.471700	0.375977
519.471800	0.434723
519.471900	0.323944
519.472000	0.037994
519.472100	-0.235596
519.472200	-0.343018
519.472300	-0.327148
519.472400	-0.195312
519.472500	-0.046997
519.472600	0.019684
519.472700	0.052643
519.472800	0.061188
519.472900	0.061493
519.473000	0.058289
519.473100	0.050812
519.473200	0.041809
519.473300	0.031433
519.473400	0.017853
519.473500	0.004425
519.473600	0.002747
519.473700	0.017700
519.473800	0.035706
519.473900	0.038605
519.474000	0.043030
519.474100	0.043182
519.474200	0.044250
519.474300	0.047760
519.474400	0.051270
519.474500	0.047607
519.474600	0.046539
519.474700	0.032196
519.474800	0.023651
519.474900	0.026093
519.475000	0.054779
519.475100	0.074463
519.475200	0.098877
