33.277700	0.023651
33.277800	0.028687
33.277900	0.025940
33.278000	0.026550
33.278100	0.025482
33.278200	0.030823
33.278300	0.024872
33.278400	0.025024
33.278500	0.024261
33.278600	0.023193
33.278700	0.020752
33.278800	0.026093
33.278900	0.024567
33.279000	0.027771
33.279100	0.028992
33.279200	0.031128
33.279300	0.023346
33.279400	0.024414
33.279500	0.026703
33.279600	0.030365
33.279700	0.026550
33.279800	0.025635
33.279900	0.021820
33.280000	0.023804
33.280100	0.025635
33.280200	0.023956
33.280300	0.024414
33.280400	0.021515
33.280500	0.027008
33.280600	0.025635
33.280700	0.027924
33.280800	0.021973
33.280900	0.025482
33.281000	0.028076
33.281100	0.027618
33.281200	0.028229
33.281300	0.029144
33.281400	0.030060
33.281500	0.023804
33.281600	0.027161
33.281700	0.025024
33.281800	0.029602
33.281900	0.032654
33.282000	0.032349
33.282100	0.027618
33.282200	0.027008
33.282300	0.025482
33.282400	0.028076
33.282500	0.028229
33.282600	0.022888
33.282700	0.025940
33.282800	0.025787
33.282900	0.028992
33.283000	0.027008
33.283100	0.024414
33.283200	0.023651
33.283300	0.028839
33.283400	0.026703
33.283500	0.026855
33.283600	0.030060
33.283700	0.030518
33.283800	0.031433
33.283900	0.026550
33.284000	0.026855
33.284100	0.024567
33.284200	0.026550
33.284300	0.025177
33.284400	0.026245
33.284500	0.027466
33.284600	0.028687
33.284700	0.028687
33.284800	0.031738
33.284900	0.027313
33.285000	0.027313
33.285100	0.025330
33.285200	0.027466
33.285300	0.030975
33.285400	0.030975
33.285500	0.028839
33.285600	0.030060
33.285700	0.026550
33.285800	0.022888
33.285900	0.023041
33.286000	0.023651
33.286100	0.020294
33.286200	0.029297
33.286300	0.025177
33.286400	0.028076
33.286500	0.022736
33.286600	0.025177
33.286700	0.025330
33.286800	0.027008
33.286900	0.027161
33.287000	0.027466
33.287100	0.027161
33.287200	0.026855
33.287300	0.021362
33.287400	0.023499
33.287500	0.026093
33.287600	0.024567
33.287700	0.025024
33.287800	0.024414
33.287900	0.024567
33.288000	0.020752
33.288100	0.023193
33.288200	0.022125
33.288300	0.021210
33.288400	0.026398
33.288500	0.022583
33.288600	0.024109
33.288700	0.025787
33.288800	0.024719
33.288900	0.028381
33.289000	0.027161
33.289100	0.021515
33.289200	0.024872
33.289300	0.024872
33.289400	0.024261
33.289500	0.021820
33.289600	0.016479
33.289700	0.017853
33.289800	0.025024
33.289900	0.021362
33.290000	0.028534
33.290100	0.027924
33.290200	0.029602
33.290300	0.028381
33.290400	0.023804
33.290500	0.025635
33.290600	0.025635
33.290700	0.021973
33.290800	0.024719
33.290900	0.024109
33.291000	0.021057
33.291100	0.024414
33.291200	0.025024
33.291300	0.028839
33.291400	0.027771
33.291500	0.028992
33.291600	0.020599
33.291700	0.020142
33.291800	0.023193
33.291900	0.025330
33.292000	0.025330
33.292100	0.025330
33.292200	0.022736
33.292300	0.023041
33.292400	0.025024
33.292500	0.027161
33.292600	0.027618
33.292700	0.024414
33.292800	0.026398
33.292900	0.023346
33.293000	0.024719
33.293100	0.022583
33.293200	0.026398
33.293300	0.026398
33.293400	0.024414
33.293500	0.026245
33.293600	0.032196
33.293700	0.032349
33.293800	0.031128
33.293900	0.025482
33.294000	0.021515
33.294100	0.026703
33.294200	0.028534
33.294300	0.024414
33.294400	0.030212
33.294500	0.026855
33.294600	0.020599
33.294700	0.024261
33.294800	0.025940
33.294900	0.024261
33.295000	0.027618
33.295100	0.024414
33.295200	0.023804
33.295300	0.024567
33.295400	0.026703
33.295500	0.027924
33.295600	0.021667
33.295700	0.025940
33.295800	0.026093
33.295900	0.025635
33.296000	0.029144
33.296100	0.024719
33.296200	0.031128
33.296300	0.027466
33.296400	0.030365
33.296500	0.031586
33.296600	0.032806
33.296700	0.025177
33.296800	0.022736
33.296900	0.028076
33.297000	0.028992
33.297100	0.026703
33.297200	0.028687
33.297300	0.029602
33.297400	0.024719
33.297500	0.023346
33.297600	0.028839
33.297700	0.024109
33.297800	0.022888
33.297900	0.026093
33.298000	0.027008
33.298100	0.032959
33.298200	0.026855
33.298300	0.025940
33.298400	0.028534
33.298500	0.025635
33.298600	0.026550
33.298700	0.024719
33.298800	0.031128
33.298900	0.029449
33.299000	0.028381
33.299100	0.023956
33.299200	0.023041
33.299300	0.027161
33.299400	0.029144
33.299500	0.025177
33.299600	0.025177
33.299700	0.025787
33.299800	0.026855
33.299900	0.028687
33.300000	0.025940
33.300100	0.025787
33.300200	0.021362
33.300300	0.026550
33.300400	0.026093
33.300500	0.024414
33.300600	0.024109
33.300700	0.025024
33.300800	0.024261
33.300900	0.026245
33.301000	0.024261
33.301100	0.029449
33.301200	0.029144
33.301300	0.027008
33.301400	0.033417
33.301500	0.027466
33.301600	0.027161
33.301700	0.028992
33.301800	0.026245
33.301900	0.023346
33.302000	0.021820
33.302100	0.025482
33.302200	0.024109
33.302300	0.024414
33.302400	0.026550
33.302500	0.024567
33.302600	0.020447
33.302700	0.023346
33.302800	0.029907
33.302900	0.026093
33.303000	0.026855
33.303100	0.030670
33.303200	0.031738
33.303300	0.025177
33.303400	0.024414
33.303500	0.025482
33.303600	0.024261
33.303700	0.025787
33.303800	0.022430
33.303900	0.025787
33.304000	0.021667
33.304100	0.026398
33.304200	0.022278
33.304300	0.022736
33.304400	0.021515
33.304500	0.021973
33.304600	0.025330
33.304700	0.020905
33.304800	0.024261
33.304900	0.020447
33.305000	0.024872
33.305100	0.026703
33.305200	0.032043
33.305300	0.027313
33.305400	0.026245
33.305500	0.024719
33.305600	0.028229
33.305700	0.027466
33.305800	0.027924
33.305900	0.028534
33.306000	0.029297
33.306100	0.025635
33.306200	0.027008
33.306300	0.026398
33.306400	0.028992
33.306500	0.025330
33.306600	0.023956
33.306700	0.024567
33.306800	0.021973
33.306900	0.025482
33.307000	0.026093
33.307100	0.023651
33.307200	0.023651
33.307300	0.023499
33.307400	0.025024
33.307500	0.024872
33.307600	0.023956
33.307700	0.026093
33.307800	0.031281
33.307900	0.028381
33.308000	0.027313
33.308100	0.027771
33.308200	0.029602
33.308300	0.028229
33.308400	0.031738
33.308500	0.028381
33.308600	0.024719
33.308700	0.024414
33.308800	0.027466
33.308900	0.019073
33.309000	0.019989
33.309100	0.025330
33.309200	0.028381
33.309300	0.029297
33.309400	0.027618
33.309500	0.026398
33.309600	0.028534
33.309700	0.024414
33.309800	0.021667
33.309900	0.025024
33.310000	0.023346
33.310100	0.023041
33.310200	0.023346
33.310300	0.027618
33.310400	0.025024
33.310500	0.022736
33.310600	0.023193
33.310700	0.022278
33.310800	0.025940
33.310900	0.028229
33.311000	0.023041
33.311100	0.022125
33.311200	0.023346
33.311300	0.025024
33.311400	0.024719
33.311500	0.023956
33.311600	0.021210
33.311700	0.017090
33.311800	0.024872
33.311900	0.023651
33.312000	0.023651
33.312100	0.019226
33.312200	0.024872
33.312300	0.021515
33.312400	0.019836
33.312500	0.025482
33.312600	0.028381
33.312700	0.027313
33.312800	0.025482
33.312900	0.024109
33.313000	0.024109
33.313100	0.027466
33.313200	0.023346
33.313300	0.024109
33.313400	0.023346
33.313500	0.027313
33.313600	0.026245
33.313700	0.026855
33.313800	0.027161
33.313900	0.021973
33.314000	0.027008
33.314100	0.021820
33.314200	0.024719
33.314300	0.025330
33.314400	0.029907
33.314500	0.022888
33.314600	0.028229
33.314700	0.030060
33.314800	0.030518
33.314900	0.023193
33.315000	0.024567
33.315100	0.024872
33.315200	0.028534
33.315300	0.029297
33.315400	0.025940
33.315500	0.023499
33.315600	0.025177
33.315700	0.022583
33.315800	0.021667
33.315900	0.022278
33.316000	0.023804
33.316100	0.025177
33.316200	0.022583
33.316300	0.026855
33.316400	0.024414
33.316500	0.021515
33.316600	0.025482
33.316700	0.024719
33.316800	0.027924
33.316900	0.028534
33.317000	0.029144
33.317100	0.025177
33.317200	0.026703
33.317300	0.022736
33.317400	0.023804
33.317500	0.021820
33.317600	0.023193
33.317700	0.023346
33.317800	0.018311
33.317900	0.022583
33.318000	0.026245
33.318100	0.025330
33.318200	0.022888
33.318300	0.028687
33.318400	0.024719
33.318500	0.024719
33.318600	0.024109
33.318700	0.024261
33.318800	0.027771
33.318900	0.026245
33.319000	0.023804
33.319100	0.021362
33.319200	0.025482
33.319300	0.028076
33.319400	0.027161
33.319500	0.022278
33.319600	0.023346
33.319700	0.025482
33.319800	0.024414
33.319900	0.030060
33.320000	0.025330
33.320100	0.028229
33.320200	0.027618
33.320300	0.023499
33.320400	0.028687
33.320500	0.029144
33.320600	0.028839
33.320700	0.026550
33.320800	0.028839
33.320900	0.028229
33.321000	0.021515
33.321100	0.028076
33.321200	0.024109
33.321300	0.026550
33.321400	0.027161
33.321500	0.027771
33.321600	0.025940
33.321700	0.024109
33.321800	0.025177
33.321900	0.027313
33.322000	0.030365
33.322100	0.027618
33.322200	0.028381
33.322300	0.028076
33.322400	0.023804
33.322500	0.024414
33.322600	0.028839
33.322700	0.024872
33.322800	0.027924
33.322900	0.022583
33.323000	0.023956
33.323100	0.025482
33.323200	0.028534
33.323300	0.026550
33.323400	0.023346
33.323500	0.021973
33.323600	0.020294
33.323700	0.019073
33.323800	0.024414
33.323900	0.027008
33.324000	0.026245
33.324100	0.024414
33.324200	0.025940
33.324300	0.023193
33.324400	0.025635
33.324500	0.021210
33.324600	0.022125
33.324700	0.025177
33.324800	0.025177
33.324900	0.023193
33.325000	0.024567
33.325100	0.026855
33.325200	0.028534
33.325300	0.026703
33.325400	0.022430
33.325500	0.022736
33.325600	0.028076
33.325700	0.028076
33.325800	0.030518
33.325900	0.026703
33.326000	0.027161
33.326100	0.028992
33.326200	0.026398
33.326300	0.027313
33.326400	0.026398
33.326500	0.029755
33.326600	0.030212
33.326700	0.028992
33.326800	0.030670
33.326900	0.027008
33.327000	0.030518
33.327100	0.028687
33.327200	0.027161
33.327300	0.022278
33.327400	0.029755
33.327500	0.026398
33.327600	0.021820
33.327700	0.023651
33.327800	0.025940
33.327900	0.030518
33.328000	0.026855
33.328100	0.023651
33.328200	0.027161
33.328300	0.029602
33.328400	0.027008
33.328500	0.031281
33.328600	0.026855
33.328700	0.025635
33.328800	0.024872
33.328900	0.026398
33.329000	0.025940
33.329100	0.024414
33.329200	0.025940
33.329300	0.027924
33.329400	0.029144
33.329500	0.027008
33.329600	0.025635
33.329700	0.030212
33.329800	0.025482
33.329900	0.025330
33.330000	0.023193
33.330100	0.024109
33.330200	0.024414
33.330300	0.026550
33.330400	0.028839
33.330500	0.028839
33.330600	0.021362
33.330700	0.028687
33.330800	0.028534
33.330900	0.028229
33.331000	0.028687
33.331100	0.028534
33.331200	0.026550
