49.405700	0.000458
49.405800	0.000153
49.405900	0.004578
49.406000	0.002747
49.406100	0.002136
49.406200	-0.001221
49.406300	0.002136
49.406400	0.000000
49.406500	0.001373
49.406600	0.005188
49.406700	-0.003052
49.406800	-0.000916
49.406900	-0.001373
49.407000	-0.002289
49.407100	-0.001831
49.407200	-0.000458
49.407300	0.006104
49.407400	0.000153
49.407500	0.000153
49.407600	-0.000305
49.407700	0.000153
49.407800	0.003815
49.407900	0.002594
49.408000	0.003815
49.408100	0.001373
49.408200	-0.002289
49.408300	-0.001221
49.408400	0.001068
49.408500	-0.004578
49.408600	0.004120
49.408700	-0.000305
49.408800	0.000153
49.408900	0.005035
49.409000	0.003204
49.409100	0.000763
49.409200	0.000305
49.409300	-0.002899
49.409400	0.000153
49.409500	0.006256
49.409600	0.008392
49.409700	0.004272
49.409800	0.005341
49.409900	0.001373
49.410000	0.002594
49.410100	-0.001831
49.410200	0.000763
49.410300	0.000000
49.410400	0.001068
49.410500	0.000916
49.410600	0.001068
49.410700	0.000000
49.410800	-0.001068
49.410900	-0.003357
49.411000	-0.003052
49.411100	0.001831
49.411200	0.000763
49.411300	0.000610
49.411400	0.005646
49.411500	0.005798
49.411600	0.007172
49.411700	0.002289
49.411800	0.003967
49.411900	0.000916
49.412000	0.000458
49.412100	0.004425
49.412200	-0.000153
49.412300	0.002594
49.412400	-0.004578
49.412500	0.004730
49.412600	0.003052
49.412700	0.003052
49.412800	0.003052
49.412900	0.003510
49.413000	0.001221
49.413100	-0.000153
49.413200	0.005188
49.413300	-0.000458
49.413400	0.003052
49.413500	0.005188
49.413600	-0.004730
49.413700	-0.002289
49.413800	0.000000
49.413900	-0.001373
49.414000	-0.000305
49.414100	0.006256
49.414200	0.006714
49.414300	-0.000153
49.414400	-0.000763
49.414500	0.000000
49.414600	0.001373
49.414700	0.005035
49.414800	0.002289
49.414900	0.004883
49.415000	0.004883
49.415100	-0.000305
49.415200	0.002441
49.415300	0.002899
49.415400	0.000916
49.415500	0.003052
49.415600	0.001984
49.415700	-0.000305
49.415800	0.000763
49.415900	-0.001068
49.416000	0.004730
49.416100	-0.000458
49.416200	0.003052
49.416300	-0.000153
49.416400	0.000000
49.416500	0.002899
49.416600	0.000153
49.416700	0.001068
49.416800	0.004578
49.416900	0.006409
49.417000	0.002289
49.417100	0.007935
49.417200	0.005188
49.417300	0.007935
49.417400	0.005341
49.417500	0.004883
49.417600	0.006866
49.417700	0.004730
49.417800	0.003662
49.417900	0.005341
49.418000	0.005035
49.418100	0.007019
49.418200	0.007629
49.418300	0.003815
49.418400	0.008087
49.418500	0.003510
49.418600	0.001373
49.418700	0.002136
49.418800	-0.003204
49.418900	0.004120
49.419000	0.006561
49.419100	0.004578
49.419200	0.005951
49.419300	0.003967
49.419400	0.007629
49.419500	0.003815
49.419600	0.005341
49.419700	0.006104
49.419800	0.001068
49.419900	0.006866
49.420000	0.001678
49.420100	0.000610
49.420200	0.006256
49.420300	0.002899
49.420400	0.006256
49.420500	0.004578
49.420600	0.002899
49.420700	-0.000610
49.420800	0.004578
49.420900	0.007324
49.421000	0.013123
49.421100	0.005035
49.421200	0.006561
49.421300	0.006256
49.421400	0.004120
49.421500	0.003662
49.421600	0.003510
49.421700	0.004883
49.421800	0.006104
49.421900	0.006104
49.422000	0.004120
49.422100	0.002899
49.422200	0.002747
49.422300	0.000916
49.422400	0.008087
49.422500	-0.000153
49.422600	0.001068
49.422700	0.002594
49.422800	-0.000916
49.422900	0.000305
49.423000	-0.000916
49.423100	0.009766
49.423200	0.002594
49.423300	0.001526
49.423400	0.003967
49.423500	0.002899
49.423600	0.003510
49.423700	0.007324
49.423800	0.004272
49.423900	0.003357
49.424000	0.006714
49.424100	0.005035
49.424200	0.002441
49.424300	-0.001068
49.424400	0.003204
49.424500	0.001678
49.424600	0.005035
49.424700	0.004883
49.424800	0.003662
49.424900	0.003357
49.425000	0.001068
49.425100	0.003357
49.425200	0.006104
49.425300	-0.000153
49.425400	0.002441
49.425500	0.004120
49.425600	0.003357
49.425700	0.004425
49.425800	0.000610
49.425900	0.008087
49.426000	0.008698
49.426100	0.002594
49.426200	0.007019
49.426300	0.006104
49.426400	0.009308
49.426500	0.007629
49.426600	0.008698
49.426700	0.009766
49.426800	0.002594
49.426900	0.002441
49.427000	0.005188
49.427100	0.007935
49.427200	0.006256
49.427300	0.007629
49.427400	0.005493
49.427500	0.008698
49.427600	0.008087
49.427700	0.008240
49.427800	0.006409
49.427900	0.006561
49.428000	0.006256
49.428100	0.006409
49.428200	0.002289
49.428300	0.001526
49.428400	0.003815
49.428500	0.004272
49.428600	0.006256
49.428700	0.006409
49.428800	0.000458
49.428900	0.006866
49.429000	0.004730
49.429100	0.001068
49.429200	0.008240
49.429300	0.000153
49.429400	0.004883
49.429500	0.006409
49.429600	0.003967
49.429700	0.009308
49.429800	0.002441
49.429900	0.005341
49.430000	0.004425
49.430100	0.002594
49.430200	0.004883
49.430300	0.001221
49.430400	-0.000458
49.430500	0.003510
49.430600	0.005646
49.430700	0.003967
49.430800	0.004120
49.430900	0.005188
49.431000	0.001526
49.431100	0.007019
49.431200	0.004425
49.431300	0.007324
49.431400	0.001831
49.431500	0.010681
49.431600	0.003510
49.431700	0.008698
49.431800	0.008087
49.431900	0.004883
49.432000	0.009918
49.432100	0.005188
49.432200	0.008087
49.432300	0.009613
49.432400	0.003662
49.432500	0.005798
49.432600	0.004120
49.432700	0.008545
49.432800	0.013123
49.432900	0.008087
49.433000	0.006866
49.433100	0.003357
49.433200	0.005188
49.433300	0.006561
49.433400	0.003967
49.433500	0.003357
49.433600	0.008087
49.433700	0.003815
49.433800	0.003815
49.433900	0.005188
49.434000	0.002594
49.434100	0.003815
49.434200	0.007935
49.434300	0.015106
49.434400	0.010223
49.434500	0.006714
49.434600	0.008545
49.434700	0.009308
49.434800	0.008698
49.434900	0.008087
49.435000	0.008240
49.435100	0.007477
49.435200	0.006866
49.435300	0.006561
49.435400	0.007172
49.435500	0.003815
49.435600	0.007935
49.435700	0.005188
49.435800	0.009613
49.435900	0.005493
49.436000	0.002289
49.436100	0.004120
49.436200	0.006866
49.436300	0.006714
49.436400	0.011749
49.436500	0.011139
49.436600	0.003662
49.436700	0.008240
49.436800	0.006714
49.436900	0.003815
49.437000	0.006561
49.437100	0.009613
49.437200	0.008240
49.437300	0.005646
49.437400	0.008240
49.437500	0.007782
49.437600	0.006866
49.437700	0.011902
49.437800	0.010986
49.437900	0.006866
49.438000	0.006256
49.438100	0.007782
49.438200	0.007477
49.438300	0.008087
49.438400	0.007629
49.438500	0.008240
49.438600	0.007782
49.438700	0.009766
49.438800	0.010986
49.438900	0.011902
49.439000	0.012665
49.439100	0.010376
49.439200	0.010376
49.439300	0.004120
49.439400	0.012360
49.439500	0.012665
49.439600	0.006256
49.439700	0.007477
49.439800	0.007477
49.439900	0.004883
49.440000	0.009766
49.440100	0.008087
49.440200	0.005646
49.440300	0.009766
49.440400	0.009308
49.440500	0.009155
49.440600	0.014801
49.440700	0.012207
49.440800	0.005341
49.440900	0.007172
49.441000	0.010376
49.441100	0.008698
49.441200	0.006256
49.441300	0.009460
49.441400	0.007477
49.441500	0.008087
49.441600	0.006561
49.441700	0.008087
49.441800	0.009155
49.441900	0.005341
49.442000	0.006256
49.442100	0.007324
49.442200	0.010376
49.442300	0.008545
49.442400	0.009003
49.442500	0.006561
49.442600	0.007935
49.442700	0.011902
49.442800	0.006714
49.442900	0.011139
49.443000	0.012360
49.443100	0.009460
49.443200	0.009003
49.443300	0.010529
49.443400	0.009460
49.443500	0.011444
49.443600	0.008545
49.443700	0.007782
49.443800	0.009766
49.443900	0.013580
49.444000	0.011597
49.444100	0.011749
49.444200	0.007935
49.444300	0.014801
49.444400	0.007782
49.444500	0.008087
49.444600	0.008698
49.444700	0.006866
49.444800	0.010071
49.444900	0.008392
49.445000	0.010223
49.445100	0.008087
49.445200	0.009918
49.445300	0.011444
49.445400	0.011749
49.445500	0.008087
49.445600	0.009460
49.445700	0.010986
49.445800	0.012054
49.445900	0.010986
49.446000	0.006866
49.446100	0.008087
49.446200	0.010986
49.446300	0.010223
49.446400	0.009003
49.446500	0.008392
49.446600	0.012512
49.446700	0.009766
49.446800	0.010681
49.446900	0.009460
49.447000	0.013580
49.447100	0.010529
49.447200	0.013580
49.447300	0.012207
49.447400	0.011749
49.447500	0.005646
49.447600	0.012207
49.447700	0.008850
49.447800	0.006409
49.447900	0.007629
49.448000	0.007629
49.448100	0.011902
49.448200	0.011902
49.448300	0.010071
49.448400	0.008087
49.448500	0.006104
49.448600	0.010376
49.448700	0.009918
49.448800	0.007324
49.448900	0.006561
49.449000	0.009155
49.449100	0.009918
49.449200	0.003052
49.449300	0.007629
49.449400	0.007019
49.449500	0.007782
49.449600	0.007172
49.449700	0.005493
49.449800	0.012970
49.449900	0.006714
49.450000	0.012207
49.450100	0.012970
49.450200	0.010834
49.450300	0.012360
49.450400	0.013580
49.450500	0.011597
49.450600	0.011444
49.450700	0.011139
49.450800	0.009155
49.450900	0.010834
49.451000	0.013428
49.451100	0.011902
49.451200	0.015564
49.451300	0.010376
49.451400	0.016174
49.451500	0.015717
49.451600	0.009308
49.451700	0.012360
49.451800	0.013123
49.451900	0.009003
49.452000	0.008087
49.452100	0.011444
49.452200	0.012512
49.452300	0.010071
49.452400	0.008545
49.452500	0.008240
49.452600	0.013123
49.452700	0.011597
49.452800	0.007019
49.452900	0.009918
49.453000	0.010529
49.453100	0.010986
49.453200	0.011749
49.453300	0.006409
49.453400	0.005951
49.453500	0.009308
49.453600	0.007019
49.453700	0.012665
49.453800	0.006256
49.453900	0.010986
49.454000	0.012054
49.454100	0.013733
49.454200	0.010834
49.454300	0.012360
49.454400	0.011139
49.454500	0.009003
49.454600	0.008545
49.454700	0.011139
49.454800	0.007019
49.454900	0.013885
49.455000	0.014191
49.455100	0.012817
49.455200	0.008698
49.455300	0.010681
49.455400	0.013733
49.455500	0.015411
49.455600	0.008240
49.455700	0.011902
49.455800	0.009766
49.455900	0.008850
49.456000	0.006714
49.456100	0.012512
49.456200	0.013275
49.456300	0.005646
49.456400	0.009308
49.456500	0.008545
49.456600	0.009460
49.456700	0.012207
49.456800	0.013275
49.456900	0.008240
49.457000	0.010834
49.457100	0.014191
49.457200	0.010376
49.457300	0.013885
49.457400	0.014038
49.457500	0.007629
49.457600	0.010834
49.457700	0.010681
49.457800	0.010376
49.457900	0.010071
49.458000	0.015259
49.458100	0.008087
49.458200	0.008698
49.458300	0.010529
49.458400	0.010834
49.458500	0.011749
49.458600	0.013123
49.458700	0.014038
49.458800	0.014191
49.458900	0.011292
49.459000	0.012665
49.459100	0.016785
49.459200	0.014801
