127.280900	0.022736
127.281000	0.024109
127.281100	0.034637
127.281200	0.035400
127.281300	0.039673
127.281400	0.036163
127.281500	0.033875
127.281600	0.040131
127.281700	0.041504
127.281800	0.055695
127.281900	0.053406
127.282000	0.055695
127.282100	0.060730
127.282200	0.066071
127.282300	0.068665
127.282400	0.076752
127.282500	0.068817
127.282600	0.066528
127.282700	0.077209
127.282800	0.079346
127.282900	0.072021
127.283000	0.077820
127.283100	0.075531
127.283200	0.082245
127.283300	0.075684
127.283400	0.077667
127.283500	0.077820
127.283600	0.082397
127.283700	0.088806
127.283800	0.095825
127.283900	0.098267
127.284000	0.093994
127.284100	0.101318
127.284200	0.106354
127.284300	0.100708
127.284400	0.098114
127.284500	0.105133
127.284600	0.099640
127.284700	0.097656
127.284800	0.090027
127.284900	0.090942
127.285000	0.083008
127.285100	0.083313
127.285200	0.073242
127.285300	0.063782
127.285400	0.062408
127.285500	0.058594
127.285600	0.048828
127.285700	0.054016
127.285800	0.063782
127.285900	0.068512
127.286000	0.091095
127.286100	0.119171
127.286200	0.148621
127.286300	0.175323
127.286400	0.206757
127.286500	0.220032
127.286600	0.232697
127.286700	0.236206
127.286800	0.236664
127.286900	0.241699
127.287000	0.234222
127.287100	0.222168
127.287200	0.194550
127.287300	0.161743
127.287400	0.110931
127.287500	0.062103
127.287600	0.014648
127.287700	-0.021667
127.287800	-0.054474
127.287900	-0.076141
127.288000	-0.084839
127.288100	-0.084991
127.288200	-0.083313
127.288300	-0.077057
127.288400	-0.076294
127.288500	-0.071411
127.288600	-0.063934
127.288700	-0.045013
127.288800	-0.023956
127.288900	-0.005493
127.289000	0.007477
127.289100	0.024109
127.289200	0.041504
127.289300	0.048981
127.289400	0.054474
127.289500	0.057220
127.289600	0.057526
127.289700	0.066376
127.289800	0.064392
127.289900	0.072937
127.290000	0.077515
127.290100	0.082092
127.290200	0.082245
127.290300	0.081787
127.290400	0.082245
127.290500	0.074463
127.290600	0.067749
127.290700	0.078125
127.290800	0.074768
127.290900	0.067444
127.291000	0.069427
127.291100	0.067291
127.291200	0.063934
127.291300	0.059509
127.291400	0.051422
127.291500	0.049133
127.291600	0.046082
127.291700	0.037079
127.291800	0.044403
127.291900	0.045166
127.292000	0.043182
127.292100	0.048065
127.292200	0.049591
127.292300	0.050812
127.292400	0.053864
127.292500	0.054016
127.292600	0.057068
127.292700	0.052032
127.292800	0.057678
127.292900	0.061646
127.293000	0.059967
127.293100	0.053253
127.293200	0.057220
127.293300	0.062714
127.293400	0.059662
127.293500	0.065918
127.293600	0.056458
127.293700	0.066528
127.293800	0.064087
127.293900	0.058289
127.294000	0.057373
127.294100	0.052948
127.294200	0.056000
127.294300	0.054169
127.294400	0.048828
127.294500	0.043335
127.294600	0.044098
127.294700	0.044098
127.294800	0.036774
127.294900	0.043945
127.295000	0.043335
127.295100	0.041351
127.295200	0.041199
127.295300	0.044098
127.295400	0.052948
127.295500	0.058594
127.295600	0.056458
127.295700	0.065765
127.295800	0.066223
127.295900	0.069733
127.296000	0.063629
127.296100	0.062103
127.296200	0.061340
127.296300	0.061951
127.296400	0.056152
127.296500	0.052948
127.296600	0.058899
127.296700	0.054626
127.296800	0.048981
127.296900	0.055237
127.297000	0.056763
127.297100	0.058289
127.297200	0.059204
127.297300	0.055237
127.297400	0.056152
127.297500	0.063019
127.297600	0.065613
127.297700	0.061340
127.297800	0.057068
127.297900	0.055847
127.298000	0.063934
127.298100	0.065765
127.298200	0.056152
127.298300	0.060883
127.298400	0.066223
127.298500	0.062103
127.298600	0.069122
127.298700	0.074768
127.298800	0.071869
127.298900	0.064850
127.299000	0.075378
127.299100	0.072632
127.299200	0.063782
127.299300	0.064392
127.299400	0.065765
127.299500	0.068970
127.299600	0.068512
127.299700	0.067291
127.299800	0.071106
127.299900	0.066681
127.300000	0.066071
127.300100	0.066071
127.300200	0.066071
127.300300	0.070648
127.300400	0.073242
127.300500	0.075073
127.300600	0.073090
127.300700	0.076904
127.300800	0.071411
127.300900	0.071869
127.301000	0.074005
127.301100	0.071716
127.301200	0.073547
127.301300	0.078583
127.301400	0.075073
127.301500	0.076447
127.301600	0.070953
127.301700	0.071564
127.301800	0.073090
127.301900	0.067902
127.302000	0.071259
127.302100	0.073853
127.302200	0.075378
127.302300	0.075378
127.302400	0.073242
127.302500	0.074615
127.302600	0.080566
127.302700	0.078430
127.302800	0.074768
127.302900	0.081177
127.303000	0.081177
127.303100	0.074005
127.303200	0.080872
127.303300	0.080261
127.303400	0.082703
127.303500	0.075226
127.303600	0.077362
127.303700	0.079956
127.303800	0.083008
127.303900	0.083923
127.304000	0.079346
127.304100	0.080261
127.304200	0.079346
127.304300	0.071869
127.304400	0.064850
127.304500	0.063629
127.304600	0.061035
127.304700	0.067749
127.304800	0.072021
127.304900	0.065765
127.305000	0.063019
127.305100	0.068817
127.305200	0.068512
127.305300	0.073090
127.305400	0.073547
127.305500	0.072479
127.305600	0.080719
127.305700	0.095978
127.305800	0.129700
127.305900	0.193024
127.306000	0.263367
127.306100	0.355530
127.306200	0.470734
127.306300	0.613708
127.306400	0.755463
127.306500	0.835114
127.306600	0.855255
127.306700	0.849915
127.306800	0.829620
127.306900	0.805664
127.307000	0.781555
127.307100	0.747833
127.307200	0.679169
127.307300	0.557861
127.307400	0.362091
127.307500	0.115051
127.307600	-0.148773
127.307700	-0.384521
127.307800	-0.581818
127.307900	-0.702972
127.308000	-0.772400
127.308100	-0.812378
127.308200	-0.832672
127.308300	-0.838470
127.308400	-0.856476
127.308500	-0.861969
127.308600	-0.846252
127.308700	-0.798798
127.308800	-0.686035
127.308900	-0.526886
127.309000	-0.357361
127.309100	-0.226746
127.309200	-0.121307
127.309300	-0.035706
127.309400	0.029297
127.309500	0.074768
127.309600	0.096130
127.309700	0.112305
127.309800	0.115967
127.309900	0.127106
127.310000	0.131989
127.310100	0.140076
127.310200	0.147705
127.310300	0.162354
127.310400	0.168152
127.310500	0.177612
127.310600	0.179749
127.310700	0.181885
127.310800	0.182648
127.310900	0.188599
127.311000	0.179443
127.311100	0.165558
127.311200	0.149536
127.311300	0.124512
127.311400	0.100250
127.311500	0.072327
127.311600	0.045471
127.311700	0.015869
127.311800	-0.003204
127.311900	-0.019531
127.312000	-0.033569
127.312100	-0.045776
127.312200	-0.046692
127.312300	-0.054169
127.312400	-0.054321
127.312500	-0.046387
127.312600	-0.032959
127.312700	-0.018616
127.312800	-0.007172
127.312900	0.003815
127.313000	0.010223
127.313100	0.021362
127.313200	0.026855
127.313300	0.032196
127.313400	0.039520
127.313500	0.049286
127.313600	0.054474
127.313700	0.064697
127.313800	0.072174
127.313900	0.082397
127.314000	0.095062
127.314100	0.115662
127.314200	0.138245
127.314300	0.166473
127.314400	0.185699
127.314500	0.223694
127.314600	0.245361
127.314700	0.268097
127.314800	0.269928
127.314900	0.274200
127.315000	0.277252
127.315100	0.272980
127.315200	0.257874
127.315300	0.233917
127.315400	0.198212
127.315500	0.148163
127.315600	0.103302
127.315700	0.039215
127.315800	-0.011749
127.315900	-0.062256
127.316000	-0.105438
127.316100	-0.130463
127.316200	-0.141907
127.316300	-0.147095
127.316400	-0.133514
127.316500	-0.129852
127.316600	-0.114746
127.316700	-0.105743
127.316800	-0.079803
127.316900	-0.052795
127.317000	-0.020905
127.317100	0.012207
127.317200	0.047150
127.317300	0.066376
127.317400	0.083771
127.317500	0.094604
127.317600	0.102081
127.317700	0.109253
127.317800	0.107422
127.317900	0.109558
127.318000	0.104523
127.318100	0.094910
127.318200	0.087585
127.318300	0.083618
127.318400	0.076599
127.318500	0.071564
127.318600	0.067902
127.318700	0.063934
127.318800	0.058594
127.318900	0.058594
127.319000	0.057678
127.319100	0.054932
127.319200	0.059814
127.319300	0.070496
127.319400	0.083923
127.319500	0.081482
127.319600	0.085449
127.319700	0.095825
127.319800	0.099792
127.319900	0.109100
127.320000	0.108795
127.320100	0.106201
127.320200	0.109558
127.320300	0.099030
127.320400	0.102692
127.320500	0.097351
127.320600	0.100098
127.320700	0.088501
127.320800	0.086517
127.320900	0.081177
127.321000	0.082245
127.321100	0.084686
127.321200	0.081177
127.321300	0.082397
127.321400	0.079651
127.321500	0.079803
127.321600	0.076294
127.321700	0.076141
127.321800	0.078583
127.321900	0.077057
127.322000	0.079651
127.322100	0.074921
127.322200	0.077972
127.322300	0.074158
127.322400	0.088501
127.322500	0.084076
127.322600	0.087433
127.322700	0.085144
127.322800	0.088348
127.322900	0.088806
127.323000	0.094147
127.323100	0.105438
127.323200	0.125732
127.323300	0.139618
127.323400	0.169067
127.323500	0.219116
127.323600	0.300751
127.323700	0.437012
127.323800	0.626831
127.323900	0.881653
127.324000	1.204224
127.324100	1.578522
127.324200	1.951447
127.324300	2.239838
127.324400	2.402039
127.324500	2.433929
127.324600	2.390137
127.324700	2.298279
127.324800	2.151184
127.324900	1.939697
127.325000	1.613922
127.325100	1.165619
127.325200	0.585937
127.325300	-0.081177
127.325400	-0.720673
127.325500	-1.123810
127.325600	-1.731873
127.325700	-2.041931
127.325800	-2.242432
127.325900	-2.368011
127.326000	-2.439423
127.326100	-2.461700
127.326200	-2.441559
127.326300	-2.344055
127.326400	-2.143707
127.326500	-1.843719
127.326600	-1.478271
127.326700	-1.217957
127.326800	-0.756836
127.326900	-0.463562
127.327000	-0.236206
127.327100	-0.088196
127.327200	0.001526
127.327300	0.053101
127.327400	0.079498
127.327500	0.085449
127.327600	0.093842
127.327700	0.087738
127.327800	0.084686
127.327900	0.082855
127.328000	0.084076
127.328100	0.085144
127.328200	0.091095
127.328300	0.102539
127.328400	0.112610
127.328500	0.121002
127.328600	0.120239
127.328700	0.126953
127.328800	0.123749
127.328900	0.124817
127.329000	0.120850
127.329100	0.121613
127.329200	0.130768
127.329300	0.122986
127.329400	0.122833
127.329500	0.121765
127.329600	0.123291
127.329700	0.123596
127.329800	0.121613
127.329900	0.119476
127.330000	0.120850
127.330100	0.123596
127.330200	0.126343
127.330300	0.124817
127.330400	0.126038
127.330500	0.125275
127.330600	0.119019
127.330700	0.118408
127.330800	0.126038
127.330900	0.126190
127.331000	0.125275
127.331100	0.121002
127.331200	0.117035
127.331300	0.121613
127.331400	0.124969
127.331500	0.123749
127.331600	0.117798
127.331700	0.112610
127.331800	0.109863
127.331900	0.110016
127.332000	0.103760
127.332100	0.105896
127.332200	0.111694
127.332300	0.116272
127.332400	0.112610
127.332500	0.115051
127.332600	0.116882
127.332700	0.113068
127.332800	0.112152
127.332900	0.113220
127.333000	0.109558
127.333100	0.103302
127.333200	0.102539
127.333300	0.099945
127.333400	0.101624
127.333500	0.100708
127.333600	0.100708
127.333700	0.101318
127.333800	0.093079
127.333900	0.098724
127.334000	0.100098
127.334100	0.100250
127.334200	0.109863
127.334300	0.114746
127.334400	0.125275
