70.448900	0.050507
70.449000	0.053101
70.449100	0.054321
70.449200	0.049896
70.449300	0.055389
70.449400	0.052185
70.449500	0.050049
70.449600	0.055389
70.449700	0.054321
70.449800	0.049896
70.449900	0.056915
70.450000	0.052185
70.450100	0.047760
70.450200	0.051422
70.450300	0.052185
70.450400	0.052185
70.450500	0.058441
70.450600	0.048828
70.450700	0.052795
70.450800	0.053101
70.450900	0.048981
70.451000	0.046844
70.451100	0.043030
70.451200	0.049133
70.451300	0.046844
70.451400	0.049591
70.451500	0.051880
70.451600	0.053406
70.451700	0.050812
70.451800	0.049896
70.451900	0.045166
70.452000	0.047760
70.452100	0.052338
70.452200	0.051117
70.452300	0.044708
70.452400	0.050964
70.452500	0.047150
70.452600	0.046082
70.452700	0.048676
70.452800	0.046539
70.452900	0.056305
70.453000	0.052643
70.453100	0.053864
70.453200	0.052643
70.453300	0.055542
70.453400	0.050659
70.453500	0.048370
70.453600	0.050201
70.453700	0.049133
70.453800	0.046387
70.453900	0.044556
70.454000	0.052490
70.454100	0.050354
70.454200	0.048218
70.454300	0.049438
70.454400	0.053406
70.454500	0.050812
70.454600	0.054321
70.454700	0.049286
70.454800	0.048981
70.454900	0.052185
70.455000	0.053101
70.455100	0.050507
70.455200	0.051880
70.455300	0.050354
70.455400	0.048218
70.455500	0.049591
70.455600	0.050354
70.455700	0.053253
70.455800	0.052338
70.455900	0.048065
70.456000	0.048065
70.456100	0.045624
70.456200	0.047607
70.456300	0.046234
70.456400	0.047913
70.456500	0.049438
70.456600	0.045776
70.456700	0.048065
70.456800	0.040894
70.456900	0.045776
70.457000	0.050049
70.457100	0.053406
70.457200	0.050964
70.457300	0.047302
70.457400	0.054169
70.457500	0.056152
70.457600	0.056305
70.457700	0.052643
70.457800	0.052643
70.457900	0.052490
70.458000	0.050812
70.458100	0.049896
70.458200	0.052643
70.458300	0.050201
70.458400	0.051117
70.458500	0.053253
70.458600	0.052490
70.458700	0.047913
70.458800	0.052490
70.458900	0.053864
70.459000	0.049286
70.459100	0.053406
70.459200	0.050049
70.459300	0.049438
70.459400	0.053406
70.459500	0.054626
70.459600	0.051422
70.459700	0.051117
70.459800	0.051422
70.459900	0.048676
70.460000	0.046082
70.460100	0.049133
70.460200	0.050049
70.460300	0.049896
70.460400	0.050354
70.460500	0.053711
70.460600	0.056458
70.460700	0.053253
70.460800	0.047150
70.460900	0.045929
70.461000	0.051575
70.461100	0.053253
70.461200	0.050354
70.461300	0.049591
70.461400	0.051117
70.461500	0.050659
70.461600	0.050354
70.461700	0.055695
70.461800	0.049896
70.461900	0.055084
70.462000	0.049896
70.462100	0.053711
70.462200	0.058441
70.462300	0.054626
70.462400	0.051270
70.462500	0.054932
70.462600	0.058441
70.462700	0.059052
70.462800	0.055542
70.462900	0.058594
70.463000	0.055695
70.463100	0.060425
70.463200	0.056915
70.463300	0.053101
70.463400	0.051117
70.463500	0.052948
70.463600	0.057983
70.463700	0.051117
70.463800	0.050507
70.463900	0.050507
70.464000	0.048370
70.464100	0.051727
70.464200	0.052490
70.464300	0.054321
70.464400	0.051117
70.464500	0.051422
70.464600	0.053253
70.464700	0.052795
70.464800	0.048523
70.464900	0.047760
70.465000	0.054626
70.465100	0.054169
70.465200	0.052948
70.465300	0.047913
70.465400	0.049438
70.465500	0.052948
70.465600	0.046997
70.465700	0.047150
70.465800	0.050964
70.465900	0.050964
70.466000	0.051880
70.466100	0.050964
70.466200	0.048828
70.466300	0.053558
70.466400	0.051422
70.466500	0.049438
70.466600	0.053406
70.466700	0.050201
70.466800	0.047913
70.466900	0.047455
70.467000	0.047760
70.467100	0.052948
70.467200	0.052490
70.467300	0.051575
70.467400	0.049591
70.467500	0.047455
70.467600	0.049591
70.467700	0.046692
70.467800	0.052795
70.467900	0.050659
70.468000	0.053711
70.468100	0.051422
70.468200	0.050659
70.468300	0.048828
70.468400	0.048828
70.468500	0.052948
70.468600	0.052948
70.468700	0.052032
70.468800	0.050354
70.468900	0.050049
70.469000	0.050507
70.469100	0.052032
70.469200	0.050507
70.469300	0.051422
70.469400	0.053101
70.469500	0.054932
70.469600	0.053558
70.469700	0.050049
70.469800	0.045471
70.469900	0.045624
70.470000	0.053864
70.470100	0.050964
70.470200	0.049438
70.470300	0.051880
70.470400	0.053864
70.470500	0.051422
70.470600	0.054169
70.470700	0.051575
70.470800	0.050354
70.470900	0.047913
70.471000	0.047302
70.471100	0.051270
70.471200	0.044403
70.471300	0.049591
70.471400	0.048828
70.471500	0.047455
70.471600	0.048370
70.471700	0.047760
70.471800	0.045166
70.471900	0.051270
70.472000	0.047302
70.472100	0.044098
70.472200	0.048676
70.472300	0.056000
70.472400	0.046539
70.472500	0.044250
70.472600	0.048523
70.472700	0.052643
70.472800	0.050201
70.472900	0.052032
70.473000	0.047302
70.473100	0.048981
70.473200	0.047302
70.473300	0.047302
70.473400	0.046234
70.473500	0.049744
70.473600	0.048218
70.473700	0.043182
70.473800	0.049286
70.473900	0.048218
70.474000	0.052032
70.474100	0.051270
70.474200	0.049896
70.474300	0.054016
70.474400	0.051575
70.474500	0.049286
70.474600	0.051270
70.474700	0.052643
70.474800	0.045166
70.474900	0.045624
70.475000	0.047913
70.475100	0.048981
70.475200	0.053101
70.475300	0.051575
70.475400	0.048065
70.475500	0.044098
70.475600	0.051880
70.475700	0.052338
70.475800	0.051270
70.475900	0.050354
70.476000	0.050507
70.476100	0.053864
70.476200	0.055695
70.476300	0.048828
70.476400	0.052338
70.476500	0.052643
70.476600	0.054321
70.476700	0.044708
70.476800	0.046692
70.476900	0.052338
70.477000	0.048523
70.477100	0.051270
70.477200	0.050812
70.477300	0.051270
70.477400	0.051422
70.477500	0.050201
70.477600	0.052643
70.477700	0.052185
70.477800	0.051422
70.477900	0.053864
70.478000	0.049591
70.478100	0.047302
70.478200	0.052490
70.478300	0.054169
70.478400	0.055389
70.478500	0.052948
70.478600	0.053253
70.478700	0.051575
70.478800	0.045776
70.478900	0.053558
70.479000	0.051575
70.479100	0.052643
70.479200	0.049744
70.479300	0.049744
70.479400	0.051727
70.479500	0.054779
70.479600	0.049896
70.479700	0.050354
70.479800	0.048828
70.479900	0.052185
70.480000	0.052795
70.480100	0.053558
70.480200	0.051422
70.480300	0.053253
70.480400	0.051880
70.480500	0.049438
70.480600	0.057678
70.480700	0.052490
70.480800	0.049133
70.480900	0.054626
70.481000	0.054474
70.481100	0.054932
70.481200	0.052032
70.481300	0.056458
70.481400	0.056915
70.481500	0.051270
70.481600	0.052948
70.481700	0.052948
70.481800	0.052032
70.481900	0.050659
70.482000	0.052643
70.482100	0.050659
70.482200	0.051270
70.482300	0.050812
70.482400	0.052795
70.482500	0.050201
70.482600	0.054016
70.482700	0.049286
70.482800	0.048065
70.482900	0.056458
70.483000	0.057068
70.483100	0.050507
70.483200	0.045929
70.483300	0.046844
70.483400	0.049286
70.483500	0.046539
70.483600	0.051117
70.483700	0.054626
70.483800	0.051727
70.483900	0.048370
70.484000	0.045929
70.484100	0.050049
70.484200	0.047607
70.484300	0.051270
70.484400	0.052643
70.484500	0.052490
70.484600	0.050507
70.484700	0.050659
70.484800	0.050812
70.484900	0.052490
70.485000	0.048523
70.485100	0.050354
70.485200	0.049438
70.485300	0.051575
70.485400	0.046539
70.485500	0.049744
70.485600	0.049438
70.485700	0.046692
70.485800	0.046997
70.485900	0.049286
70.486000	0.046234
70.486100	0.048065
70.486200	0.049744
70.486300	0.049438
70.486400	0.048065
70.486500	0.043945
70.486600	0.044098
70.486700	0.049438
70.486800	0.046539
70.486900	0.048981
70.487000	0.049896
70.487100	0.046539
70.487200	0.048523
70.487300	0.049591
70.487400	0.046539
70.487500	0.051117
70.487600	0.051575
70.487700	0.052948
70.487800	0.048218
70.487900	0.051880
70.488000	0.049438
70.488100	0.049438
70.488200	0.054626
70.488300	0.049896
70.488400	0.049133
70.488500	0.042877
70.488600	0.048676
70.488700	0.043488
70.488800	0.051575
70.488900	0.047760
70.489000	0.043640
70.489100	0.049591
70.489200	0.045624
70.489300	0.049591
70.489400	0.048828
70.489500	0.051270
70.489600	0.049438
70.489700	0.049591
70.489800	0.045471
70.489900	0.045929
70.490000	0.048981
70.490100	0.050964
70.490200	0.048065
70.490300	0.050354
70.490400	0.043945
70.490500	0.050507
70.490600	0.048523
70.490700	0.046692
70.490800	0.048828
70.490900	0.047302
70.491000	0.044098
70.491100	0.043335
70.491200	0.048981
70.491300	0.046692
70.491400	0.052795
70.491500	0.047455
70.491600	0.048676
70.491700	0.050964
70.491800	0.043945
70.491900	0.048370
70.492000	0.049286
70.492100	0.050964
70.492200	0.049438
70.492300	0.047913
70.492400	0.051880
70.492500	0.054321
70.492600	0.051422
70.492700	0.045166
70.492800	0.049286
70.492900	0.052185
70.493000	0.048676
70.493100	0.045013
70.493200	0.046844
70.493300	0.052185
70.493400	0.050354
70.493500	0.044556
70.493600	0.047607
70.493700	0.045471
70.493800	0.046387
70.493900	0.047607
70.494000	0.046692
70.494100	0.047302
70.494200	0.052948
70.494300	0.044708
70.494400	0.048218
70.494500	0.048370
70.494600	0.046539
70.494700	0.045624
70.494800	0.048523
70.494900	0.045471
70.495000	0.051270
70.495100	0.050964
70.495200	0.052795
70.495300	0.052643
70.495400	0.050812
70.495500	0.048828
70.495600	0.048218
70.495700	0.047150
70.495800	0.046997
70.495900	0.053101
70.496000	0.051422
70.496100	0.050507
70.496200	0.051880
70.496300	0.049591
70.496400	0.049744
70.496500	0.049286
70.496600	0.053711
70.496700	0.052338
70.496800	0.052185
70.496900	0.049438
70.497000	0.051727
70.497100	0.047302
70.497200	0.046082
70.497300	0.053101
70.497400	0.050812
70.497500	0.051422
70.497600	0.049591
70.497700	0.045776
70.497800	0.050507
70.497900	0.052795
70.498000	0.053253
70.498100	0.049896
70.498200	0.050964
70.498300	0.053406
70.498400	0.052795
70.498500	0.049591
70.498600	0.049133
70.498700	0.048370
70.498800	0.049438
70.498900	0.049286
70.499000	0.050049
70.499100	0.051117
70.499200	0.047607
70.499300	0.049591
70.499400	0.049133
70.499500	0.048828
70.499600	0.048370
70.499700	0.045166
70.499800	0.044861
70.499900	0.052643
70.500000	0.050507
70.500100	0.049133
70.500200	0.045929
70.500300	0.051422
70.500400	0.047760
70.500500	0.043793
70.500600	0.044556
70.500700	0.046844
70.500800	0.048676
70.500900	0.046844
70.501000	0.048218
70.501100	0.048370
70.501200	0.046387
70.501300	0.045471
70.501400	0.047913
70.501500	0.050812
70.501600	0.052643
70.501700	0.048676
70.501800	0.049286
70.501900	0.048523
70.502000	0.051422
70.502100	0.048828
70.502200	0.047302
70.502300	0.051422
70.502400	0.050354
