128.202500	-0.264740
128.202600	-0.056458
128.202700	0.083008
128.202800	0.169983
128.202900	0.217896
128.203000	0.232086
128.203100	0.232544
128.203200	0.235596
128.203300	0.219421
128.203400	0.207672
128.203500	0.199585
128.203600	0.186310
128.203700	0.172577
128.203800	0.164490
128.203900	0.145264
128.204000	0.138855
128.204100	0.134888
128.204200	0.144501
128.204300	0.140381
128.204400	0.141602
128.204500	0.140228
128.204600	0.143738
128.204700	0.145264
128.204800	0.147247
128.204900	0.162048
128.205000	0.177155
128.205100	0.220947
128.205200	0.278168
128.205300	0.351562
128.205400	0.450287
128.205500	0.551453
128.205600	0.650177
128.205700	0.741119
128.205800	0.805054
128.205900	0.857849
128.206000	0.877075
128.206100	0.871277
128.206200	0.838928
128.206300	0.785980
128.206400	0.689240
128.206500	0.562286
128.206600	0.401459
128.206700	0.223846
128.206800	0.036011
128.206900	-0.140991
128.207000	-0.304260
128.207100	-0.440979
128.207200	-0.547791
128.207300	-0.620270
128.207400	-0.655212
128.207500	-0.671234
128.207600	-0.661774
128.207700	-0.628510
128.207800	-0.576477
128.207900	-0.492859
128.208000	-0.388947
128.208100	-0.275879
128.208200	-0.165405
128.208300	-0.067596
128.208400	0.022736
128.208500	0.076294
128.208600	0.127869
128.208700	0.150299
128.208800	0.167542
128.208900	0.179138
128.209000	0.184631
128.209100	0.188599
128.209200	0.186310
128.209300	0.180359
128.209400	0.186920
128.209500	0.190735
128.209600	0.191803
128.209700	0.177307
128.209800	0.176697
128.209900	0.169983
128.210000	0.164795
128.210100	0.159607
128.210200	0.153351
128.210300	0.151215
128.210400	0.149994
128.210500	0.149078
128.210600	0.146332
128.210700	0.142670
128.210800	0.136414
128.210900	0.142822
128.211000	0.137329
128.211100	0.136261
128.211200	0.134277
128.211300	0.137177
128.211400	0.138855
128.211500	0.138092
128.211600	0.143280
128.211700	0.144501
128.211800	0.135651
128.211900	0.142212
128.212000	0.145416
128.212100	0.142365
128.212200	0.145416
128.212300	0.150452
128.212400	0.152740
128.212500	0.157776
128.212600	0.154724
128.212700	0.157166
128.212800	0.162659
128.212900	0.172729
128.213000	0.177765
128.213100	0.178680
128.213200	0.185699
128.213300	0.187988
128.213400	0.185547
128.213500	0.179291
128.213600	0.167389
128.213700	0.164948
128.213800	0.149536
128.213900	0.135345
128.214000	0.121765
128.214100	0.102692
128.214200	0.088196
128.214300	0.079041
128.214400	0.072632
128.214500	0.061493
128.214600	0.060272
128.214700	0.054016
128.214800	0.047607
128.214900	0.055389
128.215000	0.058441
128.215100	0.062256
128.215200	0.071716
128.215300	0.084076
128.215400	0.093994
128.215500	0.099487
128.215600	0.105438
128.215700	0.106201
128.215800	0.107880
128.215900	0.107117
128.216000	0.107422
128.216100	0.105591
128.216200	0.106049
128.216300	0.111237
128.216400	0.112305
128.216500	0.107574
128.216600	0.104980
128.216700	0.103149
128.216800	0.107574
128.216900	0.100708
128.217000	0.107880
128.217100	0.107422
128.217200	0.111847
128.217300	0.115051
128.217400	0.110016
128.217500	0.108032
128.217600	0.106506
128.217700	0.105743
128.217800	0.112305
128.217900	0.123596
128.218000	0.137939
128.218100	0.170593
128.218200	0.225067
128.218300	0.309601
128.218400	0.424500
128.218500	0.568237
128.218600	0.765991
128.218700	0.980530
128.218800	1.185608
128.218900	1.327209
128.219000	1.381683
128.219100	1.393433
128.219200	1.389160
128.219300	1.387329
128.219400	1.371765
128.219500	1.295013
128.219600	1.099548
128.219700	0.804138
128.219800	0.433807
128.219900	0.035400
128.220000	-0.376740
128.220100	-0.796661
128.220200	-1.145630
128.220300	-1.486206
128.220400	-1.644897
128.220500	-1.702118
128.220600	-1.694641
128.220700	-1.652679
128.220800	-1.622162
128.220900	-1.574860
128.221000	-1.505890
128.221100	-1.375427
128.221200	-1.213074
128.221300	-0.845642
128.221400	-0.530853
128.221500	-0.301208
128.221600	-0.118713
128.221700	0.004730
128.221800	0.098114
128.221900	0.155487
128.222000	0.185547
128.222100	0.197296
128.222200	0.203857
128.222300	0.210266
128.222400	0.204620
128.222500	0.198364
128.222600	0.195160
128.222700	0.190735
128.222800	0.188751
128.222900	0.190125
128.223000	0.189362
128.223100	0.183105
128.223200	0.174255
128.223300	0.179901
128.223400	0.187683
128.223500	0.187225
128.223600	0.187531
128.223700	0.188599
128.223800	0.194092
128.223900	0.186005
128.224000	0.184784
128.224100	0.185089
128.224200	0.189514
128.224300	0.189362
128.224400	0.184174
128.224500	0.185547
128.224600	0.181732
128.224700	0.175781
128.224800	0.169525
128.224900	0.166168
128.225000	0.164795
128.225100	0.163574
128.225200	0.171967
128.225300	0.177307
128.225400	0.196838
128.225500	0.233459
128.225600	0.281830
128.225700	0.350189
128.225800	0.446014
128.225900	0.566864
128.226000	0.692139
128.226100	0.822601
128.226200	0.946808
128.226300	1.068268
128.226400	1.167755
128.226500	1.266174
128.226600	1.332245
128.226700	1.353912
128.226800	1.319427
128.226900	1.224213
128.227000	1.055298
128.227100	0.858154
128.227200	0.630035
128.227300	0.377197
128.227400	0.105591
128.227500	-0.189667
128.227600	-0.480499
128.227700	-0.758057
128.227800	-0.963745
128.227900	-1.134949
128.228000	-1.182556
128.228100	-1.332855
128.228200	-1.342468
128.228300	-1.299438
128.228400	-1.215668
128.228500	-1.178284
128.228600	-0.950012
128.228700	-0.802917
128.228800	-0.636139
128.228900	-0.470886
128.229000	-0.321960
128.229100	-0.183105
128.229200	-0.080414
128.229300	0.000458
128.229400	0.066681
128.229500	0.106354
128.229600	0.138245
128.229700	0.149841
128.229800	0.157013
128.229900	0.162964
128.230000	0.170441
128.230100	0.163269
128.230200	0.164337
128.230300	0.161896
128.230400	0.166168
128.230500	0.163727
128.230600	0.159454
128.230700	0.164032
128.230800	0.159454
128.230900	0.160828
128.231000	0.157623
128.231100	0.165558
128.231200	0.164795
128.231300	0.163422
128.231400	0.163116
128.231500	0.165863
128.231600	0.166321
128.231700	0.170593
128.231800	0.167084
128.231900	0.164795
128.232000	0.165100
128.232100	0.165558
128.232200	0.165253
128.232300	0.159302
128.232400	0.156250
128.232500	0.149994
128.232600	0.148773
128.232700	0.139465
128.232800	0.140228
128.232900	0.134125
128.233000	0.130005
128.233100	0.130463
128.233200	0.122833
128.233300	0.125122
128.233400	0.130615
128.233500	0.130005
128.233600	0.132446
128.233700	0.136414
128.233800	0.132599
128.233900	0.128479
128.234000	0.127106
128.234100	0.132904
128.234200	0.136871
128.234300	0.153351
128.234400	0.178528
128.234500	0.216980
128.234600	0.262756
128.234700	0.323792
128.234800	0.402679
128.234900	0.498047
128.235000	0.614166
128.235100	0.713043
128.235200	0.764160
128.235300	0.764160
128.235400	0.724640
128.235500	0.676422
128.235600	0.623474
128.235700	0.567474
128.235800	0.502014
128.235900	0.422821
128.236000	0.333099
128.236100	0.236969
128.236200	0.134277
128.236300	0.014038
128.236400	-0.086670
128.236500	-0.193939
128.236600	-0.277710
128.236700	-0.353241
128.236800	-0.415497
128.236900	-0.466614
128.237000	-0.506897
128.237100	-0.548706
128.237200	-0.592194
128.237300	-0.617371
128.237400	-0.618744
128.237500	-0.549316
128.237600	-0.436249
128.237700	-0.311737
128.237800	-0.201416
128.237900	-0.103455
128.238000	-0.028229
128.238100	0.038147
128.238200	0.078583
128.238300	0.108948
128.238400	0.128326
128.238500	0.131683
128.238600	0.127563
128.238700	0.136261
128.238800	0.132141
128.238900	0.139771
128.239000	0.138397
128.239100	0.139160
128.239200	0.150604
128.239300	0.160828
128.239400	0.189514
128.239500	0.217590
128.239600	0.275269
128.239700	0.346680
128.239800	0.425262
128.239900	0.533600
128.240000	0.662079
128.240100	0.801392
128.240200	0.912781
128.240300	0.968475
128.240400	0.954285
128.240500	0.917511
128.240600	0.869598
128.240700	0.815582
128.240800	0.753326
128.240900	0.678253
128.241000	0.593262
128.241100	0.503387
128.241200	0.389709
128.241300	0.266266
128.241400	0.121002
128.241500	-0.030212
128.241600	-0.176239
128.241700	-0.310059
128.241800	-0.427856
128.241900	-0.535736
128.242000	-0.630341
128.242100	-0.705414
128.242200	-0.771942
128.242300	-0.822601
128.242400	-0.870361
128.242500	-0.903778
128.242600	-0.877533
128.242700	-0.788116
128.242800	-0.636444
128.242900	-0.472412
128.243000	-0.312347
128.243100	-0.156860
128.243200	-0.008850
128.243300	0.148163
128.243400	0.304871
128.243500	0.457306
128.243600	0.586243
128.243700	0.686493
128.243800	0.770416
128.243900	0.818024
128.244000	0.846252
128.244100	0.843658
128.244200	0.813599
128.244300	0.762177
128.244400	0.668640
128.244500	0.529175
128.244600	0.367584
128.244700	0.183105
128.244800	-0.015869
128.244900	-0.201874
128.245000	-0.378723
128.245100	-0.529022
128.245200	-0.639038
128.245300	-0.716400
128.245400	-0.735779
128.245500	-0.746918
128.245600	-0.731354
128.245700	-0.685120
128.245800	-0.608215
128.245900	-0.513306
128.246000	-0.407867
128.246100	-0.286713
128.246200	-0.162201
128.246300	-0.047302
128.246400	0.066833
128.246500	0.158386
128.246600	0.244141
128.246700	0.337982
128.246800	0.414581
128.246900	0.490723
128.247000	0.553894
128.247100	0.597992
128.247200	0.617981
128.247300	0.620270
128.247400	0.604095
128.247500	0.574036
128.247600	0.532074
128.247700	0.476990
128.247800	0.409546
128.247900	0.346527
128.248000	0.270996
128.248100	0.192871
128.248200	0.112000
128.248300	0.039825
128.248400	-0.033722
128.248500	-0.102386
128.248600	-0.169830
128.248700	-0.230713
128.248800	-0.283508
128.248900	-0.330505
128.249000	-0.359192
128.249100	-0.388489
128.249200	-0.386353
128.249300	-0.388031
128.249400	-0.359802
128.249500	-0.317230
128.249600	-0.270691
128.249700	-0.199585
128.249800	-0.131226
128.249900	-0.070496
128.250000	-0.010071
128.250100	0.045776
128.250200	0.082855
128.250300	0.113831
128.250400	0.128937
128.250500	0.147705
128.250600	0.153351
128.250700	0.153046
128.250800	0.161591
128.250900	0.172424
128.251000	0.185547
128.251100	0.219727
128.251200	0.261230
128.251300	0.346375
128.251400	0.451965
128.251500	0.583954
128.251600	0.745087
128.251700	0.924530
128.251800	1.079254
128.251900	1.162567
128.252000	1.180878
128.252100	1.143799
128.252200	1.078033
128.252300	0.985565
128.252400	0.864258
128.252500	0.714417
128.252600	0.523834
128.252700	0.309753
128.252800	0.073547
128.252900	-0.171814
128.253000	-0.405731
128.253100	-0.613251
128.253200	-0.772095
128.253300	-0.893707
128.253400	-0.984192
128.253500	-1.043701
128.253600	-1.084900
128.253700	-1.102753
128.253800	-1.085205
128.253900	-1.013794
128.254000	-0.879669
128.254100	-0.683594
128.254200	-0.485840
128.254300	-0.301361
128.254400	-0.159607
128.254500	-0.054932
128.254600	0.013733
128.254700	0.067139
128.254800	0.084991
128.254900	0.094757
128.255000	0.104065
128.255100	0.114288
128.255200	0.127106
128.255300	0.132294
128.255400	0.138702
128.255500	0.145264
128.255600	0.146637
128.255700	0.148468
128.255800	0.157471
128.255900	0.160522
128.256000	0.159912
