494.077700	-0.016479
494.077800	-0.014343
494.077900	-0.007935
494.078000	0.000305
494.078100	0.009918
494.078200	0.017395
494.078300	0.019073
494.078400	0.027008
494.078500	0.025940
494.078600	0.030823
494.078700	0.035400
494.078800	0.042419
494.078900	0.040131
494.079000	0.048523
494.079100	0.049438
494.079200	0.050812
494.079300	0.041656
494.079400	0.021820
494.079500	-0.003052
494.079600	-0.021973
494.079700	-0.038910
494.079800	-0.042572
494.079900	-0.030212
494.080000	-0.017090
494.080100	0.003357
494.080200	0.009918
494.080300	0.016479
494.080400	0.024567
494.080500	0.027771
494.080600	0.033264
494.080700	0.030518
494.080800	0.026855
494.080900	0.017090
494.081000	0.009918
494.081100	0.005798
494.081200	-0.005951
494.081300	0.002899
494.081400	0.003967
494.081500	0.019226
494.081600	0.039368
494.081700	0.046539
494.081800	0.053558
494.081900	0.047607
494.082000	0.035706
494.082100	0.029297
494.082200	0.010376
494.082300	-0.003204
494.082400	-0.021667
494.082500	-0.033722
494.082600	-0.020905
494.082700	-0.007629
494.082800	0.002747
494.082900	0.006409
494.083000	0.002289
494.083100	0.006866
494.083200	0.013275
494.083300	0.021210
494.083400	0.030975
494.083500	0.035095
494.083600	0.045624
494.083700	0.061646
494.083800	0.069885
494.083900	0.068817
494.084000	0.049896
494.084100	0.022430
494.084200	-0.007172
494.084300	-0.028992
494.084400	-0.033417
494.084500	-0.002747
494.084600	0.077972
494.084700	0.219421
494.084800	0.375977
494.084900	0.419617
494.085000	0.356445
494.085100	0.249329
494.085200	0.126648
494.085300	-0.015259
494.085400	-0.153656
494.085500	-0.271454
494.085600	-0.352936
494.085700	-0.412598
494.085800	-0.378265
494.085900	-0.241699
494.086000	-0.109253
494.086100	-0.023804
494.086200	0.012970
494.086300	0.016632
494.086400	0.021515
494.086500	0.032043
494.086600	0.083008
494.086700	0.238495
494.086800	0.534363
494.086900	0.835876
494.087000	0.919952
494.087100	0.848999
494.087200	0.569305
494.087300	0.126801
494.087400	-0.316162
494.087500	-0.597839
494.087600	-0.749207
494.087700	-0.803833
494.087800	-0.725555
494.087900	-0.542755
494.088000	-0.311737
494.088100	-0.129547
494.088200	-0.034027
494.088300	0.005646
494.088400	0.005951
494.088500	0.010071
494.088600	0.009766
494.088700	0.017853
494.088800	0.027618
494.088900	0.031281
494.089000	0.031128
494.089100	0.032501
494.089200	0.035095
494.089300	0.041199
494.089400	0.042877
494.089500	0.034790
494.089600	0.020905
494.089700	0.002594
494.089800	-0.009766
494.089900	-0.005951
494.090000	-0.007324
494.090100	-0.000458
494.090200	0.009308
494.090300	0.016022
494.090400	0.021667
494.090500	0.027924
494.090600	0.023956
494.090700	0.022125
494.090800	0.028076
494.090900	0.024109
494.091000	0.025787
494.091100	0.021820
494.091200	0.021057
494.091300	0.019073
494.091400	0.021362
494.091500	0.016479
494.091600	0.011292
494.091700	0.007935
494.091800	0.008545
494.091900	0.079651
494.092000	0.428162
494.092100	1.315308
494.092200	2.405396
494.092300	2.904510
494.092400	2.775421
494.092500	1.568146
494.092600	-0.431213
494.092700	-1.982880
494.092800	-2.665558
494.092900	-2.740631
494.093000	-2.076416
494.093100	-1.205139
494.093200	-0.372925
494.093300	-0.095673
494.093400	-0.019379
494.093500	0.002441
494.093600	0.006866
494.093700	0.010834
494.093800	0.009918
494.093900	0.000916
494.094000	-0.006561
494.094100	0.005035
494.094200	0.001984
494.094300	0.009918
494.094400	0.014954
494.094500	0.028687
494.094600	0.027161
494.094700	0.025177
494.094800	0.018616
494.094900	0.012817
494.095000	0.006714
494.095100	0.005798
494.095200	0.008545
494.095300	0.007324
494.095400	0.004272
494.095500	0.009155
494.095600	0.008087
494.095700	0.016327
494.095800	0.025482
494.095900	0.018616
494.096000	0.017700
494.096100	0.022583
494.096200	0.016327
494.096300	0.022278
494.096400	0.015717
494.096500	0.009003
494.096600	0.005493
494.096700	0.005341
494.096800	0.010223
494.096900	0.009308
494.097000	0.013123
494.097100	0.010529
494.097200	0.011444
494.097300	0.005035
494.097400	0.012360
494.097500	0.009003
494.097600	0.016785
494.097700	0.026093
494.097800	0.032349
494.097900	0.038910
494.098000	0.037537
494.098100	0.032501
494.098200	0.015564
494.098300	0.005035
494.098400	-0.005493
494.098500	-0.006409
494.098600	-0.005493
494.098700	0.003204
494.098800	0.008850
494.098900	0.013123
494.099000	0.015564
494.099100	0.022583
494.099200	0.029755
494.099300	0.058136
494.099400	0.124512
494.099500	0.239868
494.099600	0.365295
494.099700	0.397034
494.099800	0.347900
494.099900	0.224152
494.100000	0.077972
494.100100	-0.098114
494.100200	-0.243225
494.100300	-0.341644
494.100400	-0.375366
494.100500	-0.324707
494.100600	-0.214233
494.100700	-0.093231
494.100800	-0.023651
494.100900	0.012360
494.101000	0.026093
494.101100	0.021057
494.101200	0.019073
494.101300	0.036011
494.101400	0.113831
494.101500	0.321350
494.101600	0.747986
494.101700	1.166534
494.101800	1.270599
494.101900	1.346283
494.102000	1.107788
494.102100	0.365601
494.102200	-0.499573
494.102300	-1.100159
494.102400	-1.184235
494.102500	-1.272278
494.102600	-1.197968
494.102700	-0.720673
494.102800	-0.340424
494.102900	-0.097961
494.103000	-0.008545
494.103100	0.013123
494.103200	0.011444
494.103300	0.008850
494.103400	0.008240
494.103500	0.005493
494.103600	0.014343
494.103700	0.011902
494.103800	0.017090
494.103900	0.026245
494.104000	0.027618
494.104100	0.027924
494.104200	0.021973
494.104300	0.027466
494.104400	0.027161
494.104500	0.070801
494.104600	0.182800
494.104700	0.391083
494.104800	0.614471
494.104900	0.743713
494.105000	0.725403
494.105100	0.567169
494.105200	0.296326
494.105300	0.009003
494.105400	-0.121613
494.105500	-0.078888
494.105600	0.001068
494.105700	0.031281
494.105800	-0.054016
494.105900	-0.267487
494.106000	-0.487061
494.106100	-0.609436
494.106200	-0.612488
494.106300	-0.504456
494.106400	-0.309753
494.106500	-0.095978
494.106600	0.144806
494.106700	0.455627
494.106800	0.739136
494.106900	0.851288
494.107000	0.729980
494.107100	0.357361
494.107200	-0.145264
494.107300	-0.625458
494.107400	-0.901184
494.107500	-0.946960
494.107600	-0.776367
494.107700	-0.474396
494.107800	-0.194702
494.107900	-0.048828
494.108000	0.011749
494.108100	0.026855
494.108200	0.044556
494.108300	0.054932
494.108400	0.073547
494.108500	0.085449
494.108600	0.088348
494.108700	0.080719
494.108800	0.072174
494.108900	0.052490
494.109000	0.032654
494.109100	0.023041
494.109200	0.014038
494.109300	0.030365
494.109400	0.074768
494.109500	0.113525
494.109600	0.152893
494.109700	0.245972
494.109800	0.384521
494.109900	0.565643
494.110000	0.581970
494.110100	0.454712
494.110200	0.295410
494.110300	0.105896
494.110400	-0.104675
494.110500	-0.266724
494.110600	-0.394592
494.110700	-0.453339
494.110800	-0.432129
494.110900	-0.275726
494.111000	-0.042877
494.111100	0.093994
494.111200	0.113983
494.111300	0.023804
494.111400	-0.109558
494.111500	-0.235443
494.111600	-0.323639
494.111700	-0.356140
494.111800	-0.287933
494.111900	-0.167236
494.112000	-0.063019
494.112100	-0.009613
494.112200	0.006866
494.112300	0.025787
494.112400	0.021362
494.112500	0.024719
494.112600	0.020599
494.112700	0.027161
494.112800	0.027924
494.112900	0.026855
494.113000	0.022736
494.113100	0.019684
494.113200	0.020294
494.113300	0.020447
494.113400	0.016327
494.113500	0.020447
494.113600	0.019073
494.113700	0.022125
494.113800	0.025024
494.113900	0.023041
494.114000	0.028229
494.114100	0.028534
494.114200	0.033112
494.114300	0.038757
494.114400	0.047150
494.114500	0.043793
494.114600	0.040741
494.114700	0.036469
494.114800	0.029907
494.114900	0.020447
494.115000	0.018158
494.115100	0.022430
494.115200	0.018463
494.115300	0.016022
494.115400	0.015411
494.115500	0.022583
494.115600	0.019684
494.115700	0.018921
494.115800	0.025330
494.115900	0.024414
494.116000	0.024414
494.116100	0.031738
494.116200	0.027008
494.116300	0.025635
494.116400	0.022583
494.116500	0.019379
494.116600	0.018616
494.116700	0.040283
494.116800	0.153198
494.116900	0.430603
494.117000	0.756378
494.117100	0.927429
494.117200	0.874329
494.117300	0.488892
494.117400	-0.134888
494.117500	-0.651398
494.117600	-0.894012
494.117700	-0.918427
494.117800	-0.708618
494.117900	-0.393677
494.118000	-0.137939
494.118100	-0.022583
494.118200	0.020599
494.118300	0.043945
494.118400	0.084229
494.118500	0.116730
494.118600	0.122681
494.118700	0.097504
494.118800	0.038452
494.118900	-0.028381
494.119000	-0.063324
494.119100	-0.076599
494.119200	-0.050659
494.119300	-0.005951
494.119400	0.031891
494.119500	0.046997
494.119600	0.055695
494.119700	0.054321
494.119800	0.037689
494.119900	0.029907
494.120000	0.076904
494.120100	0.279236
494.120200	0.728149
494.120300	1.230774
494.120400	1.474609
494.120500	1.579285
494.120600	1.435547
494.120700	0.987244
494.120800	0.385895
494.120900	-0.258331
494.121000	-0.684814
494.121100	-1.058807
494.121200	-1.190338
494.121300	-1.188660
494.121400	-0.976562
494.121500	-0.795441
494.121600	-0.624390
494.121700	-0.508270
494.121800	-0.457916
494.121900	-0.411224
494.122000	-0.269775
494.122100	-0.118103
494.122200	-0.023499
494.122300	0.030365
494.122400	0.047607
494.122500	0.047607
494.122600	0.045471
494.122700	0.037384
494.122800	0.036926
494.122900	0.030518
494.123000	0.027008
494.123100	0.025482
494.123200	0.023193
494.123300	0.028381
494.123400	0.049744
494.123500	0.122223
494.123600	0.249329
494.123700	0.402527
494.123800	0.466766
494.123900	0.424194
494.124000	0.292358
494.124100	0.120697
494.124200	-0.079803
494.124300	-0.258026
494.124400	-0.369568
494.124500	-0.399170
494.124600	-0.334167
494.124700	-0.198669
494.124800	-0.074463
494.124900	-0.008698
494.125000	0.025177
494.125100	0.033264
494.125200	0.045166
494.125300	0.060120
494.125400	0.084686
494.125500	0.097961
494.125600	0.093536
494.125700	0.075836
494.125800	0.057220
494.125900	0.036774
494.126000	0.013733
494.126100	-0.011292
494.126200	-0.027924
494.126300	-0.035248
494.126400	-0.017395
494.126500	0.007782
494.126600	0.018158
494.126700	0.022278
494.126800	0.027924
494.126900	0.023956
494.127000	0.028229
494.127100	0.026550
494.127200	0.032654
494.127300	0.034790
494.127400	0.029297
494.127500	0.043182
494.127600	0.051117
494.127700	0.049744
494.127800	0.047607
494.127900	0.041199
494.128000	0.029449
494.128100	0.011749
494.128200	-0.003510
494.128300	-0.005951
494.128400	-0.003052
494.128500	-0.000153
494.128600	0.006256
494.128700	0.015411
494.128800	0.029297
494.128900	0.031128
494.129000	0.036774
494.129100	0.035400
494.129200	0.031891
494.129300	0.022736
494.129400	0.017700
494.129500	0.000610
494.129600	-0.005035
494.129700	-0.005035
494.129800	-0.000305
494.129900	0.006104
494.130000	0.020142
494.130100	0.022125
494.130200	0.027771
494.130300	0.028076
494.130400	0.027466
494.130500	0.023193
494.130600	0.018005
494.130700	0.017090
494.130800	0.032349
494.130900	0.036621
494.131000	0.044708
494.131100	0.037079
494.131200	0.023193
