57.392900	0.009155
57.393000	0.009003
57.393100	0.012360
57.393200	0.012817
57.393300	0.009613
57.393400	0.011749
57.393500	0.008240
57.393600	0.004578
57.393700	0.007019
57.393800	0.005188
57.393900	0.009460
57.394000	0.008087
57.394100	0.006409
57.394200	0.007172
57.394300	0.004120
57.394400	0.008545
57.394500	0.008850
57.394600	0.005798
57.394700	0.010223
57.394800	0.006866
57.394900	0.007324
57.395000	0.004425
57.395100	0.005646
57.395200	0.003662
57.395300	0.007019
57.395400	0.006409
57.395500	0.005035
57.395600	0.004272
57.395700	0.002594
57.395800	0.007782
57.395900	0.006714
57.396000	0.005035
57.396100	0.003357
57.396200	0.002747
57.396300	0.006714
57.396400	0.006714
57.396500	-0.000458
57.396600	0.004120
57.396700	0.004730
57.396800	-0.002289
57.396900	0.001221
57.397000	0.002899
57.397100	0.005646
57.397200	0.005188
57.397300	0.000458
57.397400	-0.003357
57.397500	0.005188
57.397600	-0.001831
57.397700	0.002441
57.397800	0.002594
57.397900	0.002747
57.398000	0.000153
57.398100	0.000916
57.398200	0.001373
57.398300	-0.001221
57.398400	0.000610
57.398500	0.000305
57.398600	-0.003204
57.398700	0.001984
57.398800	0.000000
57.398900	0.001526
57.399000	0.002441
57.399100	-0.001984
57.399200	-0.001526
57.399300	-0.000153
57.399400	-0.002136
57.399500	-0.001526
57.399600	-0.002594
57.399700	-0.005341
57.399800	-0.003815
57.399900	-0.006256
57.400000	0.001526
57.400100	0.001221
57.400200	0.000000
57.400300	-0.002441
57.400400	0.000305
57.400500	-0.004272
57.400600	-0.002136
57.400700	-0.001831
57.400800	-0.000305
57.400900	-0.002289
57.401000	0.000916
57.401100	-0.001984
57.401200	-0.003357
57.401300	-0.003052
57.401400	-0.000610
57.401500	-0.003815
57.401600	-0.002747
57.401700	0.000305
57.401800	-0.000458
57.401900	-0.000458
57.402000	0.000916
57.402100	-0.000153
57.402200	0.000610
57.402300	0.003052
57.402400	0.003510
57.402500	-0.000458
57.402600	-0.005188
57.402700	-0.000916
57.402800	0.000305
57.402900	-0.000153
57.403000	-0.000763
57.403100	-0.000610
57.403200	-0.002899
57.403300	-0.002899
57.403400	-0.002136
57.403500	0.000916
57.403600	-0.002899
57.403700	-0.005341
57.403800	0.000916
57.403900	-0.002594
57.404000	-0.002441
57.404100	-0.002747
57.404200	-0.001221
57.404300	-0.003052
57.404400	0.001373
57.404500	0.000458
57.404600	0.002899
57.404700	0.000916
57.404800	-0.003815
57.404900	-0.000305
57.405000	-0.002747
57.405100	0.001831
57.405200	0.001373
57.405300	-0.001831
57.405400	-0.000610
57.405500	0.000000
57.405600	-0.003357
57.405700	0.000000
57.405800	0.002594
57.405900	0.003510
57.406000	0.000458
57.406100	-0.003662
57.406200	-0.002289
57.406300	-0.001831
57.406400	-0.002441
57.406500	-0.004883
57.406600	0.001831
57.406700	-0.000916
57.406800	0.001526
57.406900	0.002899
57.407000	0.002136
57.407100	-0.001068
57.407200	0.002747
57.407300	-0.004272
57.407400	-0.000763
57.407500	0.001221
57.407600	0.001831
57.407700	0.001221
57.407800	-0.003357
57.407900	-0.002747
57.408000	-0.002441
57.408100	0.001678
57.408200	-0.001831
57.408300	-0.005341
57.408400	-0.003204
57.408500	-0.003357
57.408600	-0.005035
57.408700	-0.004883
57.408800	0.000916
57.408900	0.000916
57.409000	0.001068
57.409100	0.001984
57.409200	0.000305
57.409300	0.001984
57.409400	0.002441
57.409500	-0.001068
57.409600	0.000763
57.409700	0.002136
57.409800	0.002594
57.409900	-0.002899
57.410000	-0.003815
57.410100	0.000000
57.410200	0.000153
57.410300	-0.001526
57.410400	0.001831
57.410500	0.000153
57.410600	0.000763
57.410700	-0.001373
57.410800	-0.004883
57.410900	-0.002441
57.411000	-0.001678
57.411100	-0.001221
57.411200	0.000763
57.411300	0.004120
57.411400	0.005493
57.411500	0.001526
57.411600	-0.000153
57.411700	0.002594
57.411800	0.002899
57.411900	0.003052
57.412000	0.004425
57.412100	0.003510
57.412200	0.002594
57.412300	0.003357
57.412400	0.000153
57.412500	0.003967
57.412600	0.004272
57.412700	-0.000458
57.412800	-0.001373
57.412900	-0.000153
57.413000	-0.001984
57.413100	0.003052
57.413200	0.004578
57.413300	0.003052
57.413400	0.000916
57.413500	0.006104
57.413600	0.000610
57.413700	0.002594
57.413800	-0.004272
57.413900	-0.001068
57.414000	-0.000610
57.414100	-0.001068
57.414200	-0.000763
57.414300	0.001984
57.414400	0.003662
57.414500	0.000763
57.414600	0.001221
57.414700	0.004425
57.414800	-0.001373
57.414900	-0.000763
57.415000	0.002747
57.415100	-0.000763
57.415200	-0.003967
57.415300	-0.011902
57.415400	-0.011444
57.415500	-0.010986
57.415600	-0.014954
57.415700	-0.019531
57.415800	-0.017548
57.415900	-0.016022
57.416000	-0.014038
57.416100	-0.026855
57.416200	-0.024414
57.416300	-0.024261
57.416400	-0.024719
57.416500	-0.027924
57.416600	-0.025482
57.416700	-0.024261
57.416800	-0.025787
57.416900	-0.023956
57.417000	-0.030365
57.417100	-0.025635
57.417200	-0.028229
57.417300	-0.022278
57.417400	-0.028992
57.417500	-0.025330
57.417600	-0.025940
57.417700	-0.023041
57.417800	-0.022888
57.417900	-0.027924
57.418000	-0.022430
57.418100	-0.022583
57.418200	-0.021667
57.418300	-0.019836
57.418400	-0.021057
57.418500	-0.026855
57.418600	-0.021515
57.418700	-0.017395
57.418800	-0.020599
57.418900	-0.022430
57.419000	-0.021362
57.419100	-0.026245
57.419200	-0.021667
57.419300	-0.018158
57.419400	-0.018768
57.419500	-0.018768
57.419600	-0.014496
57.419700	-0.011444
57.419800	-0.013885
57.419900	-0.012817
57.420000	-0.014343
57.420100	-0.017548
57.420200	-0.016479
57.420300	-0.011292
57.420400	-0.010529
57.420500	-0.010681
57.420600	-0.014191
57.420700	-0.015106
57.420800	-0.012360
57.420900	-0.016479
57.421000	-0.014191
57.421100	-0.010529
57.421200	-0.008698
57.421300	-0.013123
57.421400	-0.011597
57.421500	-0.006714
57.421600	-0.007935
57.421700	-0.007477
57.421800	-0.008850
57.421900	-0.009918
57.422000	-0.012512
57.422100	-0.010223
57.422200	-0.010529
57.422300	-0.005951
57.422400	-0.001068
57.422500	-0.003815
57.422600	-0.003510
57.422700	-0.001678
57.422800	-0.002441
57.422900	-0.002289
57.423000	-0.003662
57.423100	-0.005798
57.423200	-0.005493
57.423300	-0.005951
57.423400	-0.002136
57.423500	-0.001678
57.423600	-0.000610
57.423700	-0.002747
57.423800	0.000610
57.423900	-0.004425
57.424000	-0.007629
57.424100	-0.007172
57.424200	-0.002899
57.424300	-0.001221
57.424400	-0.003662
57.424500	-0.003967
57.424600	-0.006714
57.424700	-0.009003
57.424800	-0.001831
57.424900	-0.003357
57.425000	-0.004883
57.425100	-0.003815
57.425200	-0.001373
57.425300	-0.004272
57.425400	-0.001221
57.425500	-0.001526
57.425600	0.000000
57.425700	0.002136
57.425800	-0.003662
57.425900	0.001068
57.426000	-0.000153
57.426100	0.000305
57.426200	0.004425
57.426300	0.003815
57.426400	-0.002899
57.426500	0.000000
57.426600	-0.004425
57.426700	0.001678
57.426800	0.002441
57.426900	0.001526
57.427000	0.001831
57.427100	0.005035
57.427200	-0.000610
57.427300	-0.003357
57.427400	0.000153
57.427500	0.003357
57.427600	0.004578
57.427700	0.001526
57.427800	0.003967
57.427900	0.001373
57.428000	0.005798
57.428100	0.006866
57.428200	0.009460
57.428300	0.006561
57.428400	0.007935
57.428500	0.002441
57.428600	0.007477
57.428700	0.007935
57.428800	0.006104
57.428900	0.007477
57.429000	0.002899
57.429100	0.002747
57.429200	0.002594
57.429300	0.006409
57.429400	0.006714
57.429500	-0.001221
57.429600	0.002899
57.429700	0.003357
57.429800	0.004425
57.429900	0.005188
57.430000	0.004272
57.430100	0.001831
57.430200	0.007935
57.430300	0.001068
57.430400	0.007935
57.430500	0.006409
57.430600	0.005493
57.430700	0.001526
57.430800	0.001678
57.430900	0.003357
57.431000	0.005646
57.431100	0.004425
57.431200	0.005341
57.431300	0.007629
57.431400	0.008392
57.431500	0.005951
57.431600	0.001678
57.431700	0.005188
57.431800	0.003967
57.431900	0.002136
57.432000	0.001373
57.432100	0.004578
57.432200	0.005493
57.432300	0.005188
57.432400	0.001221
57.432500	0.001068
57.432600	0.004883
57.432700	0.003815
57.432800	0.002899
57.432900	0.004578
57.433000	0.002136
57.433100	0.003357
57.433200	0.000763
57.433300	0.002289
57.433400	0.000916
57.433500	0.000763
57.433600	0.001221
57.433700	0.003967
57.433800	0.003052
57.433900	0.000458
57.434000	-0.000610
57.434100	0.003510
57.434200	0.001373
57.434300	0.003204
57.434400	0.005493
57.434500	0.001221
57.434600	0.000763
57.434700	0.002441
57.434800	0.001526
57.434900	0.006409
57.435000	0.009460
57.435100	0.004730
57.435200	0.008698
57.435300	0.004120
57.435400	-0.001984
57.435500	0.002441
57.435600	0.001526
57.435700	0.000000
57.435800	0.000305
57.435900	0.005951
57.436000	0.001831
57.436100	0.003204
57.436200	0.001221
57.436300	0.002594
57.436400	0.009613
57.436500	0.006561
57.436600	-0.000610
57.436700	0.004120
57.436800	0.001526
57.436900	0.006256
57.437000	0.002136
57.437100	0.002899
57.437200	-0.000153
57.437300	0.002289
57.437400	0.007019
57.437500	0.003967
57.437600	0.003204
57.437700	0.002136
57.437800	0.003052
57.437900	0.003662
57.438000	0.004272
57.438100	0.001526
57.438200	0.004883
57.438300	0.003815
57.438400	0.001678
57.438500	-0.000305
57.438600	0.001984
57.438700	0.001831
57.438800	0.006561
57.438900	0.000610
57.439000	0.002594
57.439100	0.002441
57.439200	0.000763
57.439300	0.002441
57.439400	0.003662
57.439500	0.002747
57.439600	0.003662
57.439700	0.002747
57.439800	0.002441
57.439900	0.004120
57.440000	0.002441
57.440100	0.002899
57.440200	0.003815
57.440300	0.003204
57.440400	0.000000
57.440500	0.000305
57.440600	-0.000610
57.440700	0.002747
57.440800	0.003815
57.440900	0.005035
57.441000	0.001373
57.441100	0.000305
57.441200	0.004425
57.441300	0.003357
57.441400	0.001221
57.441500	0.004272
57.441600	0.004730
57.441700	0.004272
57.441800	0.002747
57.441900	0.000763
57.442000	0.005035
57.442100	0.003357
57.442200	0.005951
57.442300	0.010071
57.442400	0.008850
57.442500	-0.000153
57.442600	0.002747
57.442700	0.001526
57.442800	0.002441
57.442900	0.006409
57.443000	0.003662
57.443100	0.001984
57.443200	0.004272
57.443300	0.001984
57.443400	0.001526
57.443500	-0.002136
57.443600	-0.000305
57.443700	0.002289
57.443800	0.001221
57.443900	0.001984
57.444000	0.001678
57.444100	-0.000763
57.444200	-0.001678
57.444300	0.000000
57.444400	0.002899
57.444500	0.000153
57.444600	-0.002594
57.444700	0.003662
57.444800	0.003967
57.444900	0.001831
57.445000	-0.001831
57.445100	0.002594
57.445200	0.000916
57.445300	0.001068
57.445400	0.004120
57.445500	0.000000
57.445600	0.003967
57.445700	0.001373
57.445800	0.002441
57.445900	0.002441
57.446000	0.000153
57.446100	0.002747
57.446200	0.000610
57.446300	-0.000458
57.446400	0.001526
