153.239300	0.002747
153.239400	-0.000153
153.239500	0.001984
153.239600	-0.001068
153.239700	-0.003357
153.239800	0.004425
153.239900	0.003967
153.240000	0.006256
153.240100	0.015564
153.240200	0.007782
153.240300	0.007019
153.240400	0.013428
153.240500	0.010986
153.240600	0.010986
153.240700	0.012970
153.240800	0.015106
153.240900	0.011902
153.241000	0.015869
153.241100	0.018311
153.241200	0.016479
153.241300	0.016174
153.241400	0.014343
153.241500	0.012207
153.241600	0.014648
153.241700	0.012360
153.241800	0.013580
153.241900	0.008545
153.242000	0.016022
153.242100	0.015411
153.242200	0.012970
153.242300	0.008087
153.242400	0.009460
153.242500	0.010986
153.242600	0.008392
153.242700	0.005798
153.242800	0.008392
153.242900	0.014038
153.243000	0.014496
153.243100	0.016327
153.243200	0.019836
153.243300	0.016174
153.243400	0.014343
153.243500	0.017548
153.243600	0.025024
153.243700	0.019073
153.243800	0.016632
153.243900	0.013580
153.244000	0.007324
153.244100	0.001678
153.244200	0.001068
153.244300	-0.000916
153.244400	-0.003662
153.244500	-0.004272
153.244600	-0.001373
153.244700	-0.005798
153.244800	-0.009155
153.244900	-0.011292
153.245000	-0.002441
153.245100	-0.008240
153.245200	-0.006256
153.245300	-0.009613
153.245400	-0.006561
153.245500	-0.006104
153.245600	-0.006561
153.245700	0.000458
153.245800	0.004425
153.245900	0.003052
153.246000	0.005341
153.246100	0.013275
153.246200	0.017853
153.246300	0.015717
153.246400	0.020905
153.246500	0.023499
153.246600	0.014648
153.246700	0.027008
153.246800	0.025482
153.246900	0.019379
153.247000	0.016022
153.247100	0.006866
153.247200	0.001831
153.247300	-0.003967
153.247400	-0.006104
153.247500	-0.010986
153.247600	-0.013428
153.247700	-0.008545
153.247800	-0.011597
153.247900	-0.010376
153.248000	-0.001678
153.248100	0.017853
153.248200	0.046692
153.248300	0.092468
153.248400	0.157623
153.248500	0.240631
153.248600	0.335388
153.248700	0.429230
153.248800	0.488892
153.248900	0.515900
153.249000	0.509796
153.249100	0.478516
153.249200	0.416412
153.249300	0.324707
153.249400	0.212402
153.249500	0.077667
153.249600	-0.066376
153.249700	-0.198822
153.249800	-0.327454
153.249900	-0.424194
153.250000	-0.503082
153.250100	-0.538330
153.250200	-0.558167
153.250300	-0.550842
153.250400	-0.506897
153.250500	-0.433807
153.250600	-0.340576
153.250700	-0.232849
153.250800	-0.133057
153.250900	-0.036926
153.251000	0.074921
153.251100	0.196838
153.251200	0.350342
153.251300	0.553131
153.251400	0.824585
153.251500	1.102142
153.251600	1.280518
153.251700	1.323242
153.251800	1.313477
153.251900	1.296844
153.252000	1.252594
153.252100	1.145325
153.252200	0.877991
153.252300	0.493774
153.252400	0.104370
153.252500	-0.290375
153.252600	-0.677948
153.252700	-1.045074
153.252800	-1.341553
153.252900	-1.457367
153.253000	-1.436462
153.253100	-1.329193
153.253200	-1.194763
153.253300	-0.877075
153.253400	-0.361328
153.253500	0.357666
153.253600	1.315002
153.253700	2.401733
153.253800	3.328400
153.253900	3.854523
153.254000	4.091339
153.254100	4.221344
153.254200	4.345703
153.254300	4.365692
153.254400	3.994141
153.254500	3.055878
153.254600	1.679382
153.254700	0.189056
153.254800	-1.068726
153.254900	-2.898712
153.255000	-4.089050
153.255100	-4.722137
153.255200	-4.866180
153.255300	-4.767151
153.255400	-4.623108
153.255500	-4.479218
153.255600	-4.238892
153.255700	-3.675385
153.255800	-2.822113
153.255900	-1.932068
153.256000	-1.260071
153.256100	-0.686951
153.256200	-0.319366
153.256300	-0.096893
153.256400	0.010529
153.256500	0.057831
153.256600	0.070648
153.256700	0.083160
153.256800	0.086365
153.256900	0.081635
153.257000	0.075684
153.257100	0.077820
153.257200	0.071564
153.257300	0.075836
153.257400	0.073853
153.257500	0.076904
153.257600	0.079956
153.257700	0.071259
153.257800	0.073395
153.257900	0.074005
153.258000	0.071716
153.258100	0.070343
153.258200	0.073700
153.258300	0.067749
153.258400	0.071411
153.258500	0.071869
153.258600	0.074005
153.258700	0.068665
153.258800	0.073242
153.258900	0.072937
153.259000	0.068207
153.259100	0.065308
153.259200	0.065460
153.259300	0.058594
153.259400	0.062866
153.259500	0.064240
153.259600	0.067139
153.259700	0.066376
153.259800	0.059814
153.259900	0.065918
153.260000	0.064545
153.260100	0.064392
153.260200	0.067902
153.260300	0.072784
153.260400	0.078125
153.260500	0.098724
153.260600	0.124054
153.260700	0.153503
153.260800	0.206451
153.260900	0.260315
153.261000	0.318146
153.261100	0.352478
153.261200	0.363159
153.261300	0.359039
153.261400	0.332336
153.261500	0.285645
153.261600	0.242310
153.261700	0.185547
153.261800	0.129395
153.261900	0.077667
153.262000	0.014343
153.262100	-0.041199
153.262200	-0.105438
153.262300	-0.152283
153.262400	-0.201416
153.262500	-0.239410
153.262600	-0.267181
153.262700	-0.286713
153.262800	-0.289001
153.262900	-0.268402
153.263000	-0.231934
153.263100	-0.181732
153.263200	-0.120850
153.263300	-0.070343
153.263400	-0.029755
153.263500	-0.000458
153.263600	0.014954
153.263700	0.032959
153.263800	0.036469
153.263900	0.043182
153.264000	0.053711
153.264100	0.094604
153.264200	0.185852
153.264300	0.393677
153.264400	0.778198
153.264500	1.374664
153.264600	2.205505
153.264700	3.305206
153.264800	4.610138
153.264900	4.999847
153.265000	4.999847
153.265100	4.999847
153.265200	4.999847
153.265300	4.999847
153.265400	4.999847
153.265500	4.999847
153.265600	4.999847
153.265700	2.972412
153.265800	0.749664
153.265900	-1.393738
153.266000	-3.699036
153.266100	-5.000000
153.266200	-5.000000
153.266300	-5.000000
153.266400	-5.000000
153.266500	-5.000000
153.266600	-5.000000
153.266700	-5.000000
153.266800	-5.000000
153.266900	-5.000000
153.267000	-4.549561
153.267100	-3.118591
153.267200	-1.911774
153.267300	-1.219330
153.267400	-0.389862
153.267500	-0.007324
153.267600	0.233765
153.267700	0.390472
153.267800	0.496216
153.267900	0.560913
153.268000	0.593109
153.268100	0.599060
153.268200	0.585175
153.268300	0.536194
153.268400	0.447388
153.268500	0.343628
153.268600	0.227203
153.268700	0.095367
153.268800	-0.020294
153.268900	-0.109863
153.269000	-0.166168
153.269100	-0.188293
153.269200	-0.182648
153.269300	-0.149994
153.269400	-0.101776
153.269500	-0.051270
153.269600	-0.013885
153.269700	0.010834
153.269800	0.022888
153.269900	0.034943
153.270000	0.054016
153.270100	0.074310
153.270200	0.089722
153.270300	0.100250
153.270400	0.108795
153.270500	0.116425
153.270600	0.119324
153.270700	0.105591
153.270800	0.117950
153.270900	0.120239
153.271000	0.128632
153.271100	0.132446
153.271200	0.129242
153.271300	0.135956
153.271400	0.132446
153.271500	0.137482
153.271600	0.134888
153.271700	0.140381
153.271800	0.137024
153.271900	0.135803
153.272000	0.136566
153.272100	0.136719
153.272200	0.135498
153.272300	0.134735
153.272400	0.127258
153.272500	0.126495
153.272600	0.124969
153.272700	0.115509
153.272800	0.113678
153.272900	0.108185
153.273000	0.107727
153.273100	0.106812
153.273200	0.107422
153.273300	0.102386
153.273400	0.107880
153.273500	0.105896
153.273600	0.107269
153.273700	0.104218
153.273800	0.106812
153.273900	0.104675
153.274000	0.108185
153.274100	0.108032
153.274200	0.106049
153.274300	0.105438
153.274400	0.106964
153.274500	0.106812
153.274600	0.110626
153.274700	0.103760
153.274800	0.101624
153.274900	0.097198
153.275000	0.089111
153.275100	0.080109
153.275200	0.076294
153.275300	0.073853
153.275400	0.068359
153.275500	0.066681
153.275600	0.063324
153.275700	0.059967
153.275800	0.060272
153.275900	0.063477
153.276000	0.060883
153.276100	0.054016
153.276200	0.056610
153.276300	0.059052
153.276400	0.061951
153.276500	0.061340
153.276600	0.066833
153.276700	0.067596
153.276800	0.066223
153.276900	0.065155
153.277000	0.061493
153.277100	0.065002
153.277200	0.067749
153.277300	0.069275
153.277400	0.069885
153.277500	0.067444
153.277600	0.065918
153.277700	0.068817
153.277800	0.061798
153.277900	0.063324
153.278000	0.064697
153.278100	0.069885
153.278200	0.068359
153.278300	0.065460
153.278400	0.063629
153.278500	0.058899
153.278600	0.056305
153.278700	0.052795
153.278800	0.053101
153.278900	0.047607
153.279000	0.039368
153.279100	0.038147
153.279200	0.031128
153.279300	0.024414
153.279400	0.027618
153.279500	0.025940
153.279600	0.023041
153.279700	0.021820
153.279800	0.021210
153.279900	0.025482
153.280000	0.019379
153.280100	0.021057
153.280200	0.022583
153.280300	0.023041
153.280400	0.029602
153.280500	0.029755
153.280600	0.027008
153.280700	0.028839
153.280800	0.029144
153.280900	0.030060
153.281000	0.031891
153.281100	0.029449
153.281200	0.027313
153.281300	0.027924
153.281400	0.026398
153.281500	0.031433
153.281600	0.035553
153.281700	0.038452
153.281800	0.035858
153.281900	0.033722
153.282000	0.037537
153.282100	0.033264
153.282200	0.041809
153.282300	0.052185
153.282400	0.089111
153.282500	0.156250
153.282600	0.255280
153.282700	0.399475
153.282800	0.598297
153.282900	0.882263
153.283000	1.210937
153.283100	1.460876
153.283200	1.524506
153.283300	1.483002
153.283400	1.430511
153.283500	1.409912
153.283600	1.381226
153.283700	1.260986
153.283800	0.966034
153.283900	0.555725
153.284000	0.133209
153.284100	-0.267181
153.284200	-0.665741
153.284300	-1.078339
153.284400	-1.507568
153.284500	-1.746979
153.284600	-1.796570
153.284700	-1.734314
153.284800	-1.649933
153.284900	-1.589661
153.285000	-1.536407
153.285100	-1.402740
153.285200	-1.205902
153.285300	-0.841980
153.285400	-0.551147
153.285500	-0.335693
153.285600	-0.170135
153.285700	-0.049591
153.285800	0.017548
153.285900	0.049438
153.286000	0.058441
153.286100	0.061646
153.286200	0.060577
153.286300	0.049744
153.286400	0.044708
153.286500	0.035400
153.286600	0.038147
153.286700	0.032501
153.286800	0.033264
153.286900	0.045776
153.287000	0.077057
153.287100	0.112457
153.287200	0.169983
153.287300	0.253754
153.287400	0.342407
153.287500	0.425720
153.287600	0.475006
153.287700	0.492096
153.287800	0.477448
153.287900	0.449982
153.288000	0.404663
153.288100	0.330811
153.288200	0.231171
153.288300	0.110016
153.288400	-0.024261
153.288500	-0.152740
153.288600	-0.249786
153.288700	-0.317383
153.288800	-0.342255
153.288900	-0.328674
153.289000	-0.299988
153.289100	-0.256805
153.289200	-0.217438
153.289300	-0.172272
153.289400	-0.124054
153.289500	-0.067444
153.289600	-0.027161
153.289700	0.007629
153.289800	0.026245
153.289900	0.023346
153.290000	0.017090
153.290100	0.010376
153.290200	0.006104
153.290300	0.001068
153.290400	0.005798
153.290500	0.001678
153.290600	0.004120
153.290700	0.013733
153.290800	0.014954
153.290900	0.031128
153.291000	0.032959
153.291100	0.025024
153.291200	0.016022
153.291300	0.004883
153.291400	-0.004730
153.291500	-0.015259
153.291600	-0.027161
153.291700	-0.030975
153.291800	-0.040283
153.291900	-0.041046
153.292000	-0.041809
153.292100	-0.029602
153.292200	-0.026245
153.292300	-0.027924
153.292400	-0.019989
153.292500	-0.026855
153.292600	-0.035400
153.292700	-0.036621
153.292800	-0.033722
