299.159300	-0.033569
299.159400	-0.033569
299.159500	-0.036469
299.159600	-0.033569
299.159700	-0.037231
299.159800	-0.035248
299.159900	-0.035095
299.160000	-0.030060
299.160100	-0.032196
299.160200	-0.031433
299.160300	-0.032196
299.160400	-0.031433
299.160500	-0.030365
299.160600	-0.029602
299.160700	-0.031586
299.160800	-0.033417
299.160900	-0.028687
299.161000	-0.027313
299.161100	-0.026703
299.161200	-0.028381
299.161300	-0.030518
299.161400	-0.031738
299.161500	-0.028839
299.161600	-0.036316
299.161700	-0.031433
299.161800	-0.033264
299.161900	-0.028992
299.162000	-0.030212
299.162100	-0.037079
299.162200	-0.032196
299.162300	-0.034943
299.162400	-0.037537
299.162500	-0.034027
299.162600	-0.031738
299.162700	-0.031281
299.162800	-0.029297
299.162900	-0.022430
299.163000	-0.029144
299.163100	-0.030060
299.163200	-0.027466
299.163300	-0.029755
299.163400	-0.030060
299.163500	-0.024109
299.163600	-0.027924
299.163700	-0.030212
299.163800	-0.031281
299.163900	-0.030670
299.164000	-0.031281
299.164100	-0.031738
299.164200	-0.033722
299.164300	-0.028229
299.164400	-0.030670
299.164500	-0.027161
299.164600	-0.027924
299.164700	-0.028839
299.164800	-0.026855
299.164900	-0.028687
299.165000	-0.027313
299.165100	-0.031738
299.165200	-0.027618
299.165300	-0.026245
299.165400	-0.031891
299.165500	-0.029144
299.165600	-0.030365
299.165700	-0.030060
299.165800	-0.030212
299.165900	-0.028687
299.166000	-0.028534
299.166100	-0.024414
299.166200	-0.025940
299.166300	-0.029144
299.166400	-0.028534
299.166500	-0.031128
299.166600	-0.032959
299.166700	-0.026398
299.166800	-0.025177
299.166900	-0.029907
299.167000	-0.030670
299.167100	-0.027008
299.167200	-0.031586
299.167300	-0.026245
299.167400	-0.026245
299.167500	-0.023804
299.167600	-0.029144
299.167700	-0.030823
299.167800	-0.033569
299.167900	-0.028534
299.168000	-0.030670
299.168100	-0.025024
299.168200	-0.034943
299.168300	-0.031738
299.168400	-0.033264
299.168500	-0.031891
299.168600	-0.031281
299.168700	-0.025940
299.168800	-0.027618
299.168900	-0.028076
299.169000	-0.030212
299.169100	-0.022736
299.169200	-0.027161
299.169300	-0.032196
299.169400	-0.030365
299.169500	-0.030212
299.169600	-0.023499
299.169700	-0.026703
299.169800	-0.027466
299.169900	-0.030212
299.170000	-0.026855
299.170100	-0.026093
299.170200	-0.030975
299.170300	-0.028992
299.170400	-0.029755
299.170500	-0.032196
299.170600	-0.028534
299.170700	-0.029602
299.170800	-0.029755
299.170900	-0.023956
299.171000	-0.026703
299.171100	-0.024261
299.171200	-0.027466
299.171300	-0.031891
299.171400	-0.027924
299.171500	-0.023804
299.171600	-0.026245
299.171700	-0.030060
299.171800	-0.023956
299.171900	-0.028992
299.172000	-0.028229
299.172100	-0.027313
299.172200	-0.029602
299.172300	-0.032043
299.172400	-0.026245
299.172500	-0.036163
299.172600	-0.026703
299.172700	-0.028687
299.172800	-0.023499
299.172900	-0.025787
299.173000	-0.024261
299.173100	-0.021057
299.173200	-0.032043
299.173300	-0.028229
299.173400	-0.029907
299.173500	-0.030518
299.173600	-0.025787
299.173700	-0.024109
299.173800	-0.029144
299.173900	-0.030060
299.174000	-0.032196
299.174100	-0.031433
299.174200	-0.033112
299.174300	-0.030060
299.174400	-0.030365
299.174500	-0.028076
299.174600	-0.031738
299.174700	-0.030060
299.174800	-0.027618
299.174900	-0.028992
299.175000	-0.030670
299.175100	-0.030212
299.175200	-0.031586
299.175300	-0.029449
299.175400	-0.027008
299.175500	-0.029297
299.175600	-0.030212
299.175700	-0.030670
299.175800	-0.027313
299.175900	-0.030823
299.176000	-0.030518
299.176100	-0.028839
299.176200	-0.025330
299.176300	-0.027924
299.176400	-0.025177
299.176500	-0.030212
299.176600	-0.028534
299.176700	-0.028076
299.176800	-0.026855
299.176900	-0.026550
299.177000	-0.020447
299.177100	-0.021667
299.177200	-0.032196
299.177300	-0.030212
299.177400	-0.025177
299.177500	-0.023193
299.177600	-0.027008
299.177700	-0.024567
299.177800	-0.025482
299.177900	-0.021820
299.178000	-0.022736
299.178100	-0.018311
299.178200	-0.026093
299.178300	-0.024414
299.178400	-0.023041
299.178500	-0.020752
299.178600	-0.020752
299.178700	-0.017853
299.178800	-0.022736
299.178900	-0.020599
299.179000	-0.021057
299.179100	-0.025940
299.179200	-0.022278
299.179300	-0.021973
299.179400	-0.020294
299.179500	-0.023956
299.179600	-0.020447
299.179700	-0.019836
299.179800	-0.018463
299.179900	-0.021362
299.180000	-0.016632
299.180100	-0.018921
299.180200	-0.023651
299.180300	-0.021973
299.180400	-0.023346
299.180500	-0.021057
299.180600	-0.023499
299.180700	-0.021210
299.180800	-0.018616
299.180900	-0.018005
299.181000	-0.016022
299.181100	-0.018158
299.181200	-0.021515
299.181300	-0.016785
299.181400	-0.016785
299.181500	-0.019989
299.181600	-0.019226
299.181700	-0.019531
299.181800	-0.019073
299.181900	-0.020447
299.182000	-0.019379
299.182100	-0.020447
299.182200	-0.018616
299.182300	-0.023651
299.182400	-0.026550
299.182500	-0.020599
299.182600	-0.024872
299.182700	-0.022430
299.182800	-0.023651
299.182900	-0.026855
299.183000	-0.023651
299.183100	-0.025024
299.183200	-0.026855
299.183300	-0.022888
299.183400	-0.024414
299.183500	-0.026855
299.183600	-0.021820
299.183700	-0.022125
299.183800	-0.021210
299.183900	-0.021362
299.184000	-0.021362
299.184100	-0.021210
299.184200	-0.023956
299.184300	-0.022736
299.184400	-0.025940
299.184500	-0.024414
299.184600	-0.022888
299.184700	-0.024109
299.184800	-0.020142
299.184900	-0.022583
299.185000	-0.017395
299.185100	-0.018921
299.185200	-0.022125
299.185300	-0.021362
299.185400	-0.028076
299.185500	-0.024414
299.185600	-0.021973
299.185700	-0.026550
299.185800	-0.021210
299.185900	-0.025940
299.186000	-0.020752
299.186100	-0.022888
299.186200	-0.023346
299.186300	-0.023651
299.186400	-0.024261
299.186500	-0.020142
299.186600	-0.025635
299.186700	-0.019836
299.186800	-0.021515
299.186900	-0.022583
299.187000	-0.019379
299.187100	-0.016785
299.187200	-0.025635
299.187300	-0.025635
299.187400	-0.023956
299.187500	-0.016785
299.187600	-0.022278
299.187700	-0.024719
299.187800	-0.021362
299.187900	-0.015564
299.188000	-0.013275
299.188100	-0.023804
299.188200	-0.022583
299.188300	-0.021057
299.188400	-0.023651
299.188500	-0.018311
299.188600	-0.022278
299.188700	-0.018768
299.188800	-0.017242
299.188900	-0.027008
299.189000	-0.021820
299.189100	-0.022278
299.189200	-0.020142
299.189300	-0.023346
299.189400	-0.024567
299.189500	-0.016937
299.189600	-0.018768
299.189700	-0.020752
299.189800	-0.022278
299.189900	-0.019531
299.190000	-0.014648
299.190100	-0.020752
299.190200	-0.014648
299.190300	-0.014954
299.190400	-0.015717
299.190500	-0.016174
299.190600	-0.023956
299.190700	-0.021973
299.190800	-0.021820
299.190900	-0.022583
299.191000	-0.022888
299.191100	-0.023499
299.191200	-0.025330
299.191300	-0.028839
299.191400	-0.022278
299.191500	-0.021973
299.191600	-0.018768
299.191700	-0.019836
299.191800	-0.021362
299.191900	-0.020142
299.192000	-0.019836
299.192100	-0.020294
299.192200	-0.021210
299.192300	-0.018768
299.192400	-0.021973
299.192500	-0.016785
299.192600	-0.019379
299.192700	-0.021210
299.192800	-0.016937
299.192900	-0.016785
299.193000	-0.014648
299.193100	-0.017090
299.193200	-0.014038
299.193300	-0.019836
299.193400	-0.015106
299.193500	-0.019379
299.193600	-0.017548
299.193700	-0.021820
299.193800	-0.016785
299.193900	-0.020752
299.194000	-0.016632
299.194100	-0.018005
299.194200	-0.016479
299.194300	-0.011292
299.194400	-0.013733
299.194500	-0.015259
299.194600	-0.016632
299.194700	-0.018768
299.194800	-0.015259
299.194900	-0.012207
299.195000	-0.011597
299.195100	-0.010223
299.195200	-0.016327
299.195300	-0.009766
299.195400	-0.013885
299.195500	-0.015717
299.195600	-0.017700
299.195700	-0.018768
299.195800	-0.015106
299.195900	-0.016022
299.196000	-0.013733
299.196100	-0.015564
299.196200	-0.016479
299.196300	-0.013123
299.196400	-0.017853
299.196500	-0.012512
299.196600	-0.009003
299.196700	-0.015869
299.196800	-0.016785
299.196900	-0.013885
299.197000	-0.018005
299.197100	-0.019989
299.197200	-0.017395
299.197300	-0.015564
299.197400	-0.017700
299.197500	-0.011444
299.197600	-0.014496
299.197700	-0.013428
299.197800	-0.012207
299.197900	-0.019379
299.198000	-0.018921
299.198100	-0.012054
299.198200	-0.009918
299.198300	-0.010986
299.198400	-0.010376
299.198500	-0.005646
299.198600	-0.007935
299.198700	-0.007324
299.198800	-0.011444
299.198900	-0.012970
299.199000	-0.012665
299.199100	-0.005493
299.199200	-0.011597
299.199300	-0.010681
299.199400	-0.013733
299.199500	-0.005493
299.199600	-0.004883
299.199700	-0.004578
299.199800	-0.010986
299.199900	-0.009613
299.200000	-0.008850
299.200100	-0.007782
299.200200	-0.010071
299.200300	-0.010223
299.200400	-0.010529
299.200500	-0.010529
299.200600	-0.008240
299.200700	-0.005798
299.200800	-0.012665
299.200900	-0.007019
299.201000	-0.013275
299.201100	-0.016327
299.201200	-0.011139
299.201300	-0.008545
299.201400	-0.009918
299.201500	-0.008392
299.201600	-0.010834
299.201700	-0.009003
299.201800	-0.009155
299.201900	-0.012360
299.202000	-0.008850
299.202100	-0.009460
299.202200	-0.010376
299.202300	-0.010376
299.202400	-0.010223
299.202500	-0.009460
299.202600	-0.008240
299.202700	-0.009155
299.202800	-0.006104
299.202900	-0.009613
299.203000	-0.007629
299.203100	-0.011597
299.203200	-0.009918
299.203300	-0.012512
299.203400	-0.009003
299.203500	-0.011597
299.203600	-0.014038
299.203700	-0.007477
299.203800	-0.012054
299.203900	-0.008850
299.204000	-0.009155
299.204100	-0.009766
299.204200	-0.006561
299.204300	-0.008545
299.204400	-0.008392
299.204500	-0.010986
299.204600	-0.011902
299.204700	-0.013885
299.204800	-0.007019
299.204900	-0.009918
299.205000	-0.010834
299.205100	-0.008850
299.205200	-0.008545
299.205300	-0.007172
299.205400	-0.011292
299.205500	-0.009613
299.205600	-0.007172
299.205700	-0.009003
299.205800	-0.012207
299.205900	-0.013428
299.206000	-0.012207
299.206100	-0.010681
299.206200	-0.012207
299.206300	-0.012512
299.206400	-0.009766
299.206500	-0.005646
299.206600	-0.013733
299.206700	-0.010681
299.206800	-0.009460
299.206900	-0.008545
299.207000	-0.007324
299.207100	-0.000610
299.207200	-0.005951
299.207300	-0.007172
299.207400	-0.008545
299.207500	-0.006256
299.207600	-0.009460
299.207700	-0.006409
299.207800	-0.007629
299.207900	-0.008850
299.208000	-0.002899
299.208100	-0.011292
299.208200	-0.005798
299.208300	-0.008545
299.208400	-0.008240
299.208500	-0.006866
299.208600	-0.008087
299.208700	-0.010071
299.208800	-0.005951
299.208900	-0.004425
299.209000	-0.008087
299.209100	-0.006409
299.209200	-0.010223
299.209300	-0.009308
299.209400	-0.006104
299.209500	-0.010071
299.209600	-0.013733
299.209700	-0.010223
299.209800	-0.008392
299.209900	-0.009308
299.210000	-0.005035
299.210100	-0.009003
299.210200	-0.012512
299.210300	-0.010223
299.210400	-0.013733
299.210500	-0.006866
299.210600	-0.004120
299.210700	-0.003815
299.210800	-0.005341
299.210900	-0.009308
299.211000	-0.005188
299.211100	-0.006714
299.211200	-0.004272
299.211300	-0.001068
299.211400	-0.007935
299.211500	-0.003967
299.211600	-0.005188
299.211700	-0.009308
299.211800	-0.005646
299.211900	-0.009460
299.212000	-0.009155
299.212100	-0.007782
299.212200	-0.008392
299.212300	-0.003815
299.212400	-0.009308
299.212500	-0.003815
299.212600	-0.006714
299.212700	-0.004578
299.212800	-0.005188
