438.474500	-0.020752
438.474600	-0.022888
438.474700	-0.019379
438.474800	-0.016785
438.474900	-0.021362
438.475000	-0.021515
438.475100	-0.018311
438.475200	-0.020447
438.475300	-0.027313
438.475400	-0.033112
438.475500	-0.028229
438.475600	-0.030823
438.475700	-0.033264
438.475800	-0.037689
438.475900	-0.033264
438.476000	-0.024261
438.476100	-0.026855
438.476200	-0.024414
438.476300	-0.016785
438.476400	-0.019531
438.476500	-0.018005
438.476600	-0.025330
438.476700	-0.027313
438.476800	-0.033569
438.476900	-0.040131
438.477000	-0.049896
438.477100	-0.055389
438.477200	-0.061340
438.477300	-0.058136
438.477400	-0.054016
438.477500	-0.052490
438.477600	-0.044098
438.477700	-0.043793
438.477800	-0.041351
438.477900	-0.036011
438.478000	-0.034943
438.478100	-0.032196
438.478200	-0.031586
438.478300	-0.026855
438.478400	-0.024109
438.478500	-0.021362
438.478600	-0.027466
438.478700	-0.024719
438.478800	-0.021973
438.478900	-0.022583
438.479000	-0.027466
438.479100	-0.030060
438.479200	-0.033569
438.479300	-0.036163
438.479400	-0.033722
438.479500	-0.036163
438.479600	-0.037689
438.479700	-0.041809
438.479800	-0.039673
438.479900	-0.041809
438.480000	-0.040283
438.480100	-0.041199
438.480200	-0.041656
438.480300	-0.041656
438.480400	-0.046997
438.480500	-0.043793
438.480600	-0.045166
438.480700	-0.036621
438.480800	-0.031738
438.480900	-0.030518
438.481000	-0.026703
438.481100	-0.023041
438.481200	-0.026855
438.481300	-0.025177
438.481400	-0.032349
438.481500	-0.042419
438.481600	-0.049133
438.481700	-0.051880
438.481800	-0.053253
438.481900	-0.050354
438.482000	-0.048523
438.482100	-0.041351
438.482200	-0.039978
438.482300	-0.039215
438.482400	-0.034485
438.482500	-0.028534
438.482600	-0.022888
438.482700	-0.010529
438.482800	0.001984
438.482900	0.000153
438.483000	0.001373
438.483100	-0.010376
438.483200	-0.021973
438.483300	-0.024261
438.483400	-0.032349
438.483500	-0.038605
438.483600	-0.030670
438.483700	-0.018616
438.483800	-0.014343
438.483900	-0.011444
438.484000	-0.011749
438.484100	-0.017090
438.484200	-0.019226
438.484300	-0.032349
438.484400	-0.033875
438.484500	-0.044556
438.484600	-0.048218
438.484700	-0.059357
438.484800	-0.056763
438.484900	-0.054016
438.485000	-0.048370
438.485100	-0.054932
438.485200	-0.049744
438.485300	-0.047913
438.485400	-0.055847
438.485500	-0.048065
438.485600	-0.046997
438.485700	-0.049286
438.485800	-0.043488
438.485900	-0.042572
438.486000	-0.034332
438.486100	-0.029755
438.486200	-0.036316
438.486300	-0.044098
438.486400	-0.044708
438.486500	-0.048676
438.486600	-0.040741
438.486700	-0.034180
438.486800	-0.033417
438.486900	-0.032959
438.487000	-0.037842
438.487100	-0.037231
438.487200	-0.033569
438.487300	-0.039978
438.487400	-0.035553
438.487500	-0.039062
438.487600	-0.048828
438.487700	-0.057526
438.487800	-0.059662
438.487900	-0.068054
438.488000	-0.069885
438.488100	-0.070496
438.488200	-0.072784
438.488300	-0.072174
438.488400	-0.068359
438.488500	-0.063629
438.488600	-0.055389
438.488700	-0.045319
438.488800	-0.049744
438.488900	-0.043182
438.489000	-0.042572
438.489100	-0.039062
438.489200	-0.041962
438.489300	-0.037537
438.489400	-0.040741
438.489500	-0.035858
438.489600	-0.032043
438.489700	-0.038452
438.489800	-0.037994
438.489900	-0.034485
438.490000	-0.031586
438.490100	-0.032196
438.490200	-0.041504
438.490300	-0.041809
438.490400	-0.039978
438.490500	-0.040741
438.490600	-0.046082
438.490700	-0.041504
438.490800	-0.042267
438.490900	-0.041046
438.491000	-0.037994
438.491100	-0.019379
438.491200	0.021515
438.491300	0.094452
438.491400	0.193787
438.491500	0.291290
438.491600	0.352478
438.491700	0.364380
438.491800	0.332184
438.491900	0.251770
438.492000	0.141296
438.492100	0.005951
438.492200	-0.138397
438.492300	-0.261688
438.492400	-0.358734
438.492500	-0.420532
438.492600	-0.448608
438.492700	-0.424805
438.492800	-0.338135
438.492900	-0.160980
438.493000	0.110931
438.493100	0.421600
438.493200	0.675964
438.493300	0.811615
438.493400	0.865936
438.493500	0.794678
438.493600	0.501404
438.493700	0.068970
438.493800	-0.373993
438.493900	-0.719299
438.494000	-0.904541
438.494100	-0.946655
438.494200	-0.909424
438.494300	-0.789795
438.494400	-0.569916
438.494500	-0.345764
438.494600	-0.175629
438.494700	-0.076294
438.494800	-0.028687
438.494900	-0.022583
438.495000	-0.017395
438.495100	-0.016937
438.495200	-0.014191
438.495300	-0.021210
438.495400	-0.022888
438.495500	-0.027618
438.495600	-0.024261
438.495700	-0.021362
438.495800	-0.029602
438.495900	-0.027771
438.496000	-0.026245
438.496100	-0.022888
438.496200	-0.021057
438.496300	-0.011444
438.496400	0.044403
438.496500	0.159912
438.496600	0.362701
438.496700	0.701447
438.496800	1.098785
438.496900	1.285095
438.497000	1.326447
438.497100	1.381836
438.497200	1.439056
438.497300	1.275177
438.497400	0.727539
438.497500	-0.013885
438.497600	-0.709229
438.497700	-1.164246
438.497800	-1.397552
438.497900	-1.344910
438.498000	-1.276703
438.498100	-1.254272
438.498200	-1.195679
438.498300	-0.879669
438.498400	-0.596771
438.498500	-0.423431
438.498600	-0.291595
438.498700	-0.214844
438.498800	-0.177612
438.498900	-0.163727
438.499000	-0.118561
438.499100	-0.077362
438.499200	-0.047455
438.499300	-0.034027
438.499400	-0.022888
438.499500	-0.032806
438.499600	-0.039215
438.499700	-0.054169
438.499800	-0.057068
438.499900	-0.057831
438.500000	-0.056305
438.500100	-0.052032
438.500200	-0.049896
438.500300	-0.041351
438.500400	-0.040283
438.500500	-0.036926
438.500600	-0.029602
438.500700	-0.024109
438.500800	-0.021667
438.500900	-0.016479
438.501000	-0.016174
438.501100	-0.008392
438.501200	-0.011139
438.501300	-0.008850
438.501400	-0.004272
438.501500	0.002747
438.501600	0.017700
438.501700	0.037537
438.501800	0.060425
438.501900	0.080719
438.502000	0.078278
438.502100	0.075378
438.502200	0.079498
438.502300	0.098572
438.502400	0.154877
438.502500	0.301819
438.502600	0.580292
438.502700	0.986328
438.502800	1.314087
438.502900	1.475067
438.503000	1.560822
438.503100	1.514282
438.503200	1.147614
438.503300	0.521240
438.503400	-0.182037
438.503500	-0.832214
438.503600	-1.396179
438.503700	-1.670532
438.503800	-1.778564
438.503900	-1.802063
438.504000	-1.617432
438.504100	-1.226349
438.504200	-0.808105
438.504300	-0.486755
438.504400	-0.257874
438.504500	-0.125732
438.504600	-0.063171
438.504700	-0.033112
438.504800	-0.026855
438.504900	-0.021210
438.505000	-0.024872
438.505100	-0.020142
438.505200	-0.011902
438.505300	-0.005341
438.505400	-0.005341
438.505500	-0.010529
438.505600	-0.003967
438.505700	-0.009613
438.505800	-0.005341
438.505900	-0.005798
438.506000	-0.004120
438.506100	-0.001984
438.506200	-0.000916
438.506300	-0.003815
438.506400	0.000000
438.506500	0.001678
438.506600	0.000000
438.506700	-0.000763
438.506800	0.009003
438.506900	0.007172
438.507000	0.001068
438.507100	0.004883
438.507200	0.002289
438.507300	-0.001678
438.507400	0.000000
438.507500	-0.012817
438.507600	-0.014038
438.507700	-0.016479
438.507800	-0.017548
438.507900	-0.016327
438.508000	-0.012207
438.508100	-0.010681
438.508200	-0.007935
438.508300	-0.009613
438.508400	-0.004425
438.508500	-0.001984
438.508600	-0.007019
438.508700	-0.009155
438.508800	-0.010681
438.508900	-0.014648
438.509000	-0.019226
438.509100	-0.013885
438.509200	-0.015717
438.509300	-0.016174
438.509400	-0.014648
438.509500	-0.015259
438.509600	-0.009308
438.509700	-0.016327
438.509800	-0.018005
438.509900	-0.017700
438.510000	-0.018311
438.510100	-0.017395
438.510200	-0.017853
438.510300	-0.022583
438.510400	-0.019379
438.510500	-0.018005
438.510600	-0.018158
438.510700	-0.017090
438.510800	-0.009308
438.510900	-0.004120
438.511000	0.010223
438.511100	0.016479
438.511200	0.015259
438.511300	0.013275
438.511400	0.007629
438.511500	0.000763
438.511600	-0.012665
438.511700	-0.033569
438.511800	-0.051422
438.511900	-0.061646
438.512000	-0.052643
438.512100	-0.052795
438.512200	-0.036163
438.512300	-0.003967
438.512400	0.022583
438.512500	0.043488
438.512600	0.055847
438.512700	0.102539
438.512800	0.189972
438.512900	0.333710
438.513000	0.553589
438.513100	0.760956
438.513200	0.809937
438.513300	0.773315
438.513400	0.767517
438.513500	0.759430
438.513600	0.613098
438.513700	0.232086
438.513800	-0.238953
438.513900	-0.609131
438.514000	-0.803528
438.514100	-0.839386
438.514200	-0.819702
438.514300	-0.820618
438.514400	-0.804443
438.514500	-0.656891
438.514600	-0.438995
438.514700	-0.259094
438.514800	-0.140076
438.514900	-0.066681
438.515000	-0.039215
438.515100	-0.019684
438.515200	-0.013580
438.515300	-0.009613
438.515400	-0.008392
438.515500	-0.007324
438.515600	0.009308
438.515700	0.097809
438.515800	0.303802
438.515900	0.678406
438.516000	1.210480
438.516100	1.706238
438.516200	1.989288
438.516300	2.141266
438.516400	2.170868
438.516500	1.793060
438.516600	0.868378
438.516700	-0.275421
438.516800	-1.139832
438.516900	-1.952972
438.517000	-2.125397
438.517100	-2.113495
438.517200	-2.019806
438.517300	-1.716461
438.517400	-1.217041
438.517500	-0.694733
438.517600	-0.360565
438.517700	-0.165405
438.517800	-0.084686
438.517900	-0.062408
438.518000	-0.058594
438.518100	-0.058136
438.518200	-0.058289
438.518300	-0.056305
438.518400	-0.056763
438.518500	-0.055847
438.518600	-0.043335
438.518700	-0.023346
438.518800	-0.012817
438.518900	0.000610
438.519000	-0.000763
438.519100	0.003967
438.519200	0.002594
438.519300	-0.000763
438.519400	-0.000153
438.519500	-0.006256
438.519600	-0.003052
438.519700	-0.017395
438.519800	-0.015869
438.519900	-0.023346
438.520000	-0.030975
438.520100	-0.030823
438.520200	-0.038605
438.520300	-0.041351
438.520400	-0.051880
438.520500	-0.049591
438.520600	-0.054474
438.520700	-0.061340
438.520800	-0.067291
438.520900	-0.060425
438.521000	-0.056763
438.521100	-0.049438
438.521200	-0.038452
438.521300	-0.031433
438.521400	-0.023804
438.521500	-0.022583
438.521600	-0.004883
438.521700	0.000153
438.521800	0.009003
438.521900	0.003815
438.522000	-0.001678
438.522100	-0.013123
438.522200	-0.017853
438.522300	-0.023651
438.522400	-0.038605
438.522500	-0.044250
438.522600	-0.051117
438.522700	-0.054321
438.522800	-0.056915
438.522900	-0.070190
438.523000	-0.059814
438.523100	-0.051422
438.523200	-0.038147
438.523300	-0.024109
438.523400	-0.023193
438.523500	-0.010986
438.523600	0.014954
438.523700	0.100250
438.523800	0.375671
438.523900	0.908508
438.524000	1.780090
438.524100	3.074493
438.524200	4.389801
438.524300	4.929810
438.524400	4.942322
438.524500	4.833069
438.524600	4.519653
438.524700	3.444519
438.524800	1.656799
438.524900	-0.208588
438.525000	-2.103271
438.525100	-3.863220
438.525200	-4.959259
438.525300	-5.000000
438.525400	-5.000000
438.525500	-4.805908
438.525600	-4.279785
438.525700	-3.244934
438.525800	-2.098694
438.525900	-1.231079
438.526000	-0.553436
438.526100	-0.231171
438.526200	-0.099335
438.526300	-0.038300
438.526400	0.048370
438.526500	0.241699
438.526600	0.611420
438.526700	1.213684
438.526800	2.031708
438.526900	2.916870
438.527000	3.529053
438.527100	3.770447
438.527200	3.788605
438.527300	3.636627
438.527400	3.202515
438.527500	2.281189
438.527600	0.872803
438.527700	-0.543823
438.527800	-1.854095
438.527900	-2.758331
438.528000	-3.449402
