426.186500	0.153046
426.186600	0.142670
426.186700	0.129395
426.186800	0.111542
426.186900	0.094604
426.187000	0.071564
426.187100	0.063019
426.187200	0.057373
426.187300	0.058899
426.187400	0.069122
426.187500	0.071869
426.187600	0.083771
426.187700	0.086975
426.187800	0.094299
426.187900	0.103302
426.188000	0.107880
426.188100	0.102081
426.188200	0.096130
426.188300	0.093689
426.188400	0.090332
426.188500	0.087891
426.188600	0.090637
426.188700	0.090027
426.188800	0.089264
426.188900	0.084686
426.189000	0.089874
426.189100	0.087128
426.189200	0.095520
426.189300	0.093842
426.189400	0.096283
426.189500	0.094452
426.189600	0.086670
426.189700	0.090332
426.189800	0.086975
426.189900	0.085754
426.190000	0.077515
426.190100	0.079041
426.190200	0.076447
426.190300	0.075684
426.190400	0.069733
426.190500	0.070496
426.190600	0.068054
426.190700	0.064087
426.190800	0.067139
426.190900	0.060730
426.191000	0.064392
426.191100	0.065460
426.191200	0.068207
426.191300	0.068665
426.191400	0.072937
426.191500	0.077057
426.191600	0.082703
426.191700	0.096588
426.191800	0.139313
426.191900	0.199890
426.192000	0.307770
426.192100	0.422974
426.192200	0.535431
426.192300	0.632629
426.192400	0.687866
426.192500	0.685425
426.192600	0.632324
426.192700	0.532074
426.192800	0.384216
426.192900	0.220795
426.193000	0.083618
426.193100	0.023651
426.193200	0.063324
426.193300	0.183258
426.193400	0.305939
426.193500	0.384064
426.193600	0.437012
426.193700	0.445709
426.193800	0.371704
426.193900	0.182190
426.194000	-0.078430
426.194100	-0.382233
426.194200	-0.663910
426.194300	-0.888367
426.194400	-1.013947
426.194500	-1.045685
426.194600	-0.985718
426.194700	-0.860901
426.194800	-0.659943
426.194900	-0.438080
426.195000	-0.239105
426.195100	-0.100098
426.195200	-0.020905
426.195300	0.014648
426.195400	0.041656
426.195500	0.052185
426.195600	0.050964
426.195700	0.050964
426.195800	0.054169
426.195900	0.045624
426.196000	0.046234
426.196100	0.043945
426.196200	0.040894
426.196300	0.036316
426.196400	0.029907
426.196500	0.040283
426.196600	0.048523
426.196700	0.059662
426.196800	0.065765
426.196900	0.072784
426.197000	0.071869
426.197100	0.073395
426.197200	0.084076
426.197300	0.091553
426.197400	0.083923
426.197500	0.077820
426.197600	0.083618
426.197700	0.079498
426.197800	0.080719
426.197900	0.081177
426.198000	0.078735
426.198100	0.074463
426.198200	0.076904
426.198300	0.075378
426.198400	0.078735
426.198500	0.094147
426.198600	0.110321
426.198700	0.128632
426.198800	0.141144
426.198900	0.144196
426.199000	0.131226
426.199100	0.114746
426.199200	0.108643
426.199300	0.093384
426.199400	0.078125
426.199500	0.063629
426.199600	0.044708
426.199700	0.028381
426.199800	0.023804
426.199900	0.020752
426.200000	0.016327
426.200100	0.019989
426.200200	0.020752
426.200300	0.028992
426.200400	0.045624
426.200500	0.068207
426.200600	0.083771
426.200700	0.085602
426.200800	0.085144
426.200900	0.086823
426.201000	0.078430
426.201100	0.065460
426.201200	0.054474
426.201300	0.041504
426.201400	0.030518
426.201500	0.032959
426.201600	0.053711
426.201700	0.113831
426.201800	0.225830
426.201900	0.400696
426.202000	0.630493
426.202100	0.873871
426.202200	1.081085
426.202300	1.218262
426.202400	1.267700
426.202500	1.233826
426.202600	1.114655
426.202700	0.882111
426.202800	0.562439
426.202900	0.202026
426.203000	-0.166931
426.203100	-0.518188
426.203200	-0.818329
426.203300	-1.077728
426.203400	-1.176300
426.203500	-1.285858
426.203600	-1.234589
426.203700	-1.188660
426.203800	-0.949097
426.203900	-0.725250
426.204000	-0.504913
426.204100	-0.300751
426.204200	-0.142517
426.204300	-0.047913
426.204400	0.007935
426.204500	0.021515
426.204600	0.029449
426.204700	0.018921
426.204800	0.008698
426.204900	0.007019
426.205000	0.004883
426.205100	0.017395
426.205200	0.016327
426.205300	0.024872
426.205400	0.042572
426.205500	0.054932
426.205600	0.062103
426.205700	0.069580
426.205800	0.063171
426.205900	0.066986
426.206000	0.072021
426.206100	0.071564
426.206200	0.074005
426.206300	0.086365
426.206400	0.119476
426.206500	0.177612
426.206600	0.251465
426.206700	0.327454
426.206800	0.354309
426.206900	0.357513
426.207000	0.339050
426.207100	0.302429
426.207200	0.223236
426.207300	0.115356
426.207400	0.005646
426.207500	-0.085602
426.207600	-0.133362
426.207700	-0.153046
426.207800	-0.121918
426.207900	-0.062866
426.208000	0.024109
426.208100	0.121918
426.208200	0.205078
426.208300	0.243378
426.208400	0.253143
426.208500	0.212860
426.208600	0.143738
426.208700	0.049591
426.208800	-0.051727
426.208900	-0.136261
426.209000	-0.182953
426.209100	-0.212250
426.209200	-0.221863
426.209300	-0.210419
426.209400	-0.170441
426.209500	-0.131378
426.209600	-0.097656
426.209700	-0.069122
426.209800	-0.038910
426.209900	-0.017700
426.210000	0.007629
426.210100	0.019073
426.210200	0.024567
426.210300	0.027618
426.210400	0.037231
426.210500	0.040588
426.210600	0.046082
426.210700	0.047913
426.210800	0.041504
426.210900	0.039978
426.211000	0.043488
426.211100	0.041656
426.211200	0.043030
426.211300	0.042877
426.211400	0.049591
426.211500	0.054474
426.211600	0.053711
426.211700	0.064392
426.211800	0.064545
426.211900	0.065155
426.212000	0.069580
426.212100	0.078583
426.212200	0.092621
426.212300	0.126495
426.212400	0.150909
426.212500	0.187531
426.212600	0.189209
426.212700	0.171967
426.212800	0.169220
426.212900	0.184479
426.213000	0.251007
426.213100	0.417023
426.213200	0.679779
426.213300	1.029663
426.213400	1.394958
426.213500	1.663513
426.213600	1.783752
426.213700	1.751404
426.213800	1.550293
426.213900	1.174927
426.214000	0.665741
426.214100	0.079803
426.214200	-0.498505
426.214300	-0.968323
426.214400	-1.306458
426.214500	-1.450806
426.214600	-1.384735
426.214700	-1.219635
426.214800	-1.015778
426.214900	-0.721588
426.215000	-0.439148
426.215100	-0.253601
426.215200	-0.234375
426.215300	-0.359039
426.215400	-0.548096
426.215500	-0.725098
426.215600	-0.830994
426.215700	-0.867462
426.215800	-0.829926
426.215900	-0.731201
426.216000	-0.570374
426.216100	-0.378418
426.216200	-0.180511
426.216300	-0.038452
426.216400	0.044250
426.216500	0.084686
426.216600	0.092010
426.216700	0.084839
426.216800	0.071106
426.216900	0.054016
426.217000	0.047607
426.217100	0.050201
426.217200	0.053253
426.217300	0.057983
426.217400	0.061798
426.217500	0.077515
426.217600	0.092316
426.217700	0.099487
426.217800	0.105438
426.217900	0.116730
426.218000	0.122986
426.218100	0.125580
426.218200	0.123596
426.218300	0.124664
426.218400	0.123596
426.218500	0.114746
426.218600	0.099792
426.218700	0.079803
426.218800	0.079346
426.218900	0.072327
426.219000	0.066528
426.219100	0.061951
426.219200	0.054779
426.219300	0.060272
426.219400	0.052032
426.219500	0.056000
426.219600	0.057526
426.219700	0.063324
426.219800	0.076447
426.219900	0.094910
426.220000	0.151672
426.220100	0.232391
426.220200	0.367584
426.220300	0.509796
426.220400	0.595398
426.220500	0.624084
426.220600	0.626068
426.220700	0.581360
426.220800	0.474091
426.220900	0.284424
426.221000	0.056152
426.221100	-0.180206
426.221200	-0.367126
426.221300	-0.462646
426.221400	-0.483093
426.221500	-0.454712
426.221600	-0.388184
426.221700	-0.249786
426.221800	-0.044556
426.221900	0.177460
426.222000	0.396881
426.222100	0.547791
426.222200	0.627747
426.222300	0.653534
426.222400	0.615234
426.222500	0.473633
426.222600	0.248871
426.222700	-0.006256
426.222800	-0.278473
426.222900	-0.511322
426.223000	-0.654907
426.223100	-0.721741
426.223200	-0.719604
426.223300	-0.672607
426.223400	-0.550842
426.223500	-0.370026
426.223600	-0.188293
426.223700	-0.055847
426.223800	0.032501
426.223900	0.068512
426.224000	0.080719
426.224100	0.082550
426.224200	0.088501
426.224300	0.085754
426.224400	0.086517
426.224500	0.082397
426.224600	0.079651
426.224700	0.081329
426.224800	0.080261
426.224900	0.076447
426.225000	0.084686
426.225100	0.087585
426.225200	0.093536
426.225300	0.105743
426.225400	0.109863
426.225500	0.121002
426.225600	0.121918
426.225700	0.113983
426.225800	0.097351
426.225900	0.075073
426.226000	0.054016
426.226100	0.029144
426.226200	0.021057
426.226300	0.017395
426.226400	0.012360
426.226500	0.009155
426.226600	0.013275
426.226700	0.028381
426.226800	0.044556
426.226900	0.054169
426.227000	0.055847
426.227100	0.057526
426.227200	0.055237
426.227300	0.058746
426.227400	0.071869
426.227500	0.084991
426.227600	0.115356
426.227700	0.159302
426.227800	0.236511
426.227900	0.337830
426.228000	0.425873
426.228100	0.480652
426.228200	0.490265
426.228300	0.460052
426.228400	0.404968
426.228500	0.328217
426.228600	0.233612
426.228700	0.126648
426.228800	0.014496
426.228900	-0.098877
426.229000	-0.207062
426.229100	-0.292969
426.229200	-0.343018
426.229300	-0.387573
426.229400	-0.407257
426.229500	-0.384521
426.229600	-0.327148
426.229700	-0.237732
426.229800	-0.140991
426.229900	-0.055847
426.230000	0.013123
426.230100	0.053711
426.230200	0.075226
426.230300	0.074921
426.230400	0.070953
426.230500	0.064392
426.230600	0.053253
426.230700	0.042572
426.230800	0.043182
426.230900	0.035553
426.231000	0.034790
426.231100	0.029602
426.231200	0.034027
426.231300	0.041199
426.231400	0.043182
426.231500	0.042419
426.231600	0.045624
426.231700	0.046387
426.231800	0.046844
426.231900	0.049438
426.232000	0.058746
426.232100	0.077362
426.232200	0.129395
426.232300	0.221405
426.232400	0.384827
426.232500	0.614929
426.232600	0.953827
426.232700	1.391754
426.232800	1.756287
426.232900	1.857300
426.233000	1.808777
426.233100	1.756897
426.233200	1.744843
426.233300	1.707306
426.233400	1.489563
426.233500	1.108704
426.233600	0.716095
426.233700	0.309753
426.233800	-0.176544
426.233900	-0.680695
426.234000	-1.097717
426.234100	-1.364594
426.234200	-1.537323
426.234300	-1.737976
426.234400	-1.971588
426.234500	-2.153015
426.234600	-2.106781
426.234700	-1.848450
426.234800	-1.527405
426.234900	-1.232605
426.235000	-0.926819
426.235100	-0.644684
426.235200	-0.399170
426.235300	-0.190735
426.235400	-0.008850
426.235500	0.134583
426.235600	0.263367
426.235700	0.393219
426.235800	0.513000
426.235900	0.579071
426.236000	0.567017
426.236100	0.517426
426.236200	0.445099
426.236300	0.367432
426.236400	0.271149
426.236500	0.170441
426.236600	0.058136
426.236700	-0.046997
426.236800	-0.151367
426.236900	-0.237122
426.237000	-0.313263
426.237100	-0.366211
426.237200	-0.407867
426.237300	-0.411682
426.237400	-0.368652
426.237500	-0.258026
426.237600	-0.141754
426.237700	-0.045166
426.237800	0.029907
426.237900	0.063171
426.238000	0.068817
426.238100	0.067749
426.238200	0.066223
426.238300	0.058746
426.238400	0.062561
426.238500	0.056000
426.238600	0.061188
426.238700	0.061951
426.238800	0.061493
426.238900	0.060120
426.239000	0.062561
426.239100	0.063171
426.239200	0.058899
426.239300	0.066376
426.239400	0.066071
426.239500	0.070953
426.239600	0.075684
426.239700	0.084991
426.239800	0.084991
426.239900	0.085602
426.240000	0.082855
