91.952900	-0.626984
91.953000	-0.615082
91.953100	-0.597992
91.953200	-0.555115
91.953300	-0.488281
91.953400	-0.395050
91.953500	-0.278015
91.953600	-0.165100
91.953700	-0.032349
91.953800	0.100098
91.953900	0.220337
91.954000	0.358582
91.954100	0.480957
91.954200	0.579071
91.954300	0.650635
91.954400	0.689240
91.954500	0.695343
91.954600	0.664062
91.954700	0.630951
91.954800	0.585175
91.954900	0.534668
91.955000	0.478516
91.955100	0.422363
91.955200	0.351715
91.955300	0.290680
91.955400	0.215759
91.955500	0.150146
91.955600	0.071716
91.955700	0.003510
91.955800	-0.074921
91.955900	-0.152435
91.956000	-0.216370
91.956100	-0.280304
91.956200	-0.342255
91.956300	-0.399170
91.956400	-0.450439
91.956500	-0.491486
91.956600	-0.533142
91.956700	-0.571594
91.956800	-0.598145
91.956900	-0.628510
91.957000	-0.648041
91.957100	-0.666962
91.957200	-0.673828
91.957300	-0.674591
91.957400	-0.664062
91.957500	-0.616455
91.957600	-0.560303
91.957700	-0.485535
91.957800	-0.408173
91.957900	-0.331573
91.958000	-0.260925
91.958100	-0.195770
91.958200	-0.141754
91.958300	-0.090179
91.958400	-0.057068
91.958500	-0.027313
91.958600	-0.003510
91.958700	0.014954
91.958800	0.026093
91.958900	0.033112
91.959000	0.037231
91.959100	0.046692
91.959200	0.057831
91.959300	0.080719
91.959400	0.095825
91.959500	0.132599
91.959600	0.175171
91.959700	0.230865
91.959800	0.306854
91.959900	0.383301
91.960000	0.486603
91.960100	0.592957
91.960200	0.713196
91.960300	0.830688
91.960400	0.947266
91.960500	1.043091
91.960600	1.118164
91.960700	1.169586
91.960800	1.188507
91.960900	1.194611
91.961000	1.183319
91.961100	1.158447
91.961200	1.125031
91.961300	1.082916
91.961400	1.020355
91.961500	0.942078
91.961600	0.833435
91.961700	0.703125
91.961800	0.545959
91.961900	0.384216
91.962000	0.216370
91.962100	0.046387
91.962200	-0.111389
91.962300	-0.255127
91.962400	-0.400696
91.962500	-0.553894
91.962600	-0.710907
91.962700	-0.868530
91.962800	-1.007996
91.962900	-1.132355
91.963000	-1.170502
91.963100	-1.316681
91.963200	-1.360016
91.963300	-1.371460
91.963400	-1.363525
91.963500	-1.331482
91.963600	-1.284485
91.963700	-1.233521
91.963800	-1.205444
91.963900	-1.095734
91.964000	-1.014404
91.964100	-0.912781
91.964200	-0.807495
91.964300	-0.687408
91.964400	-0.556030
91.964500	-0.435638
91.964600	-0.305634
91.964700	-0.185699
91.964800	-0.086670
91.964900	0.007324
91.965000	0.080414
91.965100	0.144806
91.965200	0.193024
91.965300	0.229340
91.965400	0.254364
91.965500	0.280609
91.965600	0.291443
91.965700	0.298767
91.965800	0.287933
91.965900	0.292053
91.966000	0.283203
91.966100	0.263367
91.966200	0.246124
91.966300	0.224915
91.966400	0.202332
91.966500	0.179138
91.966600	0.153198
91.966700	0.125580
91.966800	0.081177
91.966900	0.043488
91.967000	0.007782
91.967100	-0.032043
91.967200	-0.068512
91.967300	-0.096741
91.967400	-0.126953
91.967500	-0.149078
91.967600	-0.176239
91.967700	-0.196533
91.967800	-0.220490
91.967900	-0.246735
91.968000	-0.266418
91.968100	-0.276947
91.968200	-0.280457
91.968300	-0.279541
91.968400	-0.266418
91.968500	-0.261078
91.968600	-0.241394
91.968700	-0.229034
91.968800	-0.209961
91.968900	-0.203552
91.969000	-0.193787
91.969100	-0.182190
91.969200	-0.170898
91.969300	-0.151062
91.969400	-0.123444
91.969500	-0.101013
91.969600	-0.072479
91.969700	-0.042267
91.969800	-0.025482
91.969900	-0.010376
91.970000	0.018311
91.970100	0.031281
91.970200	0.051270
91.970300	0.062103
91.970400	0.076599
91.970500	0.089264
91.970600	0.099335
91.970700	0.117187
91.970800	0.121307
91.970900	0.123749
91.971000	0.131989
91.971100	0.126495
91.971200	0.122223
91.971300	0.120392
91.971400	0.118408
91.971500	0.110168
91.971600	0.096130
91.971700	0.082703
91.971800	0.070190
91.971900	0.052795
91.972000	0.036621
91.972100	0.022125
91.972200	0.010223
91.972300	-0.013123
91.972400	-0.033112
91.972500	-0.043488
91.972600	-0.056000
91.972700	-0.062866
91.972800	-0.070496
91.972900	-0.077515
91.973000	-0.078125
91.973100	-0.080414
91.973200	-0.074005
91.973300	-0.067749
91.973400	-0.054321
91.973500	-0.036621
91.973600	-0.017853
91.973700	-0.005493
91.973800	0.000305
91.973900	0.017853
91.974000	0.021515
91.974100	0.033417
91.974200	0.044708
91.974300	0.048218
91.974400	0.050354
91.974500	0.061646
91.974600	0.065308
91.974700	0.060425
91.974800	0.067291
91.974900	0.063171
91.975000	0.063629
91.975100	0.062561
91.975200	0.057831
91.975300	0.053711
91.975400	0.054779
91.975500	0.052490
91.975600	0.053558
91.975700	0.045319
91.975800	0.042419
91.975900	0.036316
91.976000	0.032043
91.976100	0.027161
91.976200	0.021362
91.976300	0.018616
91.976400	0.012817
91.976500	0.007019
91.976600	0.002594
91.976700	0.003510
91.976800	-0.008850
91.976900	-0.010834
91.977000	-0.016632
91.977100	-0.022278
91.977200	-0.025787
91.977300	-0.026245
91.977400	-0.030823
91.977500	-0.032501
91.977600	-0.038300
91.977700	-0.043030
91.977800	-0.041504
91.977900	-0.050964
91.978000	-0.053253
91.978100	-0.055389
91.978200	-0.059204
91.978300	-0.070038
91.978400	-0.069427
91.978500	-0.062714
91.978600	-0.064087
91.978700	-0.064545
91.978800	-0.061798
91.978900	-0.058289
91.979000	-0.051117
91.979100	-0.050812
91.979200	-0.054169
91.979300	-0.050354
91.979400	-0.050964
91.979500	-0.051727
91.979600	-0.045624
91.979700	-0.042114
91.979800	-0.034790
91.979900	-0.034485
91.980000	-0.025940
91.980100	-0.023956
91.980200	-0.018921
91.980300	-0.012665
91.980400	-0.010223
91.980500	-0.007172
91.980600	-0.004883
91.980700	-0.000610
91.980800	0.000000
91.980900	0.004425
91.981000	-0.001831
91.981100	-0.006866
91.981200	-0.003967
91.981300	-0.004272
91.981400	-0.000153
91.981500	-0.009003
91.981600	-0.008545
91.981700	-0.008698
91.981800	-0.011444
91.981900	-0.018158
91.982000	-0.019531
91.982100	-0.018311
91.982200	-0.018311
91.982300	-0.011597
91.982400	-0.012512
91.982500	-0.009766
91.982600	-0.000458
91.982700	0.009308
91.982800	0.011139
91.982900	0.021515
91.983000	0.037537
91.983100	0.052185
91.983200	0.072327
91.983300	0.090485
91.983400	0.103149
91.983500	0.112000
91.983600	0.124512
91.983700	0.130768
91.983800	0.135040
91.983900	0.134888
91.984000	0.127258
91.984100	0.118561
91.984200	0.110779
91.984300	0.093536
91.984400	0.068512
91.984500	0.048676
91.984600	0.016327
91.984700	-0.011139
91.984800	-0.040436
91.984900	-0.063019
91.985000	-0.090332
91.985100	-0.115967
91.985200	-0.135193
91.985300	-0.149231
91.985400	-0.166473
91.985500	-0.172729
91.985600	-0.179749
91.985700	-0.181274
91.985800	-0.173035
91.985900	-0.169830
91.986000	-0.158844
91.986100	-0.149231
91.986200	-0.144043
91.986300	-0.127869
91.986400	-0.113373
91.986500	-0.098267
91.986600	-0.082397
91.986700	-0.070038
91.986800	-0.046539
91.986900	-0.031128
91.987000	-0.012665
91.987100	0.005493
91.987200	0.036163
91.987300	0.073242
91.987400	0.116882
91.987500	0.163879
91.987600	0.229645
91.987700	0.303040
91.987800	0.392151
91.987900	0.506439
91.988000	0.633087
91.988100	0.787354
91.988200	0.949402
91.988300	1.107025
91.988400	1.224365
91.988500	1.281738
91.988600	1.288910
91.988700	1.252747
91.988800	1.225128
91.988900	1.190796
91.989000	1.158905
91.989100	1.137695
91.989200	1.118011
91.989300	1.095428
91.989400	1.035614
91.989500	0.934601
91.989600	0.783997
91.989700	0.589752
91.989800	0.393677
91.989900	0.218964
91.990000	0.071106
91.990100	-0.024719
91.990200	-0.082397
91.990300	-0.109253
91.990400	-0.100708
91.990500	-0.046692
91.990600	0.066528
91.990700	0.258942
91.990800	0.549622
91.990900	0.919495
91.991000	1.325073
91.991100	1.704712
91.991200	2.004395
91.991300	2.195129
91.991400	2.306519
91.991500	2.348633
91.991600	2.353210
91.991700	2.330017
91.991800	2.281036
91.991900	2.201538
91.992000	2.088623
91.992100	1.887817
91.992200	1.588135
91.992300	1.168976
91.992400	0.673370
91.992500	0.163269
91.992600	-0.329437
91.992700	-0.836487
91.992800	-1.419983
91.992900	-1.985626
91.993000	-2.523041
91.993100	-3.040619
91.993200	-3.495789
91.993300	-3.863525
91.993400	-4.113770
91.993500	-4.236908
91.993600	-4.270325
91.993700	-4.215851
91.993800	-4.120636
91.993900	-3.993073
91.994000	-3.845520
91.994100	-3.671875
91.994200	-3.459167
91.994300	-3.192291
91.994400	-2.872467
91.994500	-2.496796
91.994600	-2.091980
91.994700	-1.674805
91.994800	-1.310577
91.994900	-0.988312
91.995000	-0.702972
91.995100	-0.502014
91.995200	-0.336456
91.995300	-0.216064
91.995400	-0.120239
91.995500	-0.056152
91.995600	-0.012512
91.995700	0.028687
91.995800	0.047607
91.995900	0.071564
91.996000	0.090942
91.996100	0.103760
91.996200	0.121307
91.996300	0.139923
91.996400	0.145569
91.996500	0.151825
91.996600	0.160828
91.996700	0.162354
91.996800	0.162659
91.996900	0.163727
91.997000	0.165863
91.997100	0.164185
91.997200	0.166168
91.997300	0.165863
91.997400	0.169525
91.997500	0.175476
91.997600	0.190277
91.997700	0.216522
91.997800	0.243988
91.997900	0.279083
91.998000	0.338745
91.998100	0.406494
91.998200	0.490265
91.998300	0.583954
91.998400	0.720673
91.998500	0.866241
91.998600	1.011353
91.998700	1.157684
91.998800	1.254883
91.998900	1.310425
91.999000	1.330719
91.999100	1.335602
91.999200	1.329803
91.999300	1.329041
91.999400	1.334229
91.999500	1.328735
91.999600	1.303711
91.999700	1.231232
91.999800	1.107635
91.999900	0.911102
92.000000	0.668182
92.000100	0.408020
92.000200	0.147247
92.000300	-0.103607
92.000400	-0.330353
92.000500	-0.579529
92.000600	-0.819855
92.000700	-1.042633
92.000800	-1.180420
92.000900	-1.366272
92.001000	-1.409912
92.001100	-1.402893
92.001200	-1.356659
92.001300	-1.287079
92.001400	-1.220398
92.001500	-1.208954
92.001600	-1.028900
92.001700	-0.911713
92.001800	-0.752563
92.001900	-0.545197
92.002000	-0.317841
92.002100	-0.057373
92.002200	0.206604
92.002300	0.450134
92.002400	0.653534
92.002500	0.816040
92.002600	0.935822
92.002700	1.021271
92.002800	1.069336
92.002900	1.086578
92.003000	1.069031
92.003100	1.038208
92.003200	0.973053
92.003300	0.873718
92.003400	0.753479
92.003500	0.608368
92.003600	0.448303
92.003700	0.284424
92.003800	0.128021
92.003900	-0.029602
92.004000	-0.172272
92.004100	-0.317841
92.004200	-0.456238
92.004300	-0.601807
92.004400	-0.741119
92.004500	-0.857544
92.004600	-0.966644
92.004700	-1.045380
92.004800	-1.101685
92.004900	-1.129608
92.005000	-1.137543
92.005100	-1.116638
92.005200	-1.083069
92.005300	-1.037598
92.005400	-0.979919
92.005500	-0.919342
92.005600	-0.836182
92.005700	-0.743408
92.005800	-0.644836
92.005900	-0.547028
92.006000	-0.440216
92.006100	-0.346832
92.006200	-0.258789
92.006300	-0.177002
92.006400	-0.106506
