190.717700	0.024109
190.717800	0.036926
190.717900	0.043945
190.718000	0.052795
190.718100	0.050049
190.718200	0.053558
190.718300	0.049896
190.718400	0.054932
190.718500	0.052185
190.718600	0.048523
190.718700	0.045319
190.718800	0.046844
190.718900	0.047760
190.719000	0.039520
190.719100	0.030365
190.719200	0.032349
190.719300	0.028687
190.719400	0.024719
190.719500	0.022278
190.719600	0.025177
190.719700	0.025635
190.719800	0.025635
190.719900	0.027313
190.720000	0.025635
190.720100	0.025177
190.720200	0.028076
190.720300	0.028687
190.720400	0.024414
190.720500	0.025177
190.720600	0.027466
190.720700	0.034027
190.720800	0.037994
190.720900	0.036316
190.721000	0.030975
190.721100	0.036011
190.721200	0.038757
190.721300	0.039673
190.721400	0.040283
190.721500	0.039825
190.721600	0.057068
190.721700	0.105133
190.721800	0.195312
190.721900	0.330658
190.722000	0.485687
190.722100	0.606842
190.722200	0.658875
190.722300	0.692139
190.722400	0.733490
190.722500	0.767517
190.722600	0.780640
190.722700	0.743408
190.722800	0.660400
190.722900	0.544586
190.723000	0.438995
190.723100	0.312500
190.723200	0.154114
190.723300	-0.030365
190.723400	-0.180511
190.723500	-0.325470
190.723600	-0.501099
190.723700	-0.676270
190.723800	-0.828552
190.723900	-0.937805
190.724000	-0.994720
190.724100	-1.002197
190.724200	-0.948486
190.724300	-0.832367
190.724400	-0.687561
190.724500	-0.526581
190.724600	-0.365601
190.724700	-0.216522
190.724800	-0.106506
190.724900	-0.027466
190.725000	0.012360
190.725100	0.039825
190.725200	0.049591
190.725300	0.050201
190.725400	0.056458
190.725500	0.054169
190.725600	0.050049
190.725700	0.050354
190.725800	0.048828
190.725900	0.041809
190.726000	0.040283
190.726100	0.042267
190.726200	0.041199
190.726300	0.046082
190.726400	0.044250
190.726500	0.045471
190.726600	0.048981
190.726700	0.041809
190.726800	0.039978
190.726900	0.043793
190.727000	0.040894
190.727100	0.039978
190.727200	0.044250
190.727300	0.047913
190.727400	0.052490
190.727500	0.048370
190.727600	0.054474
190.727700	0.057678
190.727800	0.049896
190.727900	0.050812
190.728000	0.046082
190.728100	0.039673
190.728200	0.034790
190.728300	0.037384
190.728400	0.033569
190.728500	0.027161
190.728600	0.025940
190.728700	0.034485
190.728800	0.032959
190.728900	0.034790
190.729000	0.034180
190.729100	0.042572
190.729200	0.043793
190.729300	0.042267
190.729400	0.043640
190.729500	0.046082
190.729600	0.050964
190.729700	0.073547
190.729800	0.117950
190.729900	0.181427
190.730000	0.280457
190.730100	0.401154
190.730200	0.522766
190.730300	0.579834
190.730400	0.557709
190.730500	0.503998
190.730600	0.422058
190.730700	0.333862
190.730800	0.240936
190.730900	0.144196
190.731000	0.037689
190.731100	-0.059357
190.731200	-0.161743
190.731300	-0.258484
190.731400	-0.346222
190.731500	-0.424652
190.731600	-0.497131
190.731700	-0.545807
190.731800	-0.545807
190.731900	-0.470581
190.732000	-0.353241
190.732100	-0.238647
190.732200	-0.141907
190.732300	-0.068817
190.732400	-0.029144
190.732500	0.000763
190.732600	0.017090
190.732700	0.030823
190.732800	0.034027
190.732900	0.036011
190.733000	0.030518
190.733100	0.039368
190.733200	0.043945
190.733300	0.045624
190.733400	0.042114
190.733500	0.043793
190.733600	0.046082
190.733700	0.044403
190.733800	0.040131
190.733900	0.045166
190.734000	0.044250
190.734100	0.039215
190.734200	0.041962
190.734300	0.036163
190.734400	0.039978
190.734500	0.038757
190.734600	0.037231
190.734700	0.037079
190.734800	0.041351
190.734900	0.037537
190.735000	0.036774
190.735100	0.041656
190.735200	0.032959
190.735300	0.030518
190.735400	0.034027
190.735500	0.031281
190.735600	0.032196
190.735700	0.042572
190.735800	0.042725
190.735900	0.065155
190.736000	0.073242
190.736100	0.081482
190.736200	0.080872
190.736300	0.084076
190.736400	0.080719
190.736500	0.065155
190.736600	0.051575
190.736700	0.033569
190.736800	0.016479
190.736900	0.002747
190.737000	0.000153
190.737100	-0.006409
190.737200	-0.005341
190.737300	-0.001526
190.737400	0.008240
190.737500	0.026855
190.737600	0.031281
190.737700	0.037384
190.737800	0.041809
190.737900	0.043030
190.738000	0.044250
190.738100	0.042267
190.738200	0.036011
190.738300	0.036774
190.738400	0.037231
190.738500	0.030060
190.738600	0.027618
190.738700	0.026855
190.738800	0.014954
190.738900	0.013885
190.739000	0.020599
190.739100	0.022888
190.739200	0.021362
190.739300	0.029755
190.739400	0.033417
190.739500	0.035095
190.739600	0.043640
190.739700	0.032501
190.739800	0.032196
190.739900	0.039978
190.740000	0.036469
190.740100	0.040436
190.740200	0.051727
190.740300	0.079956
190.740400	0.194092
190.740500	0.399628
190.740600	0.720215
190.740700	1.187134
190.740800	1.720276
190.740900	2.006073
190.741000	1.985474
190.741100	1.844025
190.741200	1.663666
190.741300	1.415863
190.741400	1.041107
190.741500	0.523834
190.741600	-0.048828
190.741700	-0.603943
190.741800	-1.028290
190.741900	-1.348877
190.742000	-1.564789
190.742100	-1.733246
190.742200	-1.897736
190.742300	-1.946259
190.742400	-1.691742
190.742500	-1.261292
190.742600	-0.834808
190.742700	-0.482635
190.742800	-0.234833
190.742900	-0.094910
190.743000	-0.029602
190.743100	-0.005341
190.743200	0.013428
190.743300	0.015259
190.743400	0.021362
190.743500	0.024567
190.743600	0.027008
190.743700	0.031738
190.743800	0.034027
190.743900	0.036774
190.744000	0.042877
190.744100	0.037842
190.744200	0.036316
190.744300	0.037689
190.744400	0.040283
190.744500	0.052948
190.744600	0.060272
190.744700	0.071564
190.744800	0.074768
190.744900	0.071869
190.745000	0.071716
190.745100	0.073090
190.745200	0.068970
190.745300	0.050659
190.745400	0.026855
190.745500	0.008240
190.745600	-0.012817
190.745700	-0.017548
190.745800	-0.023499
190.745900	-0.023041
190.746000	-0.020447
190.746100	-0.011292
190.746200	0.010834
190.746300	0.020599
190.746400	0.029144
190.746500	0.039673
190.746600	0.038910
190.746700	0.044250
190.746800	0.042877
190.746900	0.042419
190.747000	0.038910
190.747100	0.036774
190.747200	0.031433
190.747300	0.024414
190.747400	0.031738
190.747500	0.025635
190.747600	0.035706
190.747700	0.036011
190.747800	0.034485
190.747900	0.039520
190.748000	0.030518
190.748100	0.032196
190.748200	0.023346
190.748300	0.022125
190.748400	0.017395
190.748500	0.020905
190.748600	0.021973
190.748700	0.016785
190.748800	0.013733
190.748900	0.014648
190.749000	0.004730
190.749100	0.006866
190.749200	0.000305
190.749300	-0.002136
190.749400	-0.006714
190.749500	-0.003357
190.749600	0.001678
190.749700	0.002441
190.749800	0.009460
190.749900	0.013733
190.750000	0.018005
190.750100	0.020447
190.750200	0.019379
190.750300	0.032501
190.750400	0.046539
190.750500	0.061798
190.750600	0.075989
190.750700	0.098877
190.750800	0.103455
190.750900	0.116425
190.751000	0.109406
190.751100	0.096130
190.751200	0.081787
190.751300	0.054932
190.751400	0.034027
190.751500	-0.001678
190.751600	-0.027618
190.751700	-0.050201
190.751800	-0.064850
190.751900	-0.067139
190.752000	-0.063629
190.752100	-0.056610
190.752200	-0.044556
190.752300	-0.024109
190.752400	0.002289
190.752500	0.012054
190.752600	0.022430
190.752700	0.030670
190.752800	0.034332
190.752900	0.050201
190.753000	0.109100
190.753100	0.200348
190.753200	0.332336
190.753300	0.517120
190.753400	0.673828
190.753500	0.708313
190.753600	0.686646
190.753700	0.639801
190.753800	0.567780
190.753900	0.438538
190.754000	0.233307
190.754100	-0.034637
190.754200	-0.279388
190.754300	-0.464935
190.754400	-0.579224
190.754500	-0.641785
190.754600	-0.693359
190.754700	-0.728455
190.754800	-0.694427
190.754900	-0.536499
190.755000	-0.354309
190.755100	-0.201569
190.755200	-0.092468
190.755300	-0.016022
190.755400	0.064850
190.755500	0.150604
190.755600	0.268707
190.755700	0.428925
190.755800	0.620270
190.755900	0.725861
190.756000	0.718994
190.756100	0.654907
190.756200	0.572510
190.756300	0.461731
190.756400	0.305176
190.756500	0.119324
190.756600	-0.094147
190.756700	-0.269928
190.756800	-0.384979
190.756900	-0.415497
190.757000	-0.340881
190.757100	-0.169373
190.757200	0.046692
190.757300	0.315399
190.757400	0.584564
190.757500	0.767212
190.757600	0.796204
190.757700	0.645447
190.757800	0.327301
190.757900	-0.063324
190.758000	-0.478516
190.758100	-0.828400
190.758200	-1.078033
190.758300	-1.164398
190.758400	-1.140747
190.758500	-1.020508
190.758600	-0.818634
190.758700	-0.533447
190.758800	-0.291290
190.758900	-0.114594
190.759000	-0.017090
190.759100	0.036316
190.759200	0.059204
190.759300	0.063019
190.759400	0.056305
190.759500	0.062256
190.759600	0.061188
190.759700	0.061646
190.759800	0.057526
190.759900	0.054474
190.760000	0.060425
190.760100	0.058289
190.760200	0.054321
190.760300	0.057526
190.760400	0.053406
190.760500	0.057526
190.760600	0.059204
190.760700	0.060272
190.760800	0.058746
190.760900	0.058746
190.761000	0.052795
190.761100	0.056000
190.761200	0.053711
190.761300	0.052643
190.761400	0.052032
190.761500	0.050201
190.761600	0.049438
190.761700	0.053711
190.761800	0.057373
190.761900	0.052032
190.762000	0.051270
190.762100	0.052948
190.762200	0.053711
190.762300	0.064392
190.762400	0.057831
190.762500	0.051422
190.762600	0.058441
190.762700	0.052032
190.762800	0.050812
190.762900	0.053253
190.763000	0.055695
190.763100	0.055084
190.763200	0.045013
190.763300	0.042572
190.763400	0.038605
190.763500	0.036469
190.763600	0.034943
190.763700	0.037537
190.763800	0.034943
190.763900	0.034332
190.764000	0.034943
190.764100	0.036316
190.764200	0.041809
190.764300	0.040131
190.764400	0.051880
190.764500	0.057373
190.764600	0.055695
190.764700	0.042725
190.764800	0.035095
190.764900	0.028534
190.765000	0.020752
190.765100	0.016022
190.765200	0.016937
190.765300	0.009155
190.765400	0.015106
190.765500	0.017090
190.765600	0.009766
190.765700	0.005646
190.765800	0.010986
190.765900	0.016479
190.766000	0.028381
190.766100	0.027771
190.766200	0.026245
190.766300	0.031891
190.766400	0.039368
190.766500	0.039062
190.766600	0.041962
190.766700	0.038757
190.766800	0.040741
190.766900	0.041809
190.767000	0.038605
190.767100	0.038605
190.767200	0.040436
190.767300	0.035706
190.767400	0.030365
190.767500	0.032043
190.767600	0.030823
190.767700	0.032501
190.767800	0.035706
190.767900	0.031891
190.768000	0.024567
190.768100	0.036011
190.768200	0.036163
190.768300	0.038757
190.768400	0.036469
190.768500	0.044556
190.768600	0.045624
190.768700	0.039978
190.768800	0.042114
190.768900	0.034943
190.769000	0.028076
190.769100	0.030060
190.769200	0.023346
190.769300	0.019073
190.769400	0.018463
190.769500	0.010681
190.769600	0.011597
190.769700	0.012665
190.769800	0.013123
190.769900	0.014954
190.770000	0.019836
190.770100	0.039368
190.770200	0.062408
190.770300	0.083618
190.770400	0.124359
190.770500	0.152130
190.770600	0.178680
190.770700	0.195312
190.770800	0.200348
190.770900	0.172119
190.771000	0.109711
190.771100	0.032043
190.771200	-0.036316
