488.855300	0.008240
488.855400	0.008545
488.855500	0.007172
488.855600	0.009003
488.855700	-0.002441
488.855800	-0.003510
488.855900	-0.009003
488.856000	-0.022583
488.856100	-0.024414
488.856200	-0.033264
488.856300	-0.040283
488.856400	-0.046234
488.856500	-0.044250
488.856600	-0.044403
488.856700	-0.048676
488.856800	-0.038452
488.856900	-0.031433
488.857000	-0.024109
488.857100	-0.025940
488.857200	-0.032196
488.857300	-0.031891
488.857400	-0.031738
488.857500	-0.035858
488.857600	-0.041504
488.857700	-0.043640
488.857800	-0.043030
488.857900	-0.038757
488.858000	-0.042114
488.858100	-0.046082
488.858200	-0.046539
488.858300	-0.040741
488.858400	-0.033112
488.858500	-0.034943
488.858600	-0.032349
488.858700	-0.038300
488.858800	-0.037079
488.858900	-0.019226
488.859000	-0.022736
488.859100	-0.023651
488.859200	-0.020905
488.859300	-0.017853
488.859400	0.008545
488.859500	0.070190
488.859600	0.180054
488.859700	0.399017
488.859800	0.818939
488.859900	1.192169
488.860000	1.250000
488.860100	1.033783
488.860200	0.380096
488.860300	-0.403442
488.860400	-1.065369
488.860500	-1.361847
488.860600	-1.318359
488.860700	-1.184540
488.860800	-0.564423
488.860900	-0.271301
488.861000	-0.137787
488.861100	-0.075531
488.861200	-0.040588
488.861300	-0.012817
488.861400	0.001678
488.861500	0.012207
488.861600	0.016632
488.861700	0.003662
488.861800	-0.011292
488.861900	-0.033264
488.862000	-0.046844
488.862100	-0.048676
488.862200	-0.045624
488.862300	-0.030670
488.862400	-0.022888
488.862500	-0.015564
488.862600	-0.013885
488.862700	-0.014191
488.862800	-0.014038
488.862900	-0.015106
488.863000	-0.016785
488.863100	-0.013885
488.863200	-0.001526
488.863300	0.003204
488.863400	0.003510
488.863500	0.018311
488.863600	0.040283
488.863700	0.038452
488.863800	0.036011
488.863900	0.026855
488.864000	0.008698
488.864100	-0.013580
488.864200	-0.031128
488.864300	-0.040588
488.864400	-0.054321
488.864500	-0.062256
488.864600	-0.048218
488.864700	-0.029907
488.864800	-0.012970
488.864900	0.016785
488.865000	0.059967
488.865100	0.077209
488.865200	0.074615
488.865300	0.045319
488.865400	-0.014801
488.865500	-0.082550
488.865600	-0.135651
488.865700	-0.146484
488.865800	-0.142517
488.865900	-0.119019
488.866000	-0.072937
488.866100	-0.035248
488.866200	-0.020905
488.866300	-0.006714
488.866400	0.009155
488.866500	0.041504
488.866600	0.058899
488.866700	0.051422
488.866800	0.028381
488.866900	-0.018311
488.867000	-0.071716
488.867100	-0.103607
488.867200	-0.121155
488.867300	-0.117645
488.867400	-0.084229
488.867500	-0.044250
488.867600	-0.027008
488.867700	-0.018311
488.867800	-0.015564
488.867900	-0.001831
488.868000	0.008698
488.868100	0.018921
488.868200	0.019073
488.868300	0.015259
488.868400	0.024719
488.868500	0.017548
488.868600	0.005798
488.868700	0.004578
488.868800	-0.003510
488.868900	-0.011749
488.869000	-0.033569
488.869100	-0.052490
488.869200	-0.076599
488.869300	-0.092621
488.869400	-0.085449
488.869500	-0.066528
488.869600	-0.045776
488.869700	-0.035706
488.869800	-0.028992
488.869900	-0.027466
488.870000	-0.024414
488.870100	-0.026245
488.870200	-0.033569
488.870300	-0.038300
488.870400	-0.036163
488.870500	-0.036316
488.870600	-0.035095
488.870700	-0.035706
488.870800	-0.044556
488.870900	-0.035706
488.871000	-0.027466
488.871100	-0.028229
488.871200	-0.026550
488.871300	-0.019531
488.871400	-0.016937
488.871500	-0.010834
488.871600	0.000305
488.871700	0.003052
488.871800	0.003967
488.871900	0.009460
488.872000	-0.009918
488.872100	-0.018616
488.872200	-0.037231
488.872300	-0.054779
488.872400	-0.054321
488.872500	-0.055695
488.872600	-0.056610
488.872700	-0.047913
488.872800	-0.035400
488.872900	-0.034180
488.873000	-0.021973
488.873100	-0.021667
488.873200	-0.026550
488.873300	-0.026245
488.873400	-0.034180
488.873500	-0.023804
488.873600	-0.018768
488.873700	-0.006714
488.873800	0.027161
488.873900	0.072632
488.874000	0.093079
488.874100	0.107422
488.874200	0.112762
488.874300	0.064392
488.874400	-0.015259
488.874500	-0.096130
488.874600	-0.137634
488.874700	-0.143127
488.874800	-0.135040
488.874900	-0.121613
488.875000	-0.082092
488.875100	-0.054016
488.875200	0.008850
488.875300	0.155792
488.875400	0.475311
488.875500	1.000519
488.875600	1.284485
488.875700	1.311340
488.875800	1.208038
488.875900	0.697327
488.876000	-0.015717
488.876100	-0.702362
488.876200	-1.174316
488.876300	-1.394958
488.876400	-1.320343
488.876500	-1.193237
488.876600	-0.656281
488.876700	-0.289764
488.876800	-0.010986
488.876900	0.223083
488.877000	0.514984
488.877100	0.671997
488.877200	0.663147
488.877300	0.563202
488.877400	0.402679
488.877500	0.199890
488.877600	-0.076904
488.877700	-0.342560
488.877800	-0.563965
488.877900	-0.713196
488.878000	-0.778198
488.878100	-0.608368
488.878200	-0.366821
488.878300	-0.180511
488.878400	-0.084534
488.878500	-0.045929
488.878600	-0.039673
488.878700	-0.041199
488.878800	-0.036774
488.878900	-0.028229
488.879000	-0.015411
488.879100	-0.007172
488.879200	-0.001831
488.879300	0.002594
488.879400	0.002441
488.879500	0.000153
488.879600	-0.003357
488.879700	-0.017853
488.879800	-0.023956
488.879900	-0.037231
488.880000	-0.043335
488.880100	-0.040894
488.880200	-0.023804
488.880300	-0.020142
488.880400	-0.009613
488.880500	-0.010834
488.880600	-0.009308
488.880700	-0.006104
488.880800	-0.006714
488.880900	0.000153
488.881000	0.005493
488.881100	0.003204
488.881200	-0.000763
488.881300	0.001831
488.881400	-0.007935
488.881500	-0.017090
488.881600	-0.019226
488.881700	-0.026245
488.881800	-0.031128
488.881900	-0.034027
488.882000	-0.023651
488.882100	-0.019531
488.882200	-0.014038
488.882300	-0.023499
488.882400	-0.016785
488.882500	-0.014038
488.882600	0.001373
488.882700	0.008850
488.882800	0.004120
488.882900	0.001831
488.883000	0.006409
488.883100	-0.002899
488.883200	-0.017700
488.883300	-0.025635
488.883400	-0.034637
488.883500	-0.040131
488.883600	-0.042725
488.883700	-0.054474
488.883800	-0.044556
488.883900	-0.043793
488.884000	-0.043945
488.884100	-0.037079
488.884200	-0.026550
488.884300	-0.026855
488.884400	-0.019226
488.884500	-0.026093
488.884600	-0.021667
488.884700	-0.022736
488.884800	-0.025482
488.884900	-0.022583
488.885000	-0.016632
488.885100	-0.022278
488.885200	-0.016174
488.885300	-0.019073
488.885400	-0.020294
488.885500	-0.022125
488.885600	-0.017090
488.885700	-0.021210
488.885800	-0.021362
488.885900	-0.022736
488.886000	-0.001678
488.886100	0.027161
488.886200	0.042572
488.886300	0.046387
488.886400	0.023193
488.886500	-0.013885
488.886600	-0.055389
488.886700	-0.088654
488.886800	-0.101471
488.886900	-0.089417
488.887000	-0.063782
488.887100	-0.051880
488.887200	-0.044403
488.887300	-0.032501
488.887400	-0.026245
488.887500	-0.022583
488.887600	-0.018463
488.887700	-0.014191
488.887800	-0.010071
488.887900	-0.009308
488.888000	-0.003815
488.888100	-0.004272
488.888200	-0.006561
488.888300	-0.017700
488.888400	-0.025787
488.888500	-0.033875
488.888600	-0.037994
488.888700	-0.039062
488.888800	-0.015869
488.888900	0.000305
488.889000	0.005951
488.889100	0.012512
488.889200	0.009918
488.889300	0.004425
488.889400	-0.004730
488.889500	-0.018768
488.889600	-0.032806
488.889700	-0.033569
488.889800	-0.041351
488.889900	-0.053711
488.890000	-0.056458
488.890100	-0.051270
488.890200	-0.053253
488.890300	-0.045166
488.890400	-0.047150
488.890500	-0.038300
488.890600	-0.031738
488.890700	-0.015411
488.890800	0.044861
488.890900	0.195007
488.891000	0.466919
488.891100	0.770569
488.891200	0.902100
488.891300	0.879211
488.891400	0.684357
488.891500	0.265503
488.891600	-0.225067
488.891700	-0.581818
488.891800	-0.811310
488.891900	-0.900421
488.892000	-0.773468
488.892100	-0.566559
488.892200	-0.424194
488.892300	-0.318756
488.892400	-0.203857
488.892500	-0.117798
488.892600	-0.056000
488.892700	-0.031128
488.892800	-0.020752
488.892900	-0.011749
488.893000	0.004120
488.893100	0.017853
488.893200	0.024109
488.893300	0.015106
488.893400	-0.006104
488.893500	-0.032043
488.893600	-0.052032
488.893700	-0.062103
488.893800	-0.066223
488.893900	-0.056305
488.894000	-0.043640
488.894100	-0.033417
488.894200	-0.013428
488.894300	0.081329
488.894400	0.289307
488.894500	0.665283
488.894600	0.825653
488.894700	0.760193
488.894800	0.585937
488.894900	0.364075
488.895000	0.191956
488.895100	0.165558
488.895200	0.056305
488.895300	-0.043488
488.895400	-0.056152
488.895500	-0.262909
488.895600	-0.639038
488.895700	-0.856781
488.895800	-0.887909
488.895900	-0.880585
488.896000	-0.733948
488.896100	-0.414276
488.896200	-0.183563
488.896300	-0.062103
488.896400	-0.019531
488.896500	-0.010071
488.896600	-0.006561
488.896700	0.000153
488.896800	0.012817
488.896900	0.031738
488.897000	0.035706
488.897100	0.037231
488.897200	0.001678
488.897300	-0.041199
488.897400	-0.079956
488.897500	-0.089111
488.897600	-0.079803
488.897700	-0.064392
488.897800	-0.026093
488.897900	0.001068
488.898000	0.004883
488.898100	0.003967
488.898200	0.015717
488.898300	0.042114
488.898400	0.144348
488.898500	0.363007
488.898600	0.642700
488.898700	0.778961
488.898800	0.710144
488.898900	0.494385
488.899000	0.206451
488.899100	-0.106354
488.899200	-0.394745
488.899300	-0.632935
488.899400	-0.785217
488.899500	-0.812836
488.899600	-0.656281
488.899700	-0.411072
488.899800	-0.202637
488.899900	-0.084991
488.900000	-0.035858
488.900100	-0.014191
488.900200	0.029755
488.900300	0.106964
488.900400	0.253143
488.900500	0.392914
488.900600	0.441895
488.900700	0.417786
488.900800	0.395508
488.900900	0.452728
488.901000	0.538788
488.901100	0.502930
488.901200	0.341492
488.901300	0.037689
488.901400	-0.297546
488.901500	-0.566864
488.901600	-0.770416
488.901700	-0.832672
488.901800	-0.742187
488.901900	-0.539856
488.902000	-0.303497
488.902100	-0.123749
488.902200	-0.043640
488.902300	-0.012512
488.902400	-0.005493
488.902500	-0.001984
488.902600	0.000916
488.902700	-0.004425
488.902800	0.001373
488.902900	-0.004730
488.903000	-0.003510
488.903100	0.002899
488.903200	0.004120
488.903300	0.006409
488.903400	0.005798
488.903500	0.009613
488.903600	0.013275
488.903700	0.019836
488.903800	0.023346
488.903900	0.022430
488.904000	0.022583
488.904100	0.010681
488.904200	0.001984
488.904300	-0.009766
488.904400	-0.008392
488.904500	-0.015717
488.904600	-0.015411
488.904700	-0.004883
488.904800	-0.010376
488.904900	-0.007172
488.905000	-0.003510
488.905100	-0.003815
488.905200	-0.000153
488.905300	-0.001831
488.905400	-0.003662
488.905500	-0.006104
488.905600	-0.001526
488.905700	0.002289
488.905800	0.029602
488.905900	0.174713
488.906000	0.513000
488.906100	1.145020
488.906200	1.550903
488.906300	1.606140
488.906400	1.547394
488.906500	0.909729
488.906600	-0.034790
488.906700	-0.911102
488.906800	-1.421967
488.906900	-1.287231
488.907000	-1.186676
488.907100	-0.628510
488.907200	-0.153351
488.907300	0.066071
488.907400	0.005341
488.907500	-0.194855
488.907600	-0.388794
488.907700	-0.534821
488.907800	-0.590057
488.907900	-0.508575
488.908000	-0.376129
488.908100	-0.253906
488.908200	-0.145874
488.908300	-0.073395
488.908400	-0.030518
488.908500	-0.015717
488.908600	-0.003204
488.908700	-0.003815
488.908800	-0.003510
