426.032900	0.052032
426.033000	0.051117
426.033100	0.050201
426.033200	0.049591
426.033300	0.051727
426.033400	0.045471
426.033500	0.043945
426.033600	0.038910
426.033700	0.039825
426.033800	0.033722
426.033900	0.033875
426.034000	0.041046
426.034100	0.036316
426.034200	0.036926
426.034300	0.046692
426.034400	0.048676
426.034500	0.049438
426.034600	0.056305
426.034700	0.066528
426.034800	0.078430
426.034900	0.111084
426.035000	0.150909
426.035100	0.207825
426.035200	0.275116
426.035300	0.329132
426.035400	0.352173
426.035500	0.347595
426.035600	0.308838
426.035700	0.254211
426.035800	0.184631
426.035900	0.124054
426.036000	0.054169
426.036100	-0.012512
426.036200	-0.082855
426.036300	-0.149231
426.036400	-0.201874
426.036500	-0.250702
426.036600	-0.279694
426.036700	-0.291901
426.036800	-0.289154
426.036900	-0.258026
426.037000	-0.201721
426.037100	-0.138702
426.037200	-0.075378
426.037300	-0.025024
426.037400	0.007935
426.037500	0.026245
426.037600	0.045776
426.037700	0.066071
426.037800	0.075531
426.037900	0.098114
426.038000	0.115814
426.038100	0.116425
426.038200	0.125732
426.038300	0.124969
426.038400	0.133667
426.038500	0.144958
426.038600	0.135956
426.038700	0.101776
426.038800	0.051270
426.038900	0.001984
426.039000	-0.038300
426.039100	-0.053864
426.039200	-0.052643
426.039300	-0.050354
426.039400	-0.059052
426.039500	-0.061188
426.039600	-0.065918
426.039700	-0.044556
426.039800	-0.018005
426.039900	-0.002747
426.040000	0.018768
426.040100	0.025024
426.040200	0.039520
426.040300	0.047455
426.040400	0.052948
426.040500	0.061798
426.040600	0.070801
426.040700	0.084839
426.040800	0.089874
426.040900	0.091705
426.041000	0.085144
426.041100	0.077515
426.041200	0.067444
426.041300	0.048828
426.041400	0.024719
426.041500	0.006714
426.041600	-0.016937
426.041700	-0.033722
426.041800	-0.041199
426.041900	-0.050964
426.042000	-0.045929
426.042100	-0.042114
426.042200	-0.036621
426.042300	-0.020752
426.042400	-0.009308
426.042500	0.005188
426.042600	0.019684
426.042700	0.036469
426.042800	0.059357
426.042900	0.086517
426.043000	0.110168
426.043100	0.128021
426.043200	0.133057
426.043300	0.137329
426.043400	0.142822
426.043500	0.142517
426.043600	0.118103
426.043700	0.073242
426.043800	0.014191
426.043900	-0.056000
426.044000	-0.103149
426.044100	-0.135651
426.044200	-0.136719
426.044300	-0.130005
426.044400	-0.128479
426.044500	-0.121002
426.044600	-0.103607
426.044700	-0.067902
426.044800	-0.038757
426.044900	-0.002899
426.045000	0.005798
426.045100	0.017395
426.045200	0.020294
426.045300	0.026703
426.045400	0.024414
426.045500	0.024261
426.045600	0.026398
426.045700	0.028076
426.045800	0.023651
426.045900	0.021973
426.046000	0.030365
426.046100	0.023193
426.046200	0.024719
426.046300	0.018921
426.046400	0.021667
426.046500	0.022583
426.046600	0.016479
426.046700	0.023651
426.046800	0.033112
426.046900	0.030365
426.047000	0.030518
426.047100	0.037079
426.047200	0.046387
426.047300	0.050812
426.047400	0.061035
426.047500	0.068054
426.047600	0.069580
426.047700	0.072937
426.047800	0.069122
426.047900	0.063477
426.048000	0.047607
426.048100	0.033875
426.048200	0.012360
426.048300	-0.003357
426.048400	-0.008087
426.048500	-0.008087
426.048600	-0.012512
426.048700	-0.010681
426.048800	-0.005798
426.048900	0.005035
426.049000	0.011902
426.049100	0.013580
426.049200	0.014954
426.049300	0.018921
426.049400	0.014954
426.049500	0.015106
426.049600	0.019226
426.049700	0.020447
426.049800	0.028534
426.049900	0.025330
426.050000	0.023651
426.050100	0.032196
426.050200	0.033417
426.050300	0.030518
426.050400	0.033264
426.050500	0.036621
426.050600	0.037842
426.050700	0.034332
426.050800	0.040894
426.050900	0.044250
426.051000	0.058289
426.051100	0.090027
426.051200	0.142365
426.051300	0.229645
426.051400	0.338898
426.051500	0.429993
426.051600	0.477295
426.051700	0.473328
426.051800	0.420074
426.051900	0.334778
426.052000	0.209808
426.052100	0.060730
426.052200	-0.081940
426.052300	-0.212097
426.052400	-0.311584
426.052500	-0.370483
426.052600	-0.405121
426.052700	-0.397797
426.052800	-0.357361
426.052900	-0.264893
426.053000	-0.158081
426.053100	-0.069275
426.053200	-0.004883
426.053300	0.023041
426.053400	0.034332
426.053500	0.033417
426.053600	0.024872
426.053700	0.018616
426.053800	0.007629
426.053900	0.010834
426.054000	0.005951
426.054100	0.009003
426.054200	-0.000305
426.054300	0.001984
426.054400	-0.000916
426.054500	0.008087
426.054600	0.015564
426.054700	0.024567
426.054800	0.028534
426.054900	0.026398
426.055000	0.028381
426.055100	0.032196
426.055200	0.032806
426.055300	0.032501
426.055400	0.028229
426.055500	0.031128
426.055600	0.034180
426.055700	0.055695
426.055800	0.089569
426.055900	0.155029
426.056000	0.241699
426.056100	0.337524
426.056200	0.400391
426.056300	0.416107
426.056400	0.391998
426.056500	0.335541
426.056600	0.255890
426.056700	0.163727
426.056800	0.068970
426.056900	-0.032501
426.057000	-0.130615
426.057100	-0.219727
426.057200	-0.283661
426.057300	-0.342255
426.057400	-0.365448
426.057500	-0.360260
426.057600	-0.316010
426.057700	-0.250549
426.057800	-0.165100
426.057900	-0.100555
426.058000	-0.055237
426.058100	-0.031128
426.058200	-0.022430
426.058300	-0.021820
426.058400	-0.015869
426.058500	-0.008850
426.058600	-0.004730
426.058700	0.005951
426.058800	0.008850
426.058900	0.018921
426.059000	0.030365
426.059100	0.027161
426.059200	0.031281
426.059300	0.031586
426.059400	0.031738
426.059500	0.026093
426.059600	0.033112
426.059700	0.037842
426.059800	0.035400
426.059900	0.031738
426.060000	0.039215
426.060100	0.037842
426.060200	0.041199
426.060300	0.050049
426.060400	0.062256
426.060500	0.074615
426.060600	0.088654
426.060700	0.092163
426.060800	0.094757
426.060900	0.096588
426.061000	0.100403
426.061100	0.113525
426.061200	0.158997
426.061300	0.235901
426.061400	0.348358
426.061500	0.467682
426.061600	0.530243
426.061700	0.513611
426.061800	0.447083
426.061900	0.350494
426.062000	0.223236
426.062100	0.071106
426.062200	-0.090637
426.062300	-0.250092
426.062400	-0.384216
426.062500	-0.483704
426.062600	-0.549011
426.062700	-0.572357
426.062800	-0.546112
426.062900	-0.452271
426.063000	-0.304718
426.063100	-0.160065
426.063200	-0.053253
426.063300	0.010529
426.063400	0.040436
426.063500	0.052490
426.063600	0.056458
426.063700	0.050964
426.063800	0.047607
426.063900	0.038300
426.064000	0.034637
426.064100	0.026855
426.064200	0.031738
426.064300	0.033875
426.064400	0.032654
426.064500	0.029907
426.064600	0.034790
426.064700	0.041351
426.064800	0.038757
426.064900	0.043640
426.065000	0.039062
426.065100	0.043945
426.065200	0.041046
426.065300	0.050201
426.065400	0.052338
426.065500	0.052338
426.065600	0.053406
426.065700	0.048065
426.065800	0.047150
426.065900	0.048676
426.066000	0.046844
426.066100	0.038300
426.066200	0.027466
426.066300	0.031128
426.066400	0.025330
426.066500	0.024872
426.066600	0.025024
426.066700	0.032959
426.066800	0.032806
426.066900	0.034180
426.067000	0.030060
426.067100	0.033722
426.067200	0.032959
426.067300	0.028229
426.067400	0.026855
426.067500	0.028992
426.067600	0.028076
426.067700	0.038910
426.067800	0.059357
426.067900	0.105896
426.068000	0.207520
426.068100	0.364990
426.068200	0.568695
426.068300	0.778961
426.068400	0.914612
426.068500	0.965118
426.068600	0.935974
426.068700	0.824127
426.068800	0.614166
426.068900	0.315857
426.069000	-0.031128
426.069100	-0.366516
426.069200	-0.614777
426.069300	-0.781860
426.069400	-0.872955
426.069500	-0.908203
426.069600	-0.868835
426.069700	-0.750122
426.069800	-0.580139
426.069900	-0.383911
426.070000	-0.208588
426.070100	-0.093536
426.070200	-0.016174
426.070300	0.015259
426.070400	0.030212
426.070500	0.038605
426.070600	0.040741
426.070700	0.034943
426.070800	0.042267
426.070900	0.044556
426.071000	0.046692
426.071100	0.052032
426.071200	0.054016
426.071300	0.052795
426.071400	0.050964
426.071500	0.046997
426.071600	0.038300
426.071700	0.035095
426.071800	0.028229
426.071900	0.028381
426.072000	0.025940
426.072100	0.023041
426.072200	0.030670
426.072300	0.030670
426.072400	0.030975
426.072500	0.038757
426.072600	0.040436
426.072700	0.048370
426.072800	0.060272
426.072900	0.068359
426.073000	0.072174
426.073100	0.091400
426.073200	0.089874
426.073300	0.083466
426.073400	0.072174
426.073500	0.063629
426.073600	0.054321
426.073700	0.043182
426.073800	0.032654
426.073900	0.027008
426.074000	0.019989
426.074100	0.014496
426.074200	0.007935
426.074300	0.003357
426.074400	-0.009766
426.074500	-0.001221
426.074600	0.003815
426.074700	0.011444
426.074800	0.020599
426.074900	0.028992
426.075000	0.028992
426.075100	0.026093
426.075200	0.021973
426.075300	0.014801
426.075400	0.018616
426.075500	0.018158
426.075600	0.015869
426.075700	0.025177
426.075800	0.024872
426.075900	0.021210
426.076000	0.017853
426.076100	0.023193
426.076200	0.031738
426.076300	0.031281
426.076400	0.031891
426.076500	0.036621
426.076600	0.040741
426.076700	0.041809
426.076800	0.046082
426.076900	0.038147
426.077000	0.037231
426.077100	0.039978
426.077200	0.037842
426.077300	0.038910
426.077400	0.040588
426.077500	0.034180
426.077600	0.029907
426.077700	0.039978
426.077800	0.037994
426.077900	0.034790
426.078000	0.033722
426.078100	0.030823
426.078200	0.028839
426.078300	0.029297
426.078400	0.042114
426.078500	0.035400
426.078600	0.037384
426.078700	0.042114
426.078800	0.039825
426.078900	0.034943
426.079000	0.037842
426.079100	0.040588
426.079200	0.038605
426.079300	0.039215
426.079400	0.042114
426.079500	0.041199
426.079600	0.037079
426.079700	0.033264
426.079800	0.030060
426.079900	0.029602
426.080000	0.025482
426.080100	0.027618
426.080200	0.027466
426.080300	0.027466
426.080400	0.021210
426.080500	0.026398
426.080600	0.029297
426.080700	0.029449
426.080800	0.021667
426.080900	0.017090
426.081000	0.021057
426.081100	0.020752
426.081200	0.017395
426.081300	0.014801
426.081400	0.015869
426.081500	0.017853
426.081600	0.015106
426.081700	0.015411
426.081800	0.014496
426.081900	0.014648
426.082000	0.010071
426.082100	0.012360
426.082200	0.011597
426.082300	0.018005
426.082400	0.022736
426.082500	0.024719
426.082600	0.031128
426.082700	0.027008
426.082800	0.030823
426.082900	0.036163
426.083000	0.030212
426.083100	0.035553
426.083200	0.033569
426.083300	0.030365
426.083400	0.023956
426.083500	0.022125
426.083600	0.023346
426.083700	0.025177
426.083800	0.023193
426.083900	0.023499
426.084000	0.021973
426.084100	0.024719
426.084200	0.024567
426.084300	0.019989
426.084400	0.023193
426.084500	0.028381
426.084600	0.031433
426.084700	0.031891
426.084800	0.037384
426.084900	0.033264
426.085000	0.045471
426.085100	0.037537
426.085200	0.032501
426.085300	0.025635
426.085400	0.021515
426.085500	0.018921
426.085600	0.014648
426.085700	0.009918
426.085800	0.007172
426.085900	0.007782
426.086000	0.013428
426.086100	0.023346
426.086200	0.037537
426.086300	0.059662
426.086400	0.092468
