28.055300	0.031128
28.055400	0.028687
28.055500	0.027161
28.055600	0.027161
28.055700	0.021362
28.055800	0.027466
28.055900	0.028534
28.056000	0.027771
28.056100	0.026703
28.056200	0.033569
28.056300	0.032959
28.056400	0.027924
28.056500	0.024719
28.056600	0.025024
28.056700	0.027466
28.056800	0.030365
28.056900	0.030518
28.057000	0.028381
28.057100	0.028381
28.057200	0.027161
28.057300	0.028534
28.057400	0.025330
28.057500	0.026550
28.057600	0.029907
28.057700	0.031586
28.057800	0.032501
28.057900	0.026093
28.058000	0.029907
28.058100	0.027008
28.058200	0.027008
28.058300	0.029449
28.058400	0.023346
28.058500	0.027618
28.058600	0.033417
28.058700	0.025940
28.058800	0.030823
28.058900	0.027771
28.059000	0.027618
28.059100	0.025940
28.059200	0.029755
28.059300	0.034332
28.059400	0.031433
28.059500	0.026245
28.059600	0.029449
28.059700	0.024414
28.059800	0.026245
28.059900	0.023346
28.060000	0.027161
28.060100	0.026245
28.060200	0.024872
28.060300	0.023651
28.060400	0.025940
28.060500	0.023499
28.060600	0.026245
28.060700	0.023804
28.060800	0.024109
28.060900	0.032806
28.061000	0.030823
28.061100	0.031128
28.061200	0.032196
28.061300	0.030823
28.061400	0.022888
28.061500	0.028992
28.061600	0.031586
28.061700	0.028687
28.061800	0.030212
28.061900	0.031433
28.062000	0.027161
28.062100	0.032349
28.062200	0.032654
28.062300	0.031128
28.062400	0.033264
28.062500	0.027771
28.062600	0.028076
28.062700	0.026550
28.062800	0.023651
28.062900	0.028992
28.063000	0.029602
28.063100	0.025940
28.063200	0.022430
28.063300	0.029449
28.063400	0.026550
28.063500	0.026245
28.063600	0.025940
28.063700	0.026855
28.063800	0.029755
28.063900	0.027924
28.064000	0.030060
28.064100	0.028687
28.064200	0.027008
28.064300	0.028381
28.064400	0.029297
28.064500	0.028381
28.064600	0.025787
28.064700	0.023804
28.064800	0.022736
28.064900	0.021362
28.065000	0.027008
28.065100	0.027161
28.065200	0.032349
28.065300	0.028534
28.065400	0.025787
28.065500	0.024719
28.065600	0.026093
28.065700	0.029602
28.065800	0.029297
28.065900	0.027313
28.066000	0.029449
28.066100	0.027771
28.066200	0.024109
28.066300	0.025024
28.066400	0.027313
28.066500	0.022278
28.066600	0.026703
28.066700	0.030823
28.066800	0.028534
28.066900	0.028229
28.067000	0.028992
28.067100	0.028839
28.067200	0.026855
28.067300	0.028076
28.067400	0.032196
28.067500	0.028534
28.067600	0.022736
28.067700	0.028992
28.067800	0.028076
28.067900	0.027008
28.068000	0.025787
28.068100	0.026550
28.068200	0.026245
28.068300	0.022736
28.068400	0.031281
28.068500	0.028076
28.068600	0.027008
28.068700	0.025024
28.068800	0.029755
28.068900	0.028076
28.069000	0.022736
28.069100	0.024872
28.069200	0.026093
28.069300	0.027618
28.069400	0.030518
28.069500	0.029297
28.069600	0.031586
28.069700	0.028992
28.069800	0.027771
28.069900	0.028229
28.070000	0.026855
28.070100	0.030060
28.070200	0.031586
28.070300	0.026855
28.070400	0.029602
28.070500	0.031891
28.070600	0.024414
28.070700	0.027466
28.070800	0.025024
28.070900	0.028839
28.071000	0.030212
28.071100	0.027008
28.071200	0.026245
28.071300	0.032806
28.071400	0.028992
28.071500	0.030975
28.071600	0.024872
28.071700	0.028381
28.071800	0.030060
28.071900	0.024414
28.072000	0.031738
28.072100	0.025940
28.072200	0.023651
28.072300	0.027618
28.072400	0.028992
28.072500	0.025024
28.072600	0.018311
28.072700	0.025940
28.072800	0.028839
28.072900	0.024261
28.073000	0.027008
28.073100	0.025330
28.073200	0.024109
28.073300	0.024719
28.073400	0.026703
28.073500	0.026855
28.073600	0.027771
28.073700	0.025024
28.073800	0.027618
28.073900	0.030975
28.074000	0.027618
28.074100	0.027313
28.074200	0.026245
28.074300	0.025330
28.074400	0.031281
28.074500	0.028381
28.074600	0.026093
28.074700	0.022583
28.074800	0.029907
28.074900	0.029449
28.075000	0.025787
28.075100	0.027466
28.075200	0.024872
28.075300	0.024261
28.075400	0.023041
28.075500	0.024414
28.075600	0.023346
28.075700	0.026855
28.075800	0.027618
28.075900	0.028076
28.076000	0.030060
28.076100	0.028839
28.076200	0.027466
28.076300	0.028992
28.076400	0.030670
28.076500	0.030365
28.076600	0.027466
28.076700	0.025482
28.076800	0.028076
28.076900	0.027771
28.077000	0.028229
28.077100	0.021515
28.077200	0.024109
28.077300	0.027618
28.077400	0.029144
28.077500	0.028534
28.077600	0.031738
28.077700	0.031128
28.077800	0.033112
28.077900	0.028839
28.078000	0.023804
28.078100	0.024719
28.078200	0.027313
28.078300	0.030060
28.078400	0.028992
28.078500	0.026245
28.078600	0.028839
28.078700	0.029755
28.078800	0.025482
28.078900	0.028381
28.079000	0.027771
28.079100	0.024719
28.079200	0.024567
28.079300	0.026245
28.079400	0.032806
28.079500	0.029449
28.079600	0.027008
28.079700	0.025482
28.079800	0.021973
28.079900	0.026398
28.080000	0.028229
28.080100	0.026855
28.080200	0.029144
28.080300	0.028992
28.080400	0.030212
28.080500	0.027618
28.080600	0.025635
28.080700	0.024872
28.080800	0.029297
28.080900	0.029144
28.081000	0.024872
28.081100	0.025330
28.081200	0.027008
28.081300	0.024719
28.081400	0.025787
28.081500	0.027008
28.081600	0.029907
28.081700	0.030670
28.081800	0.033112
28.081900	0.023499
28.082000	0.030060
28.082100	0.027771
28.082200	0.028839
28.082300	0.032349
28.082400	0.030975
28.082500	0.026855
28.082600	0.032959
28.082700	0.025177
28.082800	0.025635
28.082900	0.029907
28.083000	0.027466
28.083100	0.025024
28.083200	0.028381
28.083300	0.031738
28.083400	0.027924
28.083500	0.025940
28.083600	0.027313
28.083700	0.024414
28.083800	0.029907
28.083900	0.031738
28.084000	0.032043
28.084100	0.027771
28.084200	0.027771
28.084300	0.031586
28.084400	0.024109
28.084500	0.030670
28.084600	0.031891
28.084700	0.033417
28.084800	0.033722
28.084900	0.026245
28.085000	0.026855
28.085100	0.025940
28.085200	0.025787
28.085300	0.025177
28.085400	0.025330
28.085500	0.031586
28.085600	0.028534
28.085700	0.026703
28.085800	0.027618
28.085900	0.026703
28.086000	0.023804
28.086100	0.025635
28.086200	0.031128
28.086300	0.030212
28.086400	0.023956
28.086500	0.030518
28.086600	0.033112
28.086700	0.028076
28.086800	0.025940
28.086900	0.030670
28.087000	0.024414
28.087100	0.027924
28.087200	0.028992
28.087300	0.027161
28.087400	0.028687
28.087500	0.025940
28.087600	0.026245
28.087700	0.027771
28.087800	0.024261
28.087900	0.028839
28.088000	0.028992
28.088100	0.031586
28.088200	0.025635
28.088300	0.028992
28.088400	0.032043
28.088500	0.026245
28.088600	0.025940
28.088700	0.032654
28.088800	0.027313
28.088900	0.027161
28.089000	0.022888
28.089100	0.025635
28.089200	0.024872
28.089300	0.024414
28.089400	0.024719
28.089500	0.026093
28.089600	0.030060
28.089700	0.025330
28.089800	0.027466
28.089900	0.026245
28.090000	0.022583
28.090100	0.021057
28.090200	0.024109
28.090300	0.026093
28.090400	0.027771
28.090500	0.027008
28.090600	0.030060
28.090700	0.027466
28.090800	0.025330
28.090900	0.027618
28.091000	0.026398
28.091100	0.024414
28.091200	0.030365
28.091300	0.027771
28.091400	0.029907
28.091500	0.028381
28.091600	0.032196
28.091700	0.031433
28.091800	0.030060
28.091900	0.026550
28.092000	0.032959
28.092100	0.033112
28.092200	0.026855
28.092300	0.023193
28.092400	0.021820
28.092500	0.022736
28.092600	0.026855
28.092700	0.026245
28.092800	0.020752
28.092900	0.024567
28.093000	0.024719
28.093100	0.026398
28.093200	0.024261
28.093300	0.023499
28.093400	0.027161
28.093500	0.028687
28.093600	0.025330
28.093700	0.027771
28.093800	0.024872
28.093900	0.027618
28.094000	0.029602
28.094100	0.025482
28.094200	0.026855
28.094300	0.030518
28.094400	0.028076
28.094500	0.026703
28.094600	0.029755
28.094700	0.028381
28.094800	0.028381
28.094900	0.023651
28.095000	0.028992
28.095100	0.028534
28.095200	0.028229
28.095300	0.024414
28.095400	0.027618
28.095500	0.027618
28.095600	0.025940
28.095700	0.023193
28.095800	0.024872
28.095900	0.027161
28.096000	0.025787
28.096100	0.026093
28.096200	0.029449
28.096300	0.027008
28.096400	0.027618
28.096500	0.028381
28.096600	0.027618
28.096700	0.027313
28.096800	0.025635
28.096900	0.022888
28.097000	0.024261
28.097100	0.025635
28.097200	0.025330
28.097300	0.027313
28.097400	0.024261
28.097500	0.026550
28.097600	0.024719
28.097700	0.027008
28.097800	0.030060
28.097900	0.021515
28.098000	0.025635
28.098100	0.031586
28.098200	0.025940
28.098300	0.028381
28.098400	0.029449
28.098500	0.029144
28.098600	0.028229
28.098700	0.027161
28.098800	0.028839
28.098900	0.030975
28.099000	0.029449
28.099100	0.028229
28.099200	0.025024
28.099300	0.029297
28.099400	0.032043
28.099500	0.029755
28.099600	0.029907
28.099700	0.030975
28.099800	0.033722
28.099900	0.029449
28.100000	0.029602
28.100100	0.032501
28.100200	0.028687
28.100300	0.028076
28.100400	0.025024
28.100500	0.030670
28.100600	0.027161
28.100700	0.024414
28.100800	0.023956
28.100900	0.023499
28.101000	0.027161
28.101100	0.027466
28.101200	0.023499
28.101300	0.027466
28.101400	0.025330
28.101500	0.026550
28.101600	0.029144
28.101700	0.021973
28.101800	0.023346
28.101900	0.023193
28.102000	0.021973
28.102100	0.021820
28.102200	0.027161
28.102300	0.026398
28.102400	0.025635
28.102500	0.022583
28.102600	0.023346
28.102700	0.024109
28.102800	0.025330
28.102900	0.024109
28.103000	0.026245
28.103100	0.031738
28.103200	0.032349
28.103300	0.029297
28.103400	0.029755
28.103500	0.025024
28.103600	0.028687
28.103700	0.028839
28.103800	0.024872
28.103900	0.028687
28.104000	0.026703
28.104100	0.023193
28.104200	0.025787
28.104300	0.024872
28.104400	0.027008
28.104500	0.026398
28.104600	0.027466
28.104700	0.031586
28.104800	0.027771
28.104900	0.026093
28.105000	0.025330
28.105100	0.031738
28.105200	0.025024
28.105300	0.025177
28.105400	0.024719
28.105500	0.028534
28.105600	0.027008
28.105700	0.027618
28.105800	0.032806
28.105900	0.031281
28.106000	0.024109
28.106100	0.030975
28.106200	0.028076
28.106300	0.026855
28.106400	0.029297
28.106500	0.028534
28.106600	0.034943
28.106700	0.032043
28.106800	0.029144
28.106900	0.029755
28.107000	0.029602
28.107100	0.035706
28.107200	0.032654
28.107300	0.029602
28.107400	0.027008
28.107500	0.025940
28.107600	0.022888
28.107700	0.027313
28.107800	0.027618
28.107900	0.026550
28.108000	0.029602
28.108100	0.028534
28.108200	0.025635
28.108300	0.024261
28.108400	0.027466
28.108500	0.028839
28.108600	0.026093
28.108700	0.025787
28.108800	0.029602
