590.384900	0.015564
590.385000	0.013885
590.385100	0.014648
590.385200	0.020294
590.385300	0.019684
590.385400	0.020905
590.385500	0.014496
590.385600	0.017853
590.385700	0.022278
590.385800	0.020752
590.385900	0.016479
590.386000	0.016785
590.386100	0.015259
590.386200	0.013733
590.386300	0.018311
590.386400	0.015106
590.386500	0.017853
590.386600	0.018005
590.386700	0.018311
590.386800	0.017090
590.386900	0.014954
590.387000	0.018616
590.387100	0.016785
590.387200	0.014343
590.387300	0.017090
590.387400	0.009155
590.387500	0.017853
590.387600	0.018768
590.387700	0.018768
590.387800	0.014801
590.387900	0.017548
590.388000	0.019226
590.388100	0.016785
590.388200	0.021210
590.388300	0.017700
590.388400	0.020905
590.388500	0.016022
590.388600	0.014801
590.388700	0.017090
590.388800	0.018616
590.388900	0.015411
590.389000	0.019531
590.389100	0.015106
590.389200	0.012207
590.389300	0.013580
590.389400	0.017700
590.389500	0.017090
590.389600	0.019226
590.389700	0.019989
590.389800	0.020294
590.389900	0.018463
590.390000	0.019989
590.390100	0.017853
590.390200	0.017242
590.390300	0.018005
590.390400	0.015717
590.390500	0.016479
590.390600	0.010986
590.390700	0.017395
590.390800	0.012970
590.390900	0.013885
590.391000	0.013123
590.391100	0.017548
590.391200	0.014496
590.391300	0.011749
590.391400	0.013428
590.391500	0.014801
590.391600	0.017853
590.391700	0.017395
590.391800	0.018921
590.391900	0.016785
590.392000	0.018463
590.392100	0.023346
590.392200	0.019379
590.392300	0.016022
590.392400	0.014954
590.392500	0.018463
590.392600	0.013733
590.392700	0.023041
590.392800	0.020752
590.392900	0.015259
590.393000	0.017242
590.393100	0.013428
590.393200	0.016632
590.393300	0.021057
590.393400	0.018158
590.393500	0.018158
590.393600	0.017853
590.393700	0.017853
590.393800	0.018311
590.393900	0.020294
590.394000	0.015717
590.394100	0.015411
590.394200	0.016479
590.394300	0.019836
590.394400	0.015259
590.394500	0.016785
590.394600	0.012817
590.394700	0.014191
590.394800	0.016479
590.394900	0.011139
590.395000	0.018463
590.395100	0.018311
590.395200	0.015869
590.395300	0.019226
590.395400	0.024261
590.395500	0.015869
590.395600	0.018005
590.395700	0.019379
590.395800	0.017853
590.395900	0.017395
590.396000	0.013885
590.396100	0.017700
590.396200	0.019226
590.396300	0.024109
590.396400	0.023956
590.396500	0.018005
590.396600	0.016937
590.396700	0.017395
590.396800	0.016937
590.396900	0.012970
590.397000	0.017090
590.397100	0.019379
590.397200	0.021667
590.397300	0.021820
590.397400	0.020447
590.397500	0.016632
590.397600	0.014496
590.397700	0.016479
590.397800	0.019989
590.397900	0.022125
590.398000	0.020447
590.398100	0.019226
590.398200	0.016785
590.398300	0.015869
590.398400	0.014801
590.398500	0.017090
590.398600	0.018768
590.398700	0.020294
590.398800	0.016022
590.398900	0.022125
590.399000	0.021973
590.399100	0.019836
590.399200	0.018768
590.399300	0.016327
590.399400	0.018616
590.399500	0.021057
590.399600	0.026245
590.399700	0.019073
590.399800	0.019684
590.399900	0.020752
590.400000	0.021973
590.400100	0.021362
590.400200	0.018616
590.400300	0.021210
590.400400	0.015411
590.400500	0.023193
590.400600	0.021210
590.400700	0.025787
590.400800	0.019836
590.400900	0.019379
590.401000	0.019226
590.401100	0.020599
590.401200	0.015717
590.401300	0.018005
590.401400	0.021973
590.401500	0.018463
590.401600	0.019073
590.401700	0.018921
590.401800	0.018005
590.401900	0.018768
590.402000	0.022430
590.402100	0.022278
590.402200	0.011444
590.402300	0.016937
590.402400	0.019226
590.402500	0.017242
590.402600	0.014648
590.402700	0.017090
590.402800	0.013275
590.402900	0.009155
590.403000	0.014038
590.403100	0.017853
590.403200	0.021057
590.403300	0.019379
590.403400	0.022125
590.403500	0.020294
590.403600	0.019073
590.403700	0.019989
590.403800	0.021362
590.403900	0.018005
590.404000	0.022430
590.404100	0.016479
590.404200	0.023499
590.404300	0.018158
590.404400	0.021057
590.404500	0.017242
590.404600	0.022125
590.404700	0.020294
590.404800	0.021820
590.404900	0.017853
590.405000	0.023499
590.405100	0.020752
590.405200	0.021515
590.405300	0.021210
590.405400	0.017548
590.405500	0.016327
590.405600	0.019989
590.405700	0.019684
590.405800	0.017242
590.405900	0.020142
590.406000	0.016479
590.406100	0.019989
590.406200	0.015259
590.406300	0.015869
590.406400	0.018616
590.406500	0.021515
590.406600	0.022125
590.406700	0.020294
590.406800	0.019379
590.406900	0.020752
590.407000	0.020905
590.407100	0.020294
590.407200	0.020752
590.407300	0.016327
590.407400	0.024109
590.407500	0.018005
590.407600	0.018005
590.407700	0.021667
590.407800	0.014191
590.407900	0.016632
590.408000	0.017242
590.408100	0.016022
590.408200	0.016327
590.408300	0.011749
590.408400	0.013733
590.408500	0.018616
590.408600	0.020752
590.408700	0.022125
590.408800	0.019531
590.408900	0.021667
590.409000	0.029449
590.409100	0.021210
590.409200	0.018311
590.409300	0.017395
590.409400	0.014038
590.409500	0.015564
590.409600	0.014191
590.409700	0.016022
590.409800	0.017090
590.409900	0.018921
590.410000	0.020447
590.410100	0.019684
590.410200	0.025177
590.410300	0.021667
590.410400	0.014038
590.410500	0.021973
590.410600	0.017853
590.410700	0.016022
590.410800	0.014191
590.410900	0.019531
590.411000	0.020599
590.411100	0.024109
590.411200	0.020905
590.411300	0.024414
590.411400	0.019379
590.411500	0.014801
590.411600	0.018005
590.411700	0.015411
590.411800	0.019989
590.411900	0.023041
590.412000	0.020905
590.412100	0.022583
590.412200	0.015869
590.412300	0.014954
590.412400	0.018921
590.412500	0.020142
590.412600	0.015259
590.412700	0.018158
590.412800	0.017700
590.412900	0.016174
590.413000	0.018616
590.413100	0.015717
590.413200	0.018616
590.413300	0.010834
590.413400	0.020599
590.413500	0.016937
590.413600	0.017853
590.413700	0.019226
590.413800	0.016479
590.413900	0.014954
590.414000	0.017090
590.414100	0.011139
590.414200	0.013123
590.414300	0.016327
590.414400	0.015259
590.414500	0.016785
590.414600	0.020905
590.414700	0.013275
590.414800	0.018005
590.414900	0.017700
590.415000	0.014343
590.415100	0.018311
590.415200	0.016174
590.415300	0.018311
590.415400	0.016937
590.415500	0.016022
590.415600	0.018463
590.415700	0.018921
590.415800	0.022125
590.415900	0.019226
590.416000	0.016632
590.416100	0.018158
590.416200	0.021362
590.416300	0.018768
590.416400	0.014648
590.416500	0.015564
590.416600	0.017853
590.416700	0.016022
590.416800	0.018005
590.416900	0.013123
590.417000	0.012512
590.417100	0.016022
590.417200	0.018768
590.417300	0.018921
590.417400	0.019531
590.417500	0.022888
590.417600	0.018005
590.417700	0.020447
590.417800	0.019684
590.417900	0.017548
590.418000	0.018616
590.418100	0.023651
590.418200	0.021515
590.418300	0.022430
590.418400	0.019684
590.418500	0.016937
590.418600	0.017700
590.418700	0.014648
590.418800	0.016632
590.418900	0.020599
590.419000	0.018616
590.419100	0.017395
590.419200	0.019073
590.419300	0.021362
590.419400	0.017548
590.419500	0.019684
590.419600	0.022430
590.419700	0.023193
590.419800	0.020905
590.419900	0.023956
590.420000	0.022583
590.420100	0.019531
590.420200	0.016327
590.420300	0.018158
590.420400	0.017853
590.420500	0.020905
590.420600	0.018463
590.420700	0.021210
590.420800	0.015106
590.420900	0.017395
590.421000	0.020905
590.421100	0.022888
590.421200	0.016327
590.421300	0.017242
590.421400	0.017700
590.421500	0.021057
590.421600	0.021515
590.421700	0.017548
590.421800	0.017395
590.421900	0.013733
590.422000	0.013580
590.422100	0.016937
590.422200	0.016327
590.422300	0.014191
590.422400	0.017090
590.422500	0.016479
590.422600	0.013580
590.422700	0.018005
590.422800	0.021515
590.422900	0.018005
590.423000	0.018463
590.423100	0.021820
590.423200	0.020599
590.423300	0.022888
590.423400	0.021057
590.423500	0.020142
590.423600	0.018311
590.423700	0.014038
590.423800	0.015259
590.423900	0.015564
590.424000	0.016785
590.424100	0.019684
590.424200	0.017853
590.424300	0.016022
590.424400	0.026855
590.424500	0.021667
590.424600	0.020447
590.424700	0.020142
590.424800	0.023499
590.424900	0.019531
590.425000	0.018616
590.425100	0.013885
590.425200	0.015869
590.425300	0.017700
590.425400	0.018463
590.425500	0.019684
590.425600	0.020905
590.425700	0.016174
590.425800	0.021057
590.425900	0.017548
590.426000	0.017853
590.426100	0.016785
590.426200	0.014648
590.426300	0.014954
590.426400	0.014343
590.426500	0.017090
590.426600	0.019226
590.426700	0.021515
590.426800	0.017548
590.426900	0.012817
590.427000	0.011444
590.427100	0.014648
590.427200	0.020599
590.427300	0.019684
590.427400	0.015869
590.427500	0.019073
590.427600	0.019226
590.427700	0.018158
590.427800	0.019379
590.427900	0.017395
590.428000	0.023041
590.428100	0.019836
590.428200	0.017242
590.428300	0.013275
590.428400	0.010376
590.428500	0.016785
590.428600	0.011597
590.428700	0.019989
590.428800	0.015564
590.428900	0.014954
590.429000	0.018921
590.429100	0.013733
590.429200	0.010376
590.429300	0.016022
590.429400	0.020447
590.429500	0.019226
590.429600	0.015259
590.429700	0.013428
590.429800	0.014801
590.429900	0.014648
590.430000	0.018005
590.430100	0.016174
590.430200	0.021362
590.430300	0.017395
590.430400	0.018311
590.430500	0.016174
590.430600	0.012207
590.430700	0.015411
590.430800	0.022125
590.430900	0.018921
590.431000	0.024109
590.431100	0.018311
590.431200	0.009918
590.431300	0.014191
590.431400	0.015717
590.431500	0.015869
590.431600	0.014648
590.431700	0.016785
590.431800	0.018158
590.431900	0.017853
590.432000	0.020142
590.432100	0.021820
590.432200	0.017700
590.432300	0.014648
590.432400	0.013885
590.432500	0.013580
590.432600	0.017853
590.432700	0.020599
590.432800	0.016479
590.432900	0.018616
590.433000	0.015106
590.433100	0.018311
590.433200	0.020905
590.433300	0.017700
590.433400	0.017548
590.433500	0.013733
590.433600	0.016785
590.433700	0.019836
590.433800	0.018768
590.433900	0.020599
590.434000	0.019684
590.434100	0.018768
590.434200	0.019073
590.434300	0.021667
590.434400	0.022736
590.434500	0.016174
590.434600	0.015106
590.434700	0.016327
590.434800	0.014801
590.434900	0.014496
590.435000	0.018768
590.435100	0.020905
590.435200	0.017395
590.435300	0.018463
590.435400	0.015106
590.435500	0.018921
590.435600	0.013733
590.435700	0.015564
590.435800	0.018921
590.435900	0.016479
590.436000	0.013428
590.436100	0.017395
590.436200	0.016022
590.436300	0.017395
590.436400	0.018616
590.436500	0.016479
590.436600	0.011597
590.436700	0.019379
590.436800	0.021515
590.436900	0.022278
590.437000	0.019836
590.437100	0.022736
590.437200	0.020142
590.437300	0.019073
590.437400	0.019684
590.437500	0.015717
590.437600	0.011444
590.437700	0.015259
590.437800	0.014038
590.437900	0.017700
590.438000	0.017395
590.438100	0.017548
590.438200	0.015564
590.438300	0.013580
590.438400	0.017090
