363.824900	-0.152283
363.825000	-0.203857
363.825100	-0.253601
363.825200	-0.302582
363.825300	-0.349274
363.825400	-0.395966
363.825500	-0.443420
363.825600	-0.492706
363.825700	-0.535583
363.825800	-0.576172
363.825900	-0.626831
363.826000	-0.663147
363.826100	-0.701599
363.826200	-0.740967
363.826300	-0.778961
363.826400	-0.810089
363.826500	-0.846100
363.826600	-0.877228
363.826700	-0.910645
363.826800	-0.938263
363.826900	-0.962372
363.827000	-0.986786
363.827100	-1.003571
363.827200	-1.018677
363.827300	-1.032257
363.827400	-1.047211
363.827500	-1.057587
363.827600	-1.067657
363.827700	-1.074066
363.827800	-1.075897
363.827900	-1.076050
363.828000	-1.071777
363.828100	-1.066284
363.828200	-1.058655
363.828300	-1.040039
363.828400	-1.029053
363.828500	-1.007080
363.828600	-0.984802
363.828700	-0.963287
363.828800	-0.941772
363.828900	-0.914001
363.829000	-0.883942
363.829100	-0.848694
363.829200	-0.823364
363.829300	-0.781708
363.829400	-0.752258
363.829500	-0.710754
363.829600	-0.672150
363.829700	-0.622101
363.829800	-0.578613
363.829900	-0.525818
363.830000	-0.481567
363.830100	-0.436096
363.830200	-0.387573
363.830300	-0.336914
363.830400	-0.287323
363.830500	-0.236816
363.830600	-0.189362
363.830700	-0.135803
363.830800	-0.075684
363.830900	-0.024872
363.831000	0.024414
363.831100	0.079346
363.831200	0.137177
363.831300	0.197754
363.831400	0.256042
363.831500	0.323792
363.831600	0.380402
363.831700	0.447388
363.831800	0.506134
363.831900	0.574646
363.832000	0.642090
363.832100	0.707550
363.832200	0.776062
363.832300	0.843201
363.832400	0.913849
363.832500	0.989532
363.832600	1.060638
363.832700	1.134491
363.832800	1.208344
363.832900	1.288757
363.833000	1.365204
363.833100	1.445465
363.833200	1.526031
363.833300	1.602631
363.833400	1.682281
363.833500	1.767578
363.833600	1.848145
363.833700	1.928101
363.833800	2.011261
363.833900	2.091675
363.834000	2.166443
363.834100	2.243805
363.834200	2.321014
363.834300	2.391510
363.834400	2.464447
363.834500	2.525024
363.834600	2.580719
363.834700	2.633820
363.834800	2.676697
363.834900	2.718201
363.835000	2.752533
363.835100	2.782288
363.835200	2.801819
363.835300	2.822266
363.835400	2.826996
363.835500	2.833099
363.835600	2.835693
363.835700	2.823486
363.835800	2.816620
363.835900	2.800446
363.836000	2.782745
363.836100	2.762604
363.836200	2.738495
363.836300	2.716827
363.836400	2.691345
363.836500	2.661285
363.836600	2.633209
363.836700	2.606506
363.836800	2.570801
363.836900	2.539062
363.837000	2.506866
363.837100	2.480469
363.837200	2.458801
363.837300	2.425537
363.837400	2.394562
363.837500	2.356262
363.837600	2.330780
363.837700	2.301941
363.837800	2.267609
363.837900	2.242432
363.838000	2.210693
363.838100	2.185974
363.838200	2.155304
363.838300	2.125854
363.838400	2.101593
363.838500	2.064667
363.838600	2.037506
363.838700	2.009125
363.838800	1.981506
363.838900	1.957703
363.839000	1.928101
363.839100	1.902008
363.839200	1.871948
363.839300	1.837463
363.839400	1.803589
363.839500	1.773682
363.839600	1.738586
363.839700	1.698608
363.839800	1.664124
363.839900	1.624298
363.840000	1.583405
363.840100	1.532593
363.840200	1.481628
363.840300	1.424561
363.840400	1.363068
363.840500	1.314392
363.840600	1.255341
363.840700	1.182556
363.840800	1.108093
363.840900	1.022949
363.841000	0.944672
363.841100	0.859070
363.841200	0.769348
363.841300	0.677185
363.841400	0.580902
363.841500	0.482025
363.841600	0.369110
363.841700	0.257568
363.841800	0.134888
363.841900	0.024414
363.842000	-0.092468
363.842100	-0.218811
363.842200	-0.337067
363.842300	-0.453186
363.842400	-0.568695
363.842500	-0.674744
363.842600	-0.787201
363.842700	-0.902405
363.842800	-0.962067
363.842900	-1.114044
363.843000	-1.210175
363.843100	-1.301270
363.843200	-1.401367
363.843300	-1.492310
363.843400	-1.588287
363.843500	-1.674652
363.843600	-1.764221
363.843700	-1.850586
363.843800	-1.933746
363.843900	-2.017822
363.844000	-2.102509
363.844100	-2.182312
363.844200	-2.261047
363.844300	-2.334595
363.844400	-2.409058
363.844500	-2.483521
363.844600	-2.551880
363.844700	-2.627869
363.844800	-2.694092
363.844900	-2.764587
363.845000	-2.831116
363.845100	-2.891541
363.845200	-2.954865
363.845300	-3.012238
363.845400	-3.072968
363.845500	-3.127594
363.845600	-3.189850
363.845700	-3.248596
363.845800	-3.296509
363.845900	-3.348846
363.846000	-3.396301
363.846100	-3.445892
363.846200	-3.494263
363.846300	-3.532104
363.846400	-3.577423
363.846500	-3.618469
363.846600	-3.650055
363.846700	-3.686066
363.846800	-3.711700
363.846900	-3.737488
363.847000	-3.764038
363.847100	-3.784637
363.847200	-3.802032
363.847300	-3.813019
363.847400	-3.823242
363.847500	-3.829041
363.847600	-3.828125
363.847700	-3.828278
363.847800	-3.819427
363.847900	-3.807068
363.848000	-3.791199
363.848100	-3.766937
363.848200	-3.737488
363.848300	-3.708954
363.848400	-3.672638
363.848500	-3.630219
363.848600	-3.585815
363.848700	-3.546753
363.848800	-3.500671
363.848900	-3.447876
363.849000	-3.381195
363.849100	-3.318024
363.849200	-3.253479
363.849300	-3.187561
363.849400	-3.124542
363.849500	-3.054657
363.849600	-2.976532
363.849700	-2.903900
363.849800	-2.829437
363.849900	-2.758331
363.850000	-2.677917
363.850100	-2.594910
363.850200	-2.515717
363.850300	-2.433167
363.850400	-2.349548
363.850500	-2.264709
363.850600	-2.181702
363.850700	-2.101746
363.850800	-2.018890
363.850900	-1.933746
363.851000	-1.850433
363.851100	-1.771240
363.851200	-1.686707
363.851300	-1.607819
363.851400	-1.576538
363.851500	-1.406860
363.851600	-1.314240
363.851700	-1.213379
363.851800	-1.107788
363.851900	-1.001740
363.852000	-0.893402
363.852100	-0.781555
363.852200	-0.668488
363.852300	-0.549927
363.852400	-0.438385
363.852500	-0.316467
363.852600	-0.199738
363.852700	-0.084534
363.852800	0.037842
363.852900	0.153809
363.853000	0.273285
363.853100	0.403442
363.853200	0.526123
363.853300	0.647583
363.853400	0.773621
363.853500	0.888977
363.853600	1.011047
363.853700	1.132812
363.853800	1.251526
363.853900	1.363525
363.854000	1.472626
363.854100	1.573486
363.854200	1.679535
363.854300	1.776428
363.854400	1.873779
363.854500	1.961975
363.854600	2.040710
363.854700	2.118683
363.854800	2.195740
363.854900	2.261963
363.855000	2.326660
363.855100	2.386627
363.855200	2.429047
363.855300	2.480164
363.855400	2.531891
363.855500	2.570496
363.855600	2.610168
363.855700	2.646484
363.855800	2.681122
363.855900	2.713318
363.856000	2.739868
363.856100	2.768707
363.856200	2.790527
363.856300	2.816467
363.856400	2.832031
363.856500	2.855225
363.856600	2.872467
363.856700	2.886047
363.856800	2.901001
363.856900	2.913208
363.857000	2.921906
363.857100	2.929840
363.857200	2.937775
363.857300	2.944336
363.857400	2.949219
363.857500	2.953949
363.857600	2.956085
363.857700	2.957153
363.857800	2.956085
363.857900	2.952576
363.858000	2.946472
363.858100	2.931213
363.858200	2.922821
363.858300	2.902985
363.858400	2.886810
363.858500	2.863922
363.858600	2.835236
363.858700	2.809448
363.858800	2.780457
363.858900	2.736511
363.859000	2.698517
363.859100	2.643433
363.859200	2.588043
363.859300	2.529449
363.859400	2.458954
363.859500	2.384491
363.859600	2.311859
363.859700	2.218018
363.859800	2.132111
363.859900	2.035828
363.860000	1.937408
363.860100	1.831818
363.860200	1.714783
363.860300	1.599121
363.860400	1.471863
363.860500	1.350098
363.860600	1.218414
363.860700	1.091003
363.860800	0.957336
363.860900	0.819702
363.861000	0.688324
363.861100	0.551910
363.861200	0.414734
363.861300	0.278168
363.861400	0.137482
363.861500	-0.000153
363.861600	-0.142212
363.861700	-0.284729
363.861800	-0.419769
363.861900	-0.555420
363.862000	-0.679626
363.862100	-0.801697
363.862200	-0.921021
363.862300	-1.018066
363.862400	-1.163635
363.862500	-1.271362
363.862600	-1.381073
363.862700	-1.484375
363.862800	-1.589966
363.862900	-1.699524
363.863000	-1.807861
363.863100	-1.907654
363.863200	-2.017517
363.863300	-2.118378
363.863400	-2.218018
363.863500	-2.311859
363.863600	-2.406006
363.863700	-2.494507
363.863800	-2.579651
363.863900	-2.663879
363.864000	-2.746277
363.864100	-2.824554
363.864200	-2.891693
363.864300	-2.958984
363.864400	-3.024750
363.864500	-3.076019
363.864600	-3.134613
363.864700	-3.182983
363.864800	-3.215332
363.864900	-3.249664
363.865000	-3.282623
363.865100	-3.303680
363.865200	-3.318787
363.865300	-3.333740
363.865400	-3.343506
363.865500	-3.347778
363.865600	-3.342285
363.865700	-3.330841
363.865800	-3.321991
363.865900	-3.299255
363.866000	-3.279724
363.866100	-3.254089
363.866200	-3.229980
363.866300	-3.198547
363.866400	-3.161469
363.866500	-3.125305
363.866600	-3.088989
363.866700	-3.045807
363.866800	-3.009033
363.866900	-2.963104
363.867000	-2.917023
363.867100	-2.869568
363.867200	-2.823792
363.867300	-2.778778
363.867400	-2.730408
363.867500	-2.682037
363.867600	-2.626038
363.867700	-2.579498
363.867800	-2.530823
363.867900	-2.484283
363.868000	-2.432098
363.868100	-2.384033
363.868200	-2.334290
363.868300	-2.282867
363.868400	-2.241669
363.868500	-2.189636
363.868600	-2.142944
363.868700	-2.094574
363.868800	-2.043304
363.868900	-1.994629
363.869000	-1.940613
363.869100	-1.891022
363.869200	-1.844330
363.869300	-1.789856
363.869400	-1.748199
363.869500	-1.698608
363.869600	-1.643829
363.869700	-1.590576
363.869800	-1.534729
363.869900	-1.518860
363.870000	-1.407318
363.870100	-1.342316
363.870200	-1.271210
363.870300	-1.208954
363.870400	-1.130219
363.870500	-1.060638
363.870600	-0.990295
363.870700	-0.910339
363.870800	-0.826569
363.870900	-0.746765
363.871000	-0.668335
363.871100	-0.589447
363.871200	-0.509796
363.871300	-0.431213
363.871400	-0.349426
363.871500	-0.271912
363.871600	-0.198975
363.871700	-0.120544
363.871800	-0.052338
363.871900	0.023346
363.872000	0.095215
363.872100	0.162659
363.872200	0.226898
363.872300	0.287628
363.872400	0.355530
363.872500	0.410767
363.872600	0.469971
363.872700	0.521088
363.872800	0.570984
363.872900	0.623627
363.873000	0.673828
363.873100	0.716095
363.873200	0.756836
363.873300	0.797729
363.873400	0.835876
363.873500	0.874634
363.873600	0.912323
363.873700	0.939178
363.873800	0.966492
363.873900	0.989838
363.874000	1.015930
363.874100	1.040802
363.874200	1.062927
363.874300	1.080933
363.874400	1.096344
363.874500	1.114655
363.874600	1.128082
363.874700	1.139374
363.874800	1.156006
363.874900	1.166992
363.875000	1.172180
363.875100	1.173096
363.875200	1.175232
363.875300	1.181183
363.875400	1.185303
363.875500	1.188354
363.875600	1.193848
363.875700	1.193695
363.875800	1.188354
363.875900	1.179199
363.876000	1.183472
363.876100	1.179504
363.876200	1.166992
363.876300	1.159058
363.876400	1.155701
363.876500	1.153564
363.876600	1.141052
363.876700	1.129303
363.876800	1.120148
363.876900	1.111145
363.877000	1.096497
363.877100	1.091309
363.877200	1.074829
363.877300	1.064301
363.877400	1.054687
363.877500	1.039581
363.877600	1.028137
363.877700	1.015625
363.877800	0.997009
363.877900	0.989990
363.878000	0.980225
363.878100	0.970001
363.878200	0.960999
363.878300	0.939941
363.878400	0.930328
