352.919300	-0.461121
352.919400	-0.471039
352.919500	-0.480652
352.919600	-0.487671
352.919700	-0.496979
352.919800	-0.504303
352.919900	-0.508270
352.920000	-0.514221
352.920100	-0.523529
352.920200	-0.525360
352.920300	-0.532532
352.920400	-0.532532
352.920500	-0.540314
352.920600	-0.545807
352.920700	-0.548553
352.920800	-0.554504
352.920900	-0.559845
352.921000	-0.557709
352.921100	-0.561981
352.921200	-0.566254
352.921300	-0.576172
352.921400	-0.583954
352.921500	-0.595703
352.921600	-0.594177
352.921700	-0.606232
352.921800	-0.613708
352.921900	-0.618439
352.922000	-0.631256
352.922100	-0.640259
352.922200	-0.652771
352.922300	-0.661011
352.922400	-0.672607
352.922500	-0.683289
352.922600	-0.697937
352.922700	-0.700989
352.922800	-0.708771
352.922900	-0.720825
352.923000	-0.730591
352.923100	-0.736084
352.923200	-0.745087
352.923300	-0.751343
352.923400	-0.755920
352.923500	-0.758209
352.923600	-0.760956
352.923700	-0.764618
352.923800	-0.764923
352.923900	-0.765076
352.924000	-0.764618
352.924100	-0.760803
352.924200	-0.754395
352.924300	-0.751038
352.924400	-0.744629
352.924500	-0.735931
352.924600	-0.727844
352.924700	-0.716400
352.924800	-0.712891
352.924900	-0.698242
352.925000	-0.694733
352.925100	-0.685425
352.925200	-0.675507
352.925300	-0.665283
352.925400	-0.654755
352.925500	-0.640564
352.925600	-0.628967
352.925700	-0.614929
352.925800	-0.600128
352.925900	-0.585327
352.926000	-0.573425
352.926100	-0.558319
352.926200	-0.536652
352.926300	-0.518341
352.926400	-0.496826
352.926500	-0.472717
352.926600	-0.447235
352.926700	-0.419617
352.926800	-0.391235
352.926900	-0.358887
352.927000	-0.318451
352.927100	-0.284576
352.927200	-0.245209
352.927300	-0.204773
352.927400	-0.160065
352.927500	-0.111389
352.927600	-0.062561
352.927700	-0.017853
352.927800	0.036469
352.927900	0.090637
352.928000	0.146027
352.928100	0.198517
352.928200	0.245209
352.928300	0.303345
352.928400	0.361023
352.928500	0.415649
352.928600	0.466003
352.928700	0.514526
352.928800	0.570221
352.928900	0.625153
352.929000	0.672607
352.929100	0.720673
352.929200	0.765839
352.929300	0.817871
352.929400	0.859833
352.929500	0.908966
352.929600	0.955200
352.929700	1.002045
352.929800	1.047821
352.929900	1.091766
352.930000	1.134949
352.930100	1.172028
352.930200	1.217346
352.930300	1.258240
352.930400	1.294403
352.930500	1.330719
352.930600	1.363373
352.930700	1.402283
352.930800	1.434937
352.930900	1.469269
352.931000	1.502686
352.931100	1.528778
352.931200	1.558075
352.931300	1.585083
352.931400	1.615448
352.931500	1.629639
352.931600	1.647339
352.931700	1.665344
352.931800	1.681213
352.931900	1.695557
352.932000	1.705627
352.932100	1.707458
352.932200	1.712952
352.932300	1.726074
352.932400	1.722412
352.932500	1.720123
352.932600	1.717377
352.932700	1.706238
352.932800	1.706543
352.932900	1.701508
352.933000	1.684113
352.933100	1.677856
352.933200	1.665497
352.933300	1.654358
352.933400	1.641846
352.933500	1.630859
352.933600	1.616211
352.933700	1.598663
352.933800	1.578979
352.933900	1.567688
352.934000	1.549072
352.934100	1.529236
352.934200	1.515503
352.934300	1.495209
352.934400	1.469727
352.934500	1.446838
352.934600	1.424255
352.934700	1.403198
352.934800	1.373596
352.934900	1.352539
352.935000	1.320343
352.935100	1.291809
352.935200	1.260986
352.935300	1.227112
352.935400	1.190948
352.935500	1.151276
352.935600	1.116943
352.935700	1.076813
352.935800	1.036835
352.935900	0.995331
352.936000	0.944977
352.936100	0.910187
352.936200	0.865021
352.936300	0.818329
352.936400	0.767670
352.936500	0.721893
352.936600	0.668640
352.936700	0.615845
352.936800	0.562744
352.936900	0.511475
352.937000	0.459900
352.937100	0.412292
352.937200	0.352631
352.937300	0.302734
352.937400	0.257111
352.937500	0.208588
352.937600	0.157928
352.937700	0.110474
352.937800	0.068970
352.937900	0.028992
352.938000	-0.008240
352.938100	-0.046997
352.938200	-0.084839
352.938300	-0.121307
352.938400	-0.155029
352.938500	-0.180664
352.938600	-0.205994
352.938700	-0.235596
352.938800	-0.253143
352.938900	-0.279541
352.939000	-0.296783
352.939100	-0.315857
352.939200	-0.331726
352.939300	-0.342560
352.939400	-0.360870
352.939500	-0.370789
352.939600	-0.386505
352.939700	-0.393066
352.939800	-0.404358
352.939900	-0.408936
352.940000	-0.419464
352.940100	-0.426788
352.940200	-0.432281
352.940300	-0.434113
352.940400	-0.437164
352.940500	-0.438843
352.940600	-0.446777
352.940700	-0.449219
352.940800	-0.448608
352.940900	-0.453033
352.941000	-0.456390
352.941100	-0.456085
352.941200	-0.454254
352.941300	-0.453796
352.941400	-0.455170
352.941500	-0.451660
352.941600	-0.458069
352.941700	-0.454865
352.941800	-0.456085
352.941900	-0.451508
352.942000	-0.455627
352.942100	-0.456543
352.942200	-0.449829
352.942300	-0.445251
352.942400	-0.440979
352.942500	-0.439453
352.942600	-0.436096
352.942700	-0.430450
352.942800	-0.428925
352.942900	-0.428009
352.943000	-0.426941
352.943100	-0.422058
352.943200	-0.417938
352.943300	-0.412292
352.943400	-0.407867
352.943500	-0.402527
352.943600	-0.400085
352.943700	-0.395813
352.943800	-0.391693
352.943900	-0.387878
352.944000	-0.377808
352.944100	-0.372467
352.944200	-0.370331
352.944300	-0.364532
352.944400	-0.359344
352.944500	-0.355835
352.944600	-0.350189
352.944700	-0.345917
352.944800	-0.339813
352.944900	-0.334778
352.945000	-0.332489
352.945100	-0.327759
352.945200	-0.323639
352.945300	-0.319366
352.945400	-0.311279
352.945500	-0.309906
352.945600	-0.305939
352.945700	-0.296326
352.945800	-0.295105
352.945900	-0.290070
352.946000	-0.286560
352.946100	-0.283508
352.946200	-0.281982
352.946300	-0.276337
352.946400	-0.273132
352.946500	-0.268555
352.946600	-0.266724
352.946700	-0.261078
352.946800	-0.256348
352.946900	-0.251160
352.947000	-0.251465
352.947100	-0.249939
352.947200	-0.244904
352.947300	-0.244904
352.947400	-0.241699
352.947500	-0.235748
352.947600	-0.230255
352.947700	-0.225983
352.947800	-0.227203
352.947900	-0.225677
352.948000	-0.217743
352.948100	-0.218353
352.948200	-0.217438
352.948300	-0.212402
352.948400	-0.203094
352.948500	-0.202026
352.948600	-0.192566
352.948700	-0.195160
352.948800	-0.201416
352.948900	-0.197754
352.949000	-0.193481
352.949100	-0.192871
352.949200	-0.183258
352.949300	-0.181427
352.949400	-0.183411
352.949500	-0.181885
352.949600	-0.179138
352.949700	-0.176697
352.949800	-0.171814
352.949900	-0.178375
352.950000	-0.169373
352.950100	-0.167236
352.950200	-0.170746
352.950300	-0.167542
352.950400	-0.166473
352.950500	-0.162201
352.950600	-0.155487
352.950700	-0.154114
352.950800	-0.153809
352.950900	-0.153961
352.951000	-0.150146
352.951100	-0.150909
352.951200	-0.149384
352.951300	-0.144348
352.951400	-0.144501
352.951500	-0.147858
352.951600	-0.144653
352.951700	-0.140076
352.951800	-0.141296
352.951900	-0.143127
352.952000	-0.142670
352.952100	-0.139771
352.952200	-0.149078
352.952300	-0.149536
352.952400	-0.143890
352.952500	-0.144196
352.952600	-0.149078
352.952700	-0.147400
352.952800	-0.145416
352.952900	-0.151215
352.953000	-0.152130
352.953100	-0.148010
352.953200	-0.150757
352.953300	-0.153809
352.953400	-0.157166
352.953500	-0.155640
352.953600	-0.154724
352.953700	-0.156708
352.953800	-0.156403
352.953900	-0.162048
352.954000	-0.164185
352.954100	-0.160980
352.954200	-0.169983
352.954300	-0.171051
352.954400	-0.174713
352.954500	-0.179291
352.954600	-0.180054
352.954700	-0.180664
352.954800	-0.184021
352.954900	-0.184326
352.955000	-0.191345
352.955100	-0.196533
352.955200	-0.198975
352.955300	-0.198212
352.955400	-0.201874
352.955500	-0.204468
352.955600	-0.206299
352.955700	-0.207520
352.955800	-0.205078
352.955900	-0.209351
352.956000	-0.208130
352.956100	-0.208435
352.956200	-0.203705
352.956300	-0.206146
352.956400	-0.205688
352.956500	-0.204010
352.956600	-0.207825
352.956700	-0.203094
352.956800	-0.200043
352.956900	-0.201416
352.957000	-0.196228
352.957100	-0.195770
352.957200	-0.203094
352.957300	-0.195770
352.957400	-0.191498
352.957500	-0.190277
352.957600	-0.186920
352.957700	-0.188141
352.957800	-0.187683
352.957900	-0.184021
352.958000	-0.183105
352.958100	-0.179138
352.958200	-0.182037
352.958300	-0.176544
352.958400	-0.177002
352.958500	-0.169983
352.958600	-0.171356
352.958700	-0.173798
352.958800	-0.173950
352.958900	-0.163879
352.959000	-0.161133
352.959100	-0.161438
352.959200	-0.155487
352.959300	-0.144196
352.959400	-0.143280
352.959500	-0.132599
352.959600	-0.126801
352.959700	-0.119934
352.959800	-0.117340
352.959900	-0.110626
352.960000	-0.101776
352.960100	-0.093384
352.960200	-0.081787
352.960300	-0.069427
352.960400	-0.058136
352.960500	-0.051117
352.960600	-0.042114
352.960700	-0.030212
352.960800	-0.025024
352.960900	-0.019073
352.961000	-0.006714
352.961100	0.000305
352.961200	0.008698
352.961300	0.019836
352.961400	0.029907
352.961500	0.031433
352.961600	0.034790
352.961700	0.039978
352.961800	0.051117
352.961900	0.058441
352.962000	0.061340
352.962100	0.071869
352.962200	0.084534
352.962300	0.089722
352.962400	0.097504
352.962500	0.103760
352.962600	0.115356
352.962700	0.114746
352.962800	0.126953
352.962900	0.137787
352.963000	0.139771
352.963100	0.147400
352.963200	0.150299
352.963300	0.157928
352.963400	0.163574
352.963500	0.167847
352.963600	0.174255
352.963700	0.173950
352.963800	0.174103
352.963900	0.179443
352.964000	0.179291
352.964100	0.185852
352.964200	0.187531
352.964300	0.186005
352.964400	0.186157
352.964500	0.183563
352.964600	0.183868
352.964700	0.182190
352.964800	0.181580
352.964900	0.182343
352.965000	0.181580
352.965100	0.177307
352.965200	0.174713
352.965300	0.169983
352.965400	0.175323
352.965500	0.170898
352.965600	0.168610
352.965700	0.167694
352.965800	0.161133
352.965900	0.164642
352.966000	0.163269
352.966100	0.156250
352.966200	0.153046
352.966300	0.154724
352.966400	0.152588
352.966500	0.152130
352.966600	0.146790
352.966700	0.149078
352.966800	0.147705
352.966900	0.143585
352.967000	0.136871
352.967100	0.135803
352.967200	0.130005
352.967300	0.126343
352.967400	0.122070
352.967500	0.118561
352.967600	0.110474
352.967700	0.103302
352.967800	0.095825
352.967900	0.095978
352.968000	0.088196
352.968100	0.076904
352.968200	0.068817
352.968300	0.059509
352.968400	0.056152
352.968500	0.047760
352.968600	0.038147
352.968700	0.030365
352.968800	0.018921
352.968900	0.008240
352.969000	0.001831
352.969100	-0.001984
352.969200	0.000916
352.969300	-0.007935
352.969400	-0.014648
352.969500	-0.019531
352.969600	-0.021515
352.969700	-0.025330
352.969800	-0.030518
352.969900	-0.035553
352.970000	-0.038300
352.970100	-0.039215
352.970200	-0.043793
352.970300	-0.048523
352.970400	-0.051575
352.970500	-0.053253
352.970600	-0.053101
352.970700	-0.057983
352.970800	-0.057526
352.970900	-0.057220
352.971000	-0.059662
352.971100	-0.061035
352.971200	-0.059204
352.971300	-0.061493
352.971400	-0.068207
352.971500	-0.064697
352.971600	-0.066528
352.971700	-0.059967
352.971800	-0.063629
352.971900	-0.061493
352.972000	-0.060120
352.972100	-0.056000
352.972200	-0.054932
352.972300	-0.054932
352.972400	-0.054932
352.972500	-0.053864
352.972600	-0.050201
352.972700	-0.047607
352.972800	-0.040894
