253.693700	-0.006256
253.693800	0.004272
253.693900	0.006409
253.694000	0.010071
253.694100	0.007629
253.694200	0.012970
253.694300	0.014648
253.694400	0.014343
253.694500	0.009460
253.694600	0.010986
253.694700	0.012207
253.694800	0.010223
253.694900	0.010986
253.695000	0.016785
253.695100	0.012665
253.695200	0.017242
253.695300	0.028687
253.695400	0.042877
253.695500	0.052490
253.695600	0.048828
253.695700	0.046539
253.695800	0.023499
253.695900	-0.001831
253.696000	-0.019379
253.696100	-0.031128
253.696200	-0.032806
253.696300	-0.024414
253.696400	-0.018616
253.696500	-0.012817
253.696600	-0.004578
253.696700	-0.000610
253.696800	0.001831
253.696900	0.004883
253.697000	0.010681
253.697100	0.017700
253.697200	0.045471
253.697300	0.077209
253.697400	0.121155
253.697500	0.153351
253.697600	0.169067
253.697700	0.174255
253.697800	0.129242
253.697900	0.059357
253.698000	0.001831
253.698100	-0.046539
253.698200	-0.096283
253.698300	-0.129242
253.698400	-0.140686
253.698500	-0.126038
253.698600	-0.101318
253.698700	-0.079803
253.698800	-0.054932
253.698900	-0.036926
253.699000	-0.015564
253.699100	-0.010529
253.699200	-0.002747
253.699300	-0.006104
253.699400	-0.001984
253.699500	0.006714
253.699600	0.009460
253.699700	0.007324
253.699800	0.012970
253.699900	0.016327
253.700000	0.016022
253.700100	0.011292
253.700200	0.005493
253.700300	0.006866
253.700400	0.006409
253.700500	0.009613
253.700600	0.012360
253.700700	0.010376
253.700800	0.012512
253.700900	0.005493
253.701000	0.000763
253.701100	-0.007172
253.701200	0.000153
253.701300	-0.004730
253.701400	0.005341
253.701500	0.004730
253.701600	0.012512
253.701700	0.011902
253.701800	0.006714
253.701900	0.013275
253.702000	0.018005
253.702100	0.018158
253.702200	0.022278
253.702300	0.026550
253.702400	0.030823
253.702500	0.031738
253.702600	0.021210
253.702700	0.019836
253.702800	0.015564
253.702900	0.015411
253.703000	0.007019
253.703100	0.003510
253.703200	0.005188
253.703300	-0.003967
253.703400	-0.010223
253.703500	-0.000610
253.703600	0.000458
253.703700	0.006714
253.703800	0.009460
253.703900	0.010071
253.704000	0.012665
253.704100	0.013123
253.704200	0.011292
253.704300	0.021973
253.704400	0.022583
253.704500	0.011902
253.704600	0.015106
253.704700	0.012970
253.704800	0.007019
253.704900	0.019684
253.705000	0.015259
253.705100	0.021667
253.705200	0.014954
253.705300	0.020905
253.705400	0.021210
253.705500	0.025787
253.705600	0.021210
253.705700	0.023193
253.705800	0.025940
253.705900	0.025635
253.706000	0.036621
253.706100	0.039215
253.706200	0.042114
253.706300	0.036163
253.706400	0.037689
253.706500	0.034790
253.706600	0.027618
253.706700	0.024109
253.706800	0.009766
253.706900	-0.002594
253.707000	-0.007782
253.707100	-0.024109
253.707200	-0.026703
253.707300	-0.021667
253.707400	-0.010529
253.707500	-0.007324
253.707600	0.004425
253.707700	0.018768
253.707800	0.032043
253.707900	0.035706
253.708000	0.034637
253.708100	0.039978
253.708200	0.035400
253.708300	0.030518
253.708400	0.023041
253.708500	0.007782
253.708600	0.005646
253.708700	-0.003357
253.708800	-0.006409
253.708900	-0.013123
253.709000	-0.012817
253.709100	-0.007629
253.709200	-0.009460
253.709300	-0.003815
253.709400	0.000305
253.709500	0.026398
253.709600	0.083466
253.709700	0.227509
253.709800	0.469208
253.709900	0.750427
253.710000	0.960693
253.710100	1.038513
253.710200	0.961761
253.710300	0.715942
253.710400	0.336914
253.710500	-0.099335
253.710600	-0.492401
253.710700	-0.804443
253.710800	-0.988312
253.710900	-1.008148
253.711000	-0.897064
253.711100	-0.671234
253.711200	-0.431061
253.711300	-0.209351
253.711400	-0.076904
253.711500	-0.021362
253.711600	0.007935
253.711700	0.004120
253.711800	0.009155
253.711900	0.005646
253.712000	0.009766
253.712100	0.008850
253.712200	0.011597
253.712300	0.012817
253.712400	0.013733
253.712500	0.013580
253.712600	0.006409
253.712700	0.017548
253.712800	0.018921
253.712900	0.018768
253.713000	0.022430
253.713100	0.021515
253.713200	0.016632
253.713300	0.013580
253.713400	0.013733
253.713500	0.013580
253.713600	0.009460
253.713700	0.008240
253.713800	0.007324
253.713900	0.010529
253.714000	0.009460
253.714100	0.007477
253.714200	0.011597
253.714300	0.009460
253.714400	0.006104
253.714500	0.003967
253.714600	0.004272
253.714700	0.004272
253.714800	0.010529
253.714900	0.010071
253.715000	0.012665
253.715100	0.012207
253.715200	0.017700
253.715300	0.033417
253.715400	0.073242
253.715500	0.122528
253.715600	0.214386
253.715700	0.398407
253.715800	0.740967
253.715900	1.258240
253.716000	1.613159
253.716100	1.706543
253.716200	1.715698
253.716300	1.534271
253.716400	0.874786
253.716500	-0.017090
253.716600	-0.865479
253.716700	-1.576080
253.716800	-1.828918
253.716900	-1.887665
253.717000	-1.853638
253.717100	-1.498718
253.717200	-0.937195
253.717300	-0.297394
253.717400	0.204010
253.717500	0.596008
253.717600	0.842896
253.717700	0.938721
253.717800	0.890656
253.717900	0.686493
253.718000	0.382843
253.718100	0.031586
253.718200	-0.334930
253.718300	-0.601044
253.718400	-0.760040
253.718500	-0.826111
253.718600	-0.794830
253.718700	-0.670319
253.718800	-0.490112
253.718900	-0.323486
253.719000	-0.198364
253.719100	-0.094604
253.719200	-0.010529
253.719300	0.032959
253.719400	0.062866
253.719500	0.061340
253.719600	0.057220
253.719700	0.045471
253.719800	0.040894
253.719900	0.038300
253.720000	0.027771
253.720100	0.033722
253.720200	0.029755
253.720300	0.033264
253.720400	0.034180
253.720500	0.027466
253.720600	0.022125
253.720700	0.020142
253.720800	0.024567
253.720900	0.026550
253.721000	0.037231
253.721100	0.038910
253.721200	0.045624
253.721300	0.042267
253.721400	0.037842
253.721500	0.036011
253.721600	0.027313
253.721700	0.024872
253.721800	0.022583
253.721900	0.020599
253.722000	0.039368
253.722100	0.067596
253.722200	0.101471
253.722300	0.115662
253.722400	0.122681
253.722500	0.138397
253.722600	0.278015
253.722700	0.628357
253.722800	1.259308
253.722900	2.202911
253.723000	2.749023
253.723100	2.802124
253.723200	2.797394
253.723300	2.725220
253.723400	1.983795
253.723500	0.405121
253.723600	-1.083221
253.723700	-2.306366
253.723800	-2.692566
253.723900	-2.791595
253.724000	-2.834473
253.724100	-2.483826
253.724200	-1.461945
253.724300	-0.329590
253.724400	0.578308
253.724500	1.094818
253.724600	1.259460
253.724700	1.166534
253.724800	0.832062
253.724900	0.333710
253.725000	-0.211029
253.725100	-0.691833
253.725200	-1.091003
253.725300	-1.227417
253.725400	-1.282959
253.725500	-1.199799
253.725600	-0.870056
253.725700	-0.548248
253.725800	-0.280151
253.725900	-0.101776
253.726000	-0.017395
253.726100	0.013428
253.726200	0.036621
253.726300	0.049133
253.726400	0.051422
253.726500	0.056763
253.726600	0.058746
253.726700	0.055542
253.726800	0.050049
253.726900	0.042114
253.727000	0.040283
253.727100	0.028534
253.727200	0.017395
253.727300	0.017700
253.727400	0.018158
253.727500	0.025787
253.727600	0.022888
253.727700	0.028992
253.727800	0.041351
253.727900	0.054474
253.728000	0.062714
253.728100	0.077972
253.728200	0.093842
253.728300	0.091400
253.728400	0.092316
253.728500	0.084076
253.728600	0.078430
253.728700	0.074768
253.728800	0.064392
253.728900	0.047760
253.729000	0.041656
253.729100	0.026398
253.729200	0.018158
253.729300	0.011749
253.729400	0.008545
253.729500	0.004425
253.729600	0.006256
253.729700	0.006866
253.729800	0.018311
253.729900	0.026245
253.730000	0.022278
253.730100	0.026245
253.730200	0.029907
253.730300	0.031433
253.730400	0.035858
253.730500	0.040894
253.730600	0.039215
253.730700	0.033112
253.730800	0.029755
253.730900	0.031586
253.731000	0.036011
253.731100	0.032196
253.731200	0.034332
253.731300	0.031128
253.731400	0.026855
253.731500	0.033112
253.731600	0.041046
253.731700	0.058441
253.731800	0.075684
253.731900	0.084229
253.732000	0.075684
253.732100	0.068665
253.732200	0.053711
253.732300	0.042267
253.732400	0.023193
253.732500	0.008087
253.732600	-0.009613
253.732700	-0.019073
253.732800	-0.018921
253.732900	-0.011902
253.733000	-0.001221
253.733100	0.009003
253.733200	0.014648
253.733300	0.018311
253.733400	0.027008
253.733500	0.026398
253.733600	0.028839
253.733700	0.023499
253.733800	0.018768
253.733900	0.017853
253.734000	0.016937
253.734100	0.020294
253.734200	0.016022
253.734300	0.010986
253.734400	0.014191
253.734500	0.015869
253.734600	0.014343
253.734700	0.011444
253.734800	0.016632
253.734900	0.021515
253.735000	0.013428
253.735100	0.013885
253.735200	0.015259
253.735300	0.018311
253.735400	0.014801
253.735500	0.019379
253.735600	0.022125
253.735700	0.016632
253.735800	0.020447
253.735900	0.016022
253.736000	0.019989
253.736100	0.020294
253.736200	0.017700
253.736300	0.014648
253.736400	0.012207
253.736500	0.006409
253.736600	0.009460
253.736700	0.019226
253.736800	0.019073
253.736900	0.025330
253.737000	0.030365
253.737100	0.030823
253.737200	0.024414
253.737300	0.034943
253.737400	0.032196
253.737500	0.032806
253.737600	0.028229
253.737700	0.027466
253.737800	0.027161
253.737900	0.031738
253.738000	0.019531
253.738100	0.014038
253.738200	0.009155
253.738300	0.011749
253.738400	0.007477
253.738500	0.005798
253.738600	0.014038
253.738700	0.011749
253.738800	0.008698
253.738900	0.003662
253.739000	-0.000916
253.739100	-0.005493
253.739200	-0.001984
253.739300	-0.009460
253.739400	-0.013580
253.739500	-0.010223
253.739600	-0.009766
253.739700	-0.002441
253.739800	0.004120
253.739900	0.010529
253.740000	0.016479
253.740100	0.013885
253.740200	0.014954
253.740300	0.012970
253.740400	0.011139
253.740500	0.016479
253.740600	0.014343
253.740700	0.013275
253.740800	0.021210
253.740900	0.021820
253.741000	0.029297
253.741100	0.039673
253.741200	0.047150
253.741300	0.046387
253.741400	0.050659
253.741500	0.055695
253.741600	0.057678
253.741700	0.049286
253.741800	0.031738
253.741900	0.024719
253.742000	0.036011
253.742100	0.115356
253.742200	0.253448
253.742300	0.371094
253.742400	0.418091
253.742500	0.424347
253.742600	0.370178
253.742700	0.197601
253.742800	-0.049286
253.742900	-0.257568
253.743000	-0.356293
253.743100	-0.369263
253.743200	-0.339050
253.743300	-0.282745
253.743400	-0.189667
253.743500	-0.096283
253.743600	-0.028992
253.743700	0.005341
253.743800	0.011902
253.743900	0.007324
253.744000	0.007935
253.744100	0.009613
253.744200	0.013428
253.744300	0.005188
253.744400	0.010529
253.744500	0.007172
253.744600	0.011749
253.744700	0.012207
253.744800	0.012665
253.744900	0.011597
253.745000	0.011292
253.745100	0.007629
253.745200	0.011902
253.745300	0.012512
253.745400	0.015259
253.745500	0.005493
253.745600	0.004578
253.745700	0.004883
253.745800	0.006409
253.745900	0.008850
253.746000	0.013580
253.746100	0.021362
253.746200	0.026550
253.746300	0.040131
253.746400	0.130157
253.746500	0.394135
253.746600	0.942078
253.746700	1.783600
253.746800	2.431641
253.746900	2.729797
253.747000	2.833862
253.747100	2.407227
253.747200	1.287689
