286.871300	0.057220
286.871400	0.059662
286.871500	0.070038
286.871600	0.064087
286.871700	0.064850
286.871800	0.068207
286.871900	0.064850
286.872000	0.064087
286.872100	0.068054
286.872200	0.067139
286.872300	0.063019
286.872400	0.067444
286.872500	0.063629
286.872600	0.060120
286.872700	0.063019
286.872800	0.061646
286.872900	0.065613
286.873000	0.057068
286.873100	0.065613
286.873200	0.065918
286.873300	0.065308
286.873400	0.065308
286.873500	0.069275
286.873600	0.068207
286.873700	0.073853
286.873800	0.063019
286.873900	0.063171
286.874000	0.061493
286.874100	0.059509
286.874200	0.063477
286.874300	0.065002
286.874400	0.063934
286.874500	0.067749
286.874600	0.067444
286.874700	0.063934
286.874800	0.062714
286.874900	0.063629
286.875000	0.067596
286.875100	0.065002
286.875200	0.063477
286.875300	0.063782
286.875400	0.060120
286.875500	0.061035
286.875600	0.061646
286.875700	0.065613
286.875800	0.066833
286.875900	0.068665
286.876000	0.066071
286.876100	0.063934
286.876200	0.068359
286.876300	0.072937
286.876400	0.067749
286.876500	0.064240
286.876600	0.069733
286.876700	0.063934
286.876800	0.064545
286.876900	0.062256
286.877000	0.062866
286.877100	0.059662
286.877200	0.061493
286.877300	0.063019
286.877400	0.063324
286.877500	0.059509
286.877600	0.062714
286.877700	0.066681
286.877800	0.067902
286.877900	0.063171
286.878000	0.060730
286.878100	0.064087
286.878200	0.062866
286.878300	0.061646
286.878400	0.060272
286.878500	0.061646
286.878600	0.065002
286.878700	0.063019
286.878800	0.060730
286.878900	0.060272
286.879000	0.065765
286.879100	0.066528
286.879200	0.063171
286.879300	0.063019
286.879400	0.060730
286.879500	0.061798
286.879600	0.060730
286.879700	0.059967
286.879800	0.061188
286.879900	0.061035
286.880000	0.063629
286.880100	0.063477
286.880200	0.071106
286.880300	0.065765
286.880400	0.064087
286.880500	0.067596
286.880600	0.061798
286.880700	0.065002
286.880800	0.065002
286.880900	0.066071
286.881000	0.066071
286.881100	0.066071
286.881200	0.061493
286.881300	0.061646
286.881400	0.060577
286.881500	0.061035
286.881600	0.063629
286.881700	0.061188
286.881800	0.061340
286.881900	0.059052
286.882000	0.056915
286.882100	0.057068
286.882200	0.062866
286.882300	0.061951
286.882400	0.061951
286.882500	0.059814
286.882600	0.063171
286.882700	0.064545
286.882800	0.068207
286.882900	0.065765
286.883000	0.059967
286.883100	0.063477
286.883200	0.061646
286.883300	0.061798
286.883400	0.063782
286.883500	0.059967
286.883600	0.064240
286.883700	0.065765
286.883800	0.068359
286.883900	0.068359
286.884000	0.057678
286.884100	0.054932
286.884200	0.057220
286.884300	0.057068
286.884400	0.065613
286.884500	0.060730
286.884600	0.059967
286.884700	0.061035
286.884800	0.060272
286.884900	0.070343
286.885000	0.071106
286.885100	0.065308
286.885200	0.067139
286.885300	0.059509
286.885400	0.061035
286.885500	0.057526
286.885600	0.057526
286.885700	0.061035
286.885800	0.059204
286.885900	0.060577
286.886000	0.053101
286.886100	0.053864
286.886200	0.059662
286.886300	0.060883
286.886400	0.058899
286.886500	0.057678
286.886600	0.058136
286.886700	0.059814
286.886800	0.061493
286.886900	0.063782
286.887000	0.059662
286.887100	0.056763
286.887200	0.061188
286.887300	0.063782
286.887400	0.061493
286.887500	0.063171
286.887600	0.062714
286.887700	0.066223
286.887800	0.060577
286.887900	0.061646
286.888000	0.063477
286.888100	0.061188
286.888200	0.061798
286.888300	0.069580
286.888400	0.060120
286.888500	0.063934
286.888600	0.064697
286.888700	0.061798
286.888800	0.057678
286.888900	0.061035
286.889000	0.062866
286.889100	0.058899
286.889200	0.057373
286.889300	0.063019
286.889400	0.060425
286.889500	0.056763
286.889600	0.059509
286.889700	0.059662
286.889800	0.061798
286.889900	0.063934
286.890000	0.061951
286.890100	0.059814
286.890200	0.069733
286.890300	0.064240
286.890400	0.067596
286.890500	0.065308
286.890600	0.063019
286.890700	0.058441
286.890800	0.061340
286.890900	0.059662
286.891000	0.062561
286.891100	0.064697
286.891200	0.065308
286.891300	0.069122
286.891400	0.064392
286.891500	0.062103
286.891600	0.063171
286.891700	0.065155
286.891800	0.065918
286.891900	0.063171
286.892000	0.061188
286.892100	0.059967
286.892200	0.060120
286.892300	0.057526
286.892400	0.059204
286.892500	0.059662
286.892600	0.061340
286.892700	0.066071
286.892800	0.061188
286.892900	0.061188
286.893000	0.063934
286.893100	0.062561
286.893200	0.063324
286.893300	0.060272
286.893400	0.061646
286.893500	0.066376
286.893600	0.067444
286.893700	0.068970
286.893800	0.063019
286.893900	0.068207
286.894000	0.062103
286.894100	0.063934
286.894200	0.071564
286.894300	0.065613
286.894400	0.068207
286.894500	0.069122
286.894600	0.063782
286.894700	0.067291
286.894800	0.069275
286.894900	0.064545
286.895000	0.062408
286.895100	0.069885
286.895200	0.067291
286.895300	0.065765
286.895400	0.065155
286.895500	0.064240
286.895600	0.065002
286.895700	0.067291
286.895800	0.063324
286.895900	0.066223
286.896000	0.057831
286.896100	0.065155
286.896200	0.064087
286.896300	0.065155
286.896400	0.063171
286.896500	0.067291
286.896600	0.064240
286.896700	0.062866
286.896800	0.062714
286.896900	0.066681
286.897000	0.064392
286.897100	0.058289
286.897200	0.063171
286.897300	0.064850
286.897400	0.062561
286.897500	0.063171
286.897600	0.066986
286.897700	0.063934
286.897800	0.067139
286.897900	0.061340
286.898000	0.069427
286.898100	0.067596
286.898200	0.063477
286.898300	0.063324
286.898400	0.067749
286.898500	0.068970
286.898600	0.064392
286.898700	0.060883
286.898800	0.066071
286.898900	0.068817
286.899000	0.066833
286.899100	0.065308
286.899200	0.070343
286.899300	0.063324
286.899400	0.067444
286.899500	0.065155
286.899600	0.063171
286.899700	0.068359
286.899800	0.066833
286.899900	0.061798
286.900000	0.062408
286.900100	0.060577
286.900200	0.063019
286.900300	0.068512
286.900400	0.066681
286.900500	0.060577
286.900600	0.063324
286.900700	0.060120
286.900800	0.065308
286.900900	0.065613
286.901000	0.063324
286.901100	0.060883
286.901200	0.060425
286.901300	0.063629
286.901400	0.061798
286.901500	0.060883
286.901600	0.058594
286.901700	0.062256
286.901800	0.063629
286.901900	0.066986
286.902000	0.067139
286.902100	0.061951
286.902200	0.064240
286.902300	0.063782
286.902400	0.063629
286.902500	0.057068
286.902600	0.062866
286.902700	0.059967
286.902800	0.062866
286.902900	0.060577
286.903000	0.059204
286.903100	0.064697
286.903200	0.058289
286.903300	0.053864
286.903400	0.054932
286.903500	0.061340
286.903600	0.067139
286.903700	0.054779
286.903800	0.051117
286.903900	0.052490
286.904000	0.053558
286.904100	0.053711
286.904200	0.052185
286.904300	0.052490
286.904400	0.056305
286.904500	0.056458
286.904600	0.053406
286.904700	0.055695
286.904800	0.054626
286.904900	0.055847
286.905000	0.058594
286.905100	0.058746
286.905200	0.057220
286.905300	0.054321
286.905400	0.051422
286.905500	0.057373
286.905600	0.051422
286.905700	0.054932
286.905800	0.050507
286.905900	0.054016
286.906000	0.056000
286.906100	0.048981
286.906200	0.047760
286.906300	0.044861
286.906400	0.043335
286.906500	0.048523
286.906600	0.046692
286.906700	0.050049
286.906800	0.051727
286.906900	0.045166
286.907000	0.044556
286.907100	0.044556
286.907200	0.046539
286.907300	0.047913
286.907400	0.047150
286.907500	0.040436
286.907600	0.044403
286.907700	0.041809
286.907800	0.045624
286.907900	0.039978
286.908000	0.043640
286.908100	0.044861
286.908200	0.043335
286.908300	0.038452
286.908400	0.040283
286.908500	0.042572
286.908600	0.042114
286.908700	0.033722
286.908800	0.032654
286.908900	0.036469
286.909000	0.038605
286.909100	0.038605
286.909200	0.042725
286.909300	0.041656
286.909400	0.042877
286.909500	0.037689
286.909600	0.041046
286.909700	0.040894
286.909800	0.042725
286.909900	0.039062
286.910000	0.034790
286.910100	0.033722
286.910200	0.036163
286.910300	0.031738
286.910400	0.038910
286.910500	0.035248
286.910600	0.032196
286.910700	0.037384
286.910800	0.035248
286.910900	0.032959
286.911000	0.033112
286.911100	0.030518
286.911200	0.036926
286.911300	0.030518
286.911400	0.035095
286.911500	0.032806
286.911600	0.033417
286.911700	0.031738
286.911800	0.027466
286.911900	0.028076
286.912000	0.030365
286.912100	0.027313
286.912200	0.027313
286.912300	0.028534
286.912400	0.029602
286.912500	0.028076
286.912600	0.029602
286.912700	0.029602
286.912800	0.027924
286.912900	0.028381
286.913000	0.030060
286.913100	0.029449
286.913200	0.027618
286.913300	0.027313
286.913400	0.025635
286.913500	0.026550
286.913600	0.021667
286.913700	0.021210
286.913800	0.023193
286.913900	0.027466
286.914000	0.025024
286.914100	0.022430
286.914200	0.026398
286.914300	0.026245
286.914400	0.024719
286.914500	0.028839
286.914600	0.029907
286.914700	0.028839
286.914800	0.031891
286.914900	0.028839
286.915000	0.030212
286.915100	0.028534
286.915200	0.028229
286.915300	0.026550
286.915400	0.023346
286.915500	0.019836
286.915600	0.024109
286.915700	0.025024
286.915800	0.025482
286.915900	0.022888
286.916000	0.030212
286.916100	0.023956
286.916200	0.025787
286.916300	0.025330
286.916400	0.026245
286.916500	0.024719
286.916600	0.024872
286.916700	0.030212
286.916800	0.031738
286.916900	0.027924
286.917000	0.025635
286.917100	0.025330
286.917200	0.030212
286.917300	0.030365
286.917400	0.031891
286.917500	0.035553
286.917600	0.033417
286.917700	0.029755
286.917800	0.026703
286.917900	0.031891
286.918000	0.031433
286.918100	0.032501
286.918200	0.029297
286.918300	0.036316
286.918400	0.035095
286.918500	0.031128
286.918600	0.031433
286.918700	0.030060
286.918800	0.034180
286.918900	0.036469
286.919000	0.031433
286.919100	0.031891
286.919200	0.035248
286.919300	0.031128
286.919400	0.031433
286.919500	0.030975
286.919600	0.034485
286.919700	0.029755
286.919800	0.031433
286.919900	0.031586
286.920000	0.030670
286.920100	0.029602
286.920200	0.032043
286.920300	0.028534
286.920400	0.032959
286.920500	0.035553
286.920600	0.031738
286.920700	0.031128
286.920800	0.031281
286.920900	0.034180
286.921000	0.032196
286.921100	0.030975
286.921200	0.033722
286.921300	0.033569
286.921400	0.035400
286.921500	0.024567
286.921600	0.025940
286.921700	0.030670
286.921800	0.023804
286.921900	0.033112
286.922000	0.029144
286.922100	0.029602
286.922200	0.031738
286.922300	0.027008
286.922400	0.031738
286.922500	0.031586
286.922600	0.031128
286.922700	0.034027
286.922800	0.033417
286.922900	0.039978
286.923000	0.032959
286.923100	0.036774
286.923200	0.035706
286.923300	0.032654
286.923400	0.031586
286.923500	0.032501
286.923600	0.040588
286.923700	0.039368
286.923800	0.036774
286.923900	0.036926
286.924000	0.034485
286.924100	0.038452
286.924200	0.037994
286.924300	0.037079
286.924400	0.041504
286.924500	0.035095
286.924600	0.033569
286.924700	0.036621
286.924800	0.032959
