235.415300	0.319366
235.415400	0.342407
235.415500	0.316467
235.415600	0.260010
235.415700	0.181732
235.415800	0.086517
235.415900	-0.006866
235.416000	-0.102844
235.416100	-0.185394
235.416200	-0.252838
235.416300	-0.292358
235.416400	-0.285797
235.416500	-0.231934
235.416600	-0.138550
235.416700	-0.057983
235.416800	-0.002289
235.416900	0.013123
235.417000	0.014038
235.417100	0.010376
235.417200	0.005951
235.417300	0.012970
235.417400	0.050659
235.417500	0.154877
235.417600	0.359039
235.417700	0.655823
235.417800	0.953064
235.417900	1.163635
235.418000	1.215210
235.418100	1.089783
235.418200	0.776825
235.418300	0.310516
235.418400	-0.204315
235.418500	-0.655365
235.418600	-1.011505
235.418700	-1.181335
235.418800	-1.217041
235.418900	-1.191254
235.419000	-0.840302
235.419100	-0.535889
235.419200	-0.277405
235.419300	-0.110168
235.419400	-0.018768
235.419500	0.016785
235.419600	0.028381
235.419700	0.031128
235.419800	0.028534
235.419900	0.028381
235.420000	0.033112
235.420100	0.040131
235.420200	0.036926
235.420300	0.034943
235.420400	0.038605
235.420500	0.037231
235.420600	0.038300
235.420700	0.041504
235.420800	0.047607
235.420900	0.050659
235.421000	0.049133
235.421100	0.049896
235.421200	0.043335
235.421300	0.040283
235.421400	0.040436
235.421500	0.039520
235.421600	0.036316
235.421700	0.029144
235.421800	0.026093
235.421900	0.019379
235.422000	0.019531
235.422100	0.014648
235.422200	0.017090
235.422300	0.009918
235.422400	0.010071
235.422500	0.011902
235.422600	0.002136
235.422700	0.004272
235.422800	0.015106
235.422900	0.016022
235.423000	0.026398
235.423100	0.031128
235.423200	0.041199
235.423300	0.053864
235.423400	0.051575
235.423500	0.048065
235.423600	0.052185
235.423700	0.047607
235.423800	0.040283
235.423900	0.035858
235.424000	0.030975
235.424100	0.023346
235.424200	0.018311
235.424300	0.014038
235.424400	0.017395
235.424500	0.015259
235.424600	0.017090
235.424700	0.018463
235.424800	0.030975
235.424900	0.028381
235.425000	0.031128
235.425100	0.030212
235.425200	0.029297
235.425300	0.026398
235.425400	0.020294
235.425500	0.025482
235.425600	0.025635
235.425700	0.032196
235.425800	0.028687
235.425900	0.036163
235.426000	0.033722
235.426100	0.035095
235.426200	0.035248
235.426300	0.031433
235.426400	0.028229
235.426500	0.028076
235.426600	0.054321
235.426700	0.148163
235.426800	0.350800
235.426900	0.721741
235.427000	1.287994
235.427100	1.678772
235.427200	1.775513
235.427300	1.824951
235.427400	1.768188
235.427500	1.213531
235.427600	0.309753
235.427700	-0.617218
235.427800	-1.473999
235.427900	-1.848450
235.428000	-1.871185
235.428100	-1.844330
235.428200	-1.726990
235.428300	-1.272736
235.428400	-0.741577
235.428500	-0.351715
235.428600	-0.102234
235.428700	0.017090
235.428800	0.055084
235.428900	0.076599
235.429000	0.077667
235.429100	0.070801
235.429200	0.062561
235.429300	0.052490
235.429400	0.037537
235.429500	0.035400
235.429600	0.039978
235.429700	0.051880
235.429800	0.077362
235.429900	0.098572
235.430000	0.124207
235.430100	0.128937
235.430200	0.125275
235.430300	0.096130
235.430400	0.056305
235.430500	0.014648
235.430600	-0.029449
235.430700	-0.057526
235.430800	-0.061035
235.430900	-0.043488
235.431000	-0.023804
235.431100	0.002289
235.431200	0.022430
235.431300	0.026093
235.431400	0.023346
235.431500	0.042725
235.431600	0.088806
235.431700	0.189056
235.431800	0.359497
235.431900	0.530548
235.432000	0.582581
235.432100	0.530396
235.432200	0.410461
235.432300	0.253601
235.432400	0.059509
235.432500	-0.137634
235.432600	-0.308228
235.432700	-0.427856
235.432800	-0.508118
235.432900	-0.517578
235.433000	-0.409851
235.433100	-0.235138
235.433200	-0.093231
235.433300	-0.003204
235.433400	0.026398
235.433500	0.037384
235.433600	0.043945
235.433700	0.047455
235.433800	0.047607
235.433900	0.052032
235.434000	0.048065
235.434100	0.043640
235.434200	0.051422
235.434300	0.050507
235.434400	0.049591
235.434500	0.046844
235.434600	0.046692
235.434700	0.052643
235.434800	0.047302
235.434900	0.046387
235.435000	0.048981
235.435100	0.052795
235.435200	0.048676
235.435300	0.050049
235.435400	0.048218
235.435500	0.044250
235.435600	0.033722
235.435700	0.033569
235.435800	0.035706
235.435900	0.072784
235.436000	0.179443
235.436100	0.366516
235.436200	0.681458
235.436300	1.010895
235.436400	1.122742
235.436500	1.145477
235.436600	1.190796
235.436700	1.179504
235.436800	0.815277
235.436900	0.119019
235.437000	-0.573578
235.437100	-0.976257
235.437200	-1.097260
235.437300	-1.124268
235.437400	-1.164703
235.437500	-1.171875
235.437600	-0.900269
235.437700	-0.541229
235.437800	-0.247955
235.437900	0.020599
235.438000	0.246277
235.438100	0.426941
235.438200	0.522614
235.438300	0.532074
235.438400	0.469818
235.438500	0.305786
235.438600	0.099792
235.438700	-0.070496
235.438800	-0.103607
235.438900	-0.006866
235.439000	0.088501
235.439100	0.156250
235.439200	0.210419
235.439300	0.151978
235.439400	-0.092468
235.439500	-0.395355
235.439600	-0.594788
235.439700	-0.684052
235.439800	-0.691376
235.439900	-0.615234
235.440000	-0.416260
235.440100	-0.201416
235.440200	-0.055695
235.440300	0.010681
235.440400	0.037079
235.440500	0.043488
235.440600	0.045319
235.440700	0.042419
235.440800	0.043793
235.440900	0.043030
235.441000	0.051117
235.441100	0.056000
235.441200	0.084991
235.441300	0.131073
235.441400	0.173340
235.441500	0.206909
235.441600	0.220795
235.441700	0.210571
235.441800	0.178680
235.441900	0.114899
235.442000	0.058136
235.442100	0.002136
235.442200	-0.062256
235.442300	-0.096130
235.442400	-0.103607
235.442500	-0.095673
235.442600	-0.067749
235.442700	-0.032349
235.442800	-0.000305
235.442900	0.033875
235.443000	0.042725
235.443100	0.053253
235.443200	0.048523
235.443300	0.047607
235.443400	0.053558
235.443500	0.097961
235.443600	0.262604
235.443700	0.713196
235.443800	1.594238
235.443900	2.878265
235.444000	4.309235
235.444100	4.999847
235.444200	4.999847
235.444300	4.999847
235.444400	4.999847
235.444500	3.399506
235.444600	1.237793
235.444700	-0.813904
235.444800	-2.871552
235.444900	-4.471893
235.445000	-5.000000
235.445100	-5.000000
235.445200	-5.000000
235.445300	-5.000000
235.445400	-5.000000
235.445500	-3.498535
235.445600	-2.232819
235.445700	-1.358032
235.445800	-0.774689
235.445900	-0.381165
235.446000	-0.124054
235.446100	0.028076
235.446200	0.091705
235.446300	0.116730
235.446400	0.123596
235.446500	0.127411
235.446600	0.128632
235.446700	0.130310
235.446800	0.131531
235.446900	0.131989
235.447000	0.137024
235.447100	0.135956
235.447200	0.141449
235.447300	0.144806
235.447400	0.146942
235.447500	0.148010
235.447600	0.149689
235.447700	0.155182
235.447800	0.153351
235.447900	0.148773
235.448000	0.143738
235.448100	0.138092
235.448200	0.130463
235.448300	0.126190
235.448400	0.116882
235.448500	0.106964
235.448600	0.103760
235.448700	0.101013
235.448800	0.098267
235.448900	0.108337
235.449000	0.148926
235.449100	0.239410
235.449200	0.404510
235.449300	0.668182
235.449400	0.957336
235.449500	1.105194
235.449600	1.118469
235.449700	1.086578
235.449800	0.952148
235.449900	0.607452
235.450000	0.180359
235.450100	-0.264130
235.450200	-0.674896
235.450300	-0.960388
235.450400	-1.035004
235.450500	-0.989990
235.450600	-0.901642
235.450700	-0.723267
235.450800	-0.462646
235.450900	-0.204010
235.451000	-0.032959
235.451100	0.062714
235.451200	0.092316
235.451300	0.106506
235.451400	0.109711
235.451500	0.107574
235.451600	0.113525
235.451700	0.106354
235.451800	0.111084
235.451900	0.105743
235.452000	0.107574
235.452100	0.099030
235.452200	0.101471
235.452300	0.101166
235.452400	0.097656
235.452500	0.096893
235.452600	0.094147
235.452700	0.094147
235.452800	0.097504
235.452900	0.098572
235.453000	0.098419
235.453100	0.109100
235.453200	0.106659
235.453300	0.112762
235.453400	0.111542
235.453500	0.105743
235.453600	0.103760
235.453700	0.094910
235.453800	0.084686
235.453900	0.078735
235.454000	0.065002
235.454100	0.061340
235.454200	0.058136
235.454300	0.053406
235.454400	0.065613
235.454500	0.067139
235.454600	0.074615
235.454700	0.081024
235.454800	0.072174
235.454900	0.067291
235.455000	0.062256
235.455100	0.063019
235.455200	0.062256
235.455300	0.056305
235.455400	0.056152
235.455500	0.052795
235.455600	0.059662
235.455700	0.063477
235.455800	0.068054
235.455900	0.078583
235.456000	0.071411
235.456100	0.077209
235.456200	0.075836
235.456300	0.073700
235.456400	0.074921
235.456500	0.069580
235.456600	0.064392
235.456700	0.061646
235.456800	0.049438
235.456900	0.050201
235.457000	0.040283
235.457100	0.047302
235.457200	0.059357
235.457300	0.059204
235.457400	0.058136
235.457500	0.053558
235.457600	0.044556
235.457700	0.037384
235.457800	0.029449
235.457900	0.027618
235.458000	0.024567
235.458100	0.028229
235.458200	0.031738
235.458300	0.036316
235.458400	0.040741
235.458500	0.043945
235.458600	0.053558
235.458700	0.052490
235.458800	0.049896
235.458900	0.041504
235.459000	0.033569
235.459100	0.033417
235.459200	0.031738
235.459300	0.036621
235.459400	0.030518
235.459500	0.032043
235.459600	0.035553
235.459700	0.045929
235.459800	0.048523
235.459900	0.064087
235.460000	0.093994
235.460100	0.145721
235.460200	0.238495
235.460300	0.337524
235.460400	0.443726
235.460500	0.558319
235.460600	0.610962
235.460700	0.558319
235.460800	0.426636
235.460900	0.267792
235.461000	0.100250
235.461100	-0.056763
235.461200	-0.184021
235.461300	-0.296326
235.461400	-0.383148
235.461500	-0.440063
235.461600	-0.455475
235.461700	-0.438843
235.461800	-0.398407
235.461900	-0.304871
235.462000	-0.186615
235.462100	-0.084839
235.462200	-0.022278
235.462300	0.020142
235.462400	0.034180
235.462500	0.039825
235.462600	0.052490
235.462700	0.040741
235.462800	0.043335
235.462900	0.036621
235.463000	0.029297
235.463100	0.019226
235.463200	0.015259
235.463300	0.014038
235.463400	0.015259
235.463500	0.023193
235.463600	0.023041
235.463700	0.018158
235.463800	0.024719
235.463900	0.039520
235.464000	0.048523
235.464100	0.066223
235.464200	0.070801
235.464300	0.075684
235.464400	0.079956
235.464500	0.081940
235.464600	0.073853
235.464700	0.061646
235.464800	0.048065
235.464900	0.046234
235.465000	0.034027
235.465100	0.017395
235.465200	0.003357
235.465300	-0.006714
235.465400	-0.005798
235.465500	-0.015411
235.465600	-0.009766
235.465700	-0.003967
235.465800	0.004730
235.465900	0.006104
235.466000	0.011597
235.466100	0.017395
235.466200	0.020447
235.466300	0.026550
235.466400	0.031281
235.466500	0.034790
235.466600	0.044403
235.466700	0.056915
235.466800	0.061951
235.466900	0.067444
235.467000	0.069275
235.467100	0.059814
235.467200	0.053406
235.467300	0.040436
235.467400	0.032043
235.467500	0.021210
235.467600	0.010223
235.467700	0.001678
235.467800	0.005341
235.467900	-0.004120
235.468000	0.007782
235.468100	0.050812
235.468200	0.168457
235.468300	0.385284
235.468400	0.673218
235.468500	0.949554
235.468600	1.133575
235.468700	1.191254
235.468800	1.077423
