278.884100	0.039215
278.884200	0.040894
278.884300	0.034943
278.884400	0.038147
278.884500	0.038910
278.884600	0.043182
278.884700	0.043335
278.884800	0.028534
278.884900	0.018921
278.885000	0.017090
278.885100	0.012207
278.885200	0.016022
278.885300	0.016632
278.885400	0.020905
278.885500	0.020905
278.885600	0.029602
278.885700	0.035400
278.885800	0.051575
278.885900	0.057983
278.886000	0.075226
278.886100	0.071411
278.886200	0.059967
278.886300	0.043945
278.886400	0.028076
278.886500	0.012817
278.886600	-0.005341
278.886700	-0.007477
278.886800	0.000763
278.886900	0.012512
278.887000	0.021973
278.887100	0.035706
278.887200	0.035248
278.887300	0.036316
278.887400	0.031281
278.887500	0.023193
278.887600	0.022736
278.887700	0.025787
278.887800	0.041656
278.887900	0.052643
278.888000	0.067749
278.888100	0.074310
278.888200	0.083008
278.888300	0.081024
278.888400	0.067749
278.888500	0.046082
278.888600	0.028839
278.888700	0.020142
278.888800	0.017548
278.888900	0.018158
278.889000	0.031128
278.889100	0.059662
278.889200	0.098267
278.889300	0.134583
278.889400	0.153351
278.889500	0.158691
278.889600	0.146332
278.889700	0.084381
278.889800	-0.011902
278.889900	-0.106659
278.890000	-0.154419
278.890100	-0.157928
278.890200	-0.145416
278.890300	-0.114594
278.890400	-0.003815
278.890500	0.205536
278.890600	0.533752
278.890700	0.912170
278.890800	1.066437
278.890900	1.108398
278.891000	1.105347
278.891100	0.796204
278.891200	0.115814
278.891300	-0.610352
278.891400	-1.014404
278.891500	-1.131592
278.891600	-1.152496
278.891700	-1.105194
278.891800	-0.797119
278.891900	-0.395050
278.892000	-0.141296
278.892100	-0.017395
278.892200	0.028992
278.892300	0.042419
278.892400	0.041504
278.892500	0.025482
278.892600	0.018311
278.892700	0.012054
278.892800	0.010529
278.892900	0.020447
278.893000	0.023651
278.893100	0.025482
278.893200	0.032349
278.893300	0.029755
278.893400	0.032196
278.893500	0.033569
278.893600	0.041351
278.893700	0.045013
278.893800	0.048981
278.893900	0.046082
278.894000	0.045471
278.894100	0.037994
278.894200	0.039673
278.894300	0.038757
278.894400	0.033112
278.894500	0.032349
278.894600	0.033264
278.894700	0.031281
278.894800	0.031738
278.894900	0.031433
278.895000	0.031128
278.895100	0.030060
278.895200	0.026855
278.895300	0.032501
278.895400	0.034485
278.895500	0.034790
278.895600	0.035858
278.895700	0.040436
278.895800	0.036774
278.895900	0.030975
278.896000	0.035400
278.896100	0.041351
278.896200	0.043945
278.896300	0.050507
278.896400	0.068054
278.896500	0.076904
278.896600	0.095215
278.896700	0.102844
278.896800	0.102539
278.896900	0.083008
278.897000	0.062866
278.897100	0.032654
278.897200	0.003357
278.897300	-0.017395
278.897400	-0.027466
278.897500	-0.028076
278.897600	-0.016937
278.897700	-0.000916
278.897800	0.018616
278.897900	0.030365
278.898000	0.052185
278.898100	0.084229
278.898200	0.124359
278.898300	0.159302
278.898400	0.201263
278.898500	0.337219
278.898600	0.646057
278.898700	1.239014
278.898800	2.184143
278.898900	2.748871
278.899000	2.920074
278.899100	3.117065
278.899200	2.895050
278.899300	1.627960
278.899400	-0.139618
278.899500	-2.160950
278.899600	-3.497620
278.899700	-3.765106
278.899800	-3.665314
278.899900	-3.576813
278.900000	-3.026733
278.900100	-1.874390
278.900200	-1.140900
278.900300	-0.328522
278.900400	-0.045013
278.900500	0.054169
278.900600	0.078888
278.900700	0.091858
278.900800	0.091553
278.900900	0.092316
278.901000	0.084991
278.901100	0.089111
278.901200	0.096130
278.901300	0.090790
278.901400	0.090179
278.901500	0.096588
278.901600	0.095367
278.901700	0.094604
278.901800	0.092468
278.901900	0.092316
278.902000	0.091248
278.902100	0.087280
278.902200	0.088043
278.902300	0.084839
278.902400	0.091553
278.902500	0.083160
278.902600	0.076447
278.902700	0.082550
278.902800	0.079498
278.902900	0.083771
278.903000	0.090790
278.903100	0.097198
278.903200	0.107422
278.903300	0.124512
278.903400	0.120392
278.903500	0.111084
278.903600	0.105743
278.903700	0.081940
278.903800	0.067139
278.903900	0.053558
278.904000	0.041504
278.904100	0.030518
278.904200	0.022583
278.904300	0.011902
278.904400	0.024567
278.904500	0.042725
278.904600	0.053558
278.904700	0.069733
278.904800	0.091400
278.904900	0.134583
278.905000	0.197906
278.905100	0.260315
278.905200	0.270233
278.905300	0.240784
278.905400	0.200500
278.905500	0.143585
278.905600	0.074921
278.905700	0.001831
278.905800	-0.052185
278.905900	-0.090332
278.906000	-0.113831
278.906100	-0.112152
278.906200	-0.046234
278.906300	0.022125
278.906400	0.065308
278.906500	0.078735
278.906600	0.075989
278.906700	0.052032
278.906800	0.037689
278.906900	0.025177
278.907000	0.014191
278.907100	0.000916
278.907200	-0.000153
278.907300	0.012207
278.907400	0.031281
278.907500	0.046997
278.907600	0.058136
278.907700	0.069275
278.907800	0.064087
278.907900	0.052643
278.908000	0.043488
278.908100	0.042114
278.908200	0.042419
278.908300	0.044708
278.908400	0.044098
278.908500	0.034790
278.908600	0.036621
278.908700	0.031891
278.908800	0.023956
278.908900	0.012665
278.909000	0.013428
278.909100	0.018158
278.909200	0.030060
278.909300	0.033264
278.909400	0.029602
278.909500	0.037842
278.909600	0.040131
278.909700	0.047760
278.909800	0.046234
278.909900	0.049591
278.910000	0.054321
278.910100	0.058899
278.910200	0.066376
278.910300	0.066681
278.910400	0.064392
278.910500	0.050964
278.910600	0.040283
278.910700	0.034180
278.910800	0.030212
278.910900	0.031281
278.911000	0.031281
278.911100	0.039215
278.911200	0.041199
278.911300	0.043335
278.911400	0.047455
278.911500	0.051117
278.911600	0.055389
278.911700	0.057526
278.911800	0.066833
278.911900	0.067902
278.912000	0.067444
278.912100	0.067139
278.912200	0.068359
278.912300	0.066681
278.912400	0.059357
278.912500	0.050201
278.912600	0.039368
278.912700	0.032654
278.912800	0.030975
278.912900	0.026093
278.913000	0.028381
278.913100	0.032501
278.913200	0.029755
278.913300	0.027313
278.913400	0.031891
278.913500	0.033722
278.913600	0.039062
278.913700	0.034485
278.913800	0.037842
278.913900	0.045166
278.914000	0.080566
278.914100	0.248413
278.914200	0.700684
278.914300	1.615753
278.914400	2.803497
278.914500	3.467102
278.914600	3.691559
278.914700	3.549957
278.914800	2.340088
278.914900	0.379639
278.915000	-1.789703
278.915100	-3.527222
278.915200	-4.101105
278.915300	-4.086914
278.915400	-3.762970
278.915500	-2.707825
278.915600	-1.446838
278.915700	-0.563812
278.915800	-0.126648
278.915900	0.022430
278.916000	0.067596
278.916100	0.071564
278.916200	0.071259
278.916300	0.070190
278.916400	0.069427
278.916500	0.069122
278.916600	0.075378
278.916700	0.084991
278.916800	0.079956
278.916900	0.089111
278.917000	0.091095
278.917100	0.090179
278.917200	0.087128
278.917300	0.086823
278.917400	0.090027
278.917500	0.096588
278.917600	0.099487
278.917700	0.100250
278.917800	0.104980
278.917900	0.108185
278.918000	0.108795
278.918100	0.108337
278.918200	0.095215
278.918300	0.079956
278.918400	0.068817
278.918500	0.062866
278.918600	0.060120
278.918700	0.064392
278.918800	0.076447
278.918900	0.084229
278.919000	0.104218
278.919100	0.102692
278.919200	0.095825
278.919300	0.088959
278.919400	0.078278
278.919500	0.066986
278.919600	0.050354
278.919700	0.045471
278.919800	0.036011
278.919900	0.034332
278.920000	0.045471
278.920100	0.050201
278.920200	0.058746
278.920300	0.058441
278.920400	0.053253
278.920500	0.064850
278.920600	0.140839
278.920700	0.323486
278.920800	0.667114
278.920900	1.125488
278.921000	1.316376
278.921100	1.325226
278.921200	1.293793
278.921300	0.990448
278.921400	0.462799
278.921500	-0.001678
278.921600	-0.330353
278.921700	-0.290833
278.921800	0.074921
278.921900	0.401459
278.922000	0.590515
278.922100	0.675049
278.922200	0.483551
278.922300	0.020752
278.922400	-0.619202
278.922500	-1.163635
278.922600	-1.669159
278.922700	-1.778412
278.922800	-1.505280
278.922900	-1.144562
278.923000	-0.250092
278.923100	0.327759
278.923200	0.753784
278.923300	0.986938
278.923400	1.050262
278.923500	0.907745
278.923600	0.636749
278.923700	0.354767
278.923800	0.015717
278.923900	-0.411072
278.924000	-0.818176
278.924100	-1.143799
278.924200	-1.382599
278.924300	-1.418762
278.924400	-1.271820
278.924500	-1.025848
278.924600	-0.494385
278.924700	0.063019
278.924800	0.417633
278.924900	0.541229
278.925000	0.564423
278.925100	0.522461
278.925200	0.397949
278.925300	0.245209
278.925400	0.144501
278.925500	0.042877
278.925600	-0.081635
278.925700	-0.224457
278.925800	-0.319977
278.925900	-0.265656
278.926000	-0.200195
278.926100	-0.187378
278.926200	-0.216522
278.926300	-0.277100
278.926400	-0.333099
278.926500	-0.333252
278.926600	-0.242157
278.926700	-0.120697
278.926800	-0.012207
278.926900	0.055847
278.927000	0.087738
278.927100	0.090179
278.927200	0.089417
278.927300	0.079041
278.927400	0.076599
278.927500	0.079651
278.927600	0.090637
278.927700	0.162811
278.927800	0.353851
278.927900	0.722656
278.928000	1.322937
278.928100	1.823425
278.928200	1.941833
278.928300	1.925507
278.928400	1.773376
278.928500	1.181793
278.928600	0.349121
278.928700	-0.488739
278.928800	-1.162720
278.928900	-1.902618
278.929000	-1.956482
278.929100	-1.851501
278.929200	-1.663055
278.929300	-1.248627
278.929400	-0.685425
278.929500	-0.277100
278.929600	-0.049286
278.929700	0.038147
278.929800	0.067291
278.929900	0.076904
278.930000	0.086975
278.930100	0.087128
278.930200	0.084229
278.930300	0.083008
278.930400	0.082703
278.930500	0.085449
278.930600	0.084534
278.930700	0.078888
278.930800	0.072784
278.930900	0.069427
278.931000	0.064850
278.931100	0.061493
278.931200	0.061798
278.931300	0.060120
278.931400	0.059052
278.931500	0.063019
278.931600	0.079346
278.931700	0.100708
278.931800	0.156860
278.931900	0.293274
278.932000	0.509033
278.932100	0.735474
278.932200	0.877075
278.932300	0.899506
278.932400	0.795898
278.932500	0.551147
278.932600	0.220642
278.932700	-0.110474
278.932800	-0.434723
278.932900	-0.689545
278.933000	-0.809021
278.933100	-0.804138
278.933200	-0.656128
278.933300	-0.435791
278.933400	-0.236206
278.933500	-0.108643
278.933600	-0.039215
278.933700	0.005341
278.933800	0.033875
278.933900	0.049744
278.934000	0.060577
278.934100	0.064850
278.934200	0.067902
278.934300	0.072632
278.934400	0.073090
278.934500	0.072632
278.934600	0.068817
278.934700	0.060272
278.934800	0.059662
278.934900	0.058594
278.935000	0.052338
278.935100	0.054932
278.935200	0.049438
278.935300	0.053864
278.935400	0.053864
278.935500	0.059509
278.935600	0.058136
278.935700	0.060577
278.935800	0.061188
278.935900	0.055847
278.936000	0.058289
278.936100	0.063019
278.936200	0.060425
278.936300	0.062256
278.936400	0.066528
278.936500	0.072784
278.936600	0.083771
278.936700	0.086365
278.936800	0.086975
278.936900	0.086823
278.937000	0.080566
278.937100	0.068970
278.937200	0.064087
278.937300	0.055237
278.937400	0.038910
278.937500	0.027618
278.937600	0.011597
