340.938500	-0.048370
340.938600	-0.047455
340.938700	-0.042877
340.938800	-0.048676
340.938900	-0.041046
340.939000	-0.037842
340.939100	-0.036469
340.939200	-0.036926
340.939300	-0.032196
340.939400	-0.030823
340.939500	-0.029449
340.939600	-0.024261
340.939700	-0.014801
340.939800	-0.004578
340.939900	0.002747
340.940000	0.013275
340.940100	0.014343
340.940200	0.019531
340.940300	0.028839
340.940400	0.036469
340.940500	0.042267
340.940600	0.050201
340.940700	0.054474
340.940800	0.059052
340.940900	0.069427
340.941000	0.072632
340.941100	0.077515
340.941200	0.085602
340.941300	0.090790
340.941400	0.095978
340.941500	0.096741
340.941600	0.101318
340.941700	0.100250
340.941800	0.103149
340.941900	0.101471
340.942000	0.104370
340.942100	0.107269
340.942200	0.104370
340.942300	0.099640
340.942400	0.100861
340.942500	0.098419
340.942600	0.092010
340.942700	0.091553
340.942800	0.090179
340.942900	0.088654
340.943000	0.088196
340.943100	0.082550
340.943200	0.073853
340.943300	0.068970
340.943400	0.060730
340.943500	0.059357
340.943600	0.055542
340.943700	0.050812
340.943800	0.048218
340.943900	0.042419
340.944000	0.033875
340.944100	0.036011
340.944200	0.032501
340.944300	0.035858
340.944400	0.032196
340.944500	0.030365
340.944600	0.024109
340.944700	0.029144
340.944800	0.031128
340.944900	0.028381
340.945000	0.027466
340.945100	0.028839
340.945200	0.028992
340.945300	0.027313
340.945400	0.028534
340.945500	0.030060
340.945600	0.025177
340.945700	0.026093
340.945800	0.029755
340.945900	0.028839
340.946000	0.023193
340.946100	0.024719
340.946200	0.028534
340.946300	0.026855
340.946400	0.025635
340.946500	0.015869
340.946600	0.014648
340.946700	0.007629
340.946800	0.001831
340.946900	-0.008545
340.947000	-0.021210
340.947100	-0.045929
340.947200	-0.074921
340.947300	-0.112915
340.947400	-0.157928
340.947500	-0.207062
340.947600	-0.263214
340.947700	-0.333862
340.947800	-0.415192
340.947900	-0.512238
340.948000	-0.607910
340.948100	-0.720825
340.948200	-0.835724
340.948300	-0.955200
340.948400	-1.083679
340.948500	-1.206665
340.948600	-1.348724
340.948700	-1.468353
340.948800	-1.565857
340.948900	-1.644745
340.949000	-1.710052
340.949100	-1.754761
340.949200	-1.787720
340.949300	-1.798859
340.949400	-1.803589
340.949500	-1.800232
340.949600	-1.790161
340.949700	-1.768799
340.949800	-1.737976
340.949900	-1.701050
340.950000	-1.643066
340.950100	-1.575623
340.950200	-1.478882
340.950300	-1.358643
340.950400	-1.304169
340.950500	-1.029816
340.950600	-0.816193
340.950700	-0.569611
340.950800	-0.312347
340.950900	-0.051117
340.951000	0.203247
340.951100	0.449524
340.951200	0.701141
340.951300	0.950928
340.951400	1.188507
340.951500	1.422729
340.951600	1.640167
340.951700	1.855164
340.951800	2.040100
340.951900	2.202911
340.952000	2.330322
340.952100	2.430420
340.952200	2.496948
340.952300	2.528839
340.952400	2.540741
340.952500	2.527771
340.952600	2.495422
340.952700	2.458649
340.952800	2.411041
340.952900	2.348175
340.953000	2.285156
340.953100	2.203522
340.953200	2.116547
340.953300	2.008209
340.953400	1.883698
340.953500	1.739197
340.953600	1.595154
340.953700	1.422577
340.953800	1.241760
340.953900	1.062012
340.954000	0.889435
340.954100	0.726318
340.954200	0.578613
340.954300	0.445862
340.954400	0.324707
340.954500	0.224762
340.954600	0.139160
340.954700	0.062256
340.954800	0.004425
340.954900	-0.043182
340.955000	-0.084381
340.955100	-0.111694
340.955200	-0.134430
340.955300	-0.152893
340.955400	-0.160217
340.955500	-0.169983
340.955600	-0.175629
340.955700	-0.176544
340.955800	-0.176086
340.955900	-0.181122
340.956000	-0.180817
340.956100	-0.175476
340.956200	-0.172729
340.956300	-0.173492
340.956400	-0.164490
340.956500	-0.164032
340.956600	-0.158691
340.956700	-0.152130
340.956800	-0.146179
340.956900	-0.137329
340.957000	-0.127258
340.957100	-0.123596
340.957200	-0.114441
340.957300	-0.104828
340.957400	-0.090637
340.957500	-0.083923
340.957600	-0.074158
340.957700	-0.066528
340.957800	-0.057220
340.957900	-0.052948
340.958000	-0.041809
340.958100	-0.037689
340.958200	-0.031281
340.958300	-0.027924
340.958400	-0.026855
340.958500	-0.026093
340.958600	-0.023651
340.958700	-0.022888
340.958800	-0.018463
340.958900	-0.019226
340.959000	-0.017242
340.959100	-0.020599
340.959200	-0.015411
340.959300	-0.019379
340.959400	-0.014801
340.959500	-0.017548
340.959600	-0.021820
340.959700	-0.024109
340.959800	-0.026550
340.959900	-0.033875
340.960000	-0.037842
340.960100	-0.042114
340.960200	-0.044403
340.960300	-0.048981
340.960400	-0.045929
340.960500	-0.051270
340.960600	-0.048218
340.960700	-0.054321
340.960800	-0.057068
340.960900	-0.057678
340.961000	-0.055542
340.961100	-0.052490
340.961200	-0.052948
340.961300	-0.053711
340.961400	-0.054779
340.961500	-0.051117
340.961600	-0.048676
340.961700	-0.045624
340.961800	-0.041809
340.961900	-0.042877
340.962000	-0.044556
340.962100	-0.043335
340.962200	-0.046539
340.962300	-0.038452
340.962400	-0.036774
340.962500	-0.035248
340.962600	-0.029602
340.962700	-0.031128
340.962800	-0.036011
340.962900	-0.030518
340.963000	-0.025177
340.963100	-0.027618
340.963200	-0.029144
340.963300	-0.023193
340.963400	-0.023651
340.963500	-0.027466
340.963600	-0.018158
340.963700	-0.022125
340.963800	-0.017853
340.963900	-0.015564
340.964000	-0.016937
340.964100	-0.018463
340.964200	-0.021820
340.964300	-0.017242
340.964400	-0.014496
340.964500	-0.013428
340.964600	-0.014648
340.964700	-0.012665
340.964800	-0.012207
340.964900	-0.007019
340.965000	-0.008850
340.965100	-0.008240
340.965200	-0.007019
340.965300	-0.003204
340.965400	-0.005646
340.965500	-0.002747
340.965600	-0.006104
340.965700	-0.008392
340.965800	-0.004730
340.965900	-0.004272
340.966000	-0.006714
340.966100	-0.001678
340.966200	-0.001678
340.966300	-0.000763
340.966400	0.008240
340.966500	-0.002289
340.966600	-0.000153
340.966700	-0.000153
340.966800	0.002594
340.966900	0.004272
340.967000	0.004120
340.967100	0.001221
340.967200	0.006104
340.967300	0.004272
340.967400	0.004425
340.967500	0.006409
340.967600	0.004272
340.967700	0.005188
340.967800	0.003662
340.967900	0.007477
340.968000	0.003662
340.968100	0.002289
340.968200	0.002594
340.968300	-0.005646
340.968400	-0.009308
340.968500	-0.014038
340.968600	-0.025330
340.968700	-0.030670
340.968800	-0.040741
340.968900	-0.058746
340.969000	-0.076141
340.969100	-0.090942
340.969200	-0.110931
340.969300	-0.138550
340.969400	-0.164032
340.969500	-0.189514
340.969600	-0.219116
340.969700	-0.251617
340.969800	-0.277100
340.969900	-0.310669
340.970000	-0.347748
340.970100	-0.382690
340.970200	-0.413055
340.970300	-0.450134
340.970400	-0.490417
340.970500	-0.516968
340.970600	-0.544434
340.970700	-0.572357
340.970800	-0.599060
340.970900	-0.620117
340.971000	-0.631714
340.971100	-0.638580
340.971200	-0.637512
340.971300	-0.630493
340.971400	-0.619659
340.971500	-0.590973
340.971600	-0.557404
340.971700	-0.529480
340.971800	-0.486755
340.971900	-0.440369
340.972000	-0.393829
340.972100	-0.335846
340.972200	-0.273895
340.972300	-0.221252
340.972400	-0.154724
340.972500	-0.083160
340.972600	-0.018616
340.972700	0.049896
340.972800	0.111542
340.972900	0.173950
340.973000	0.242615
340.973100	0.307770
340.973200	0.365601
340.973300	0.420380
340.973400	0.467529
340.973500	0.518799
340.973600	0.562744
340.973700	0.602570
340.973800	0.633850
340.973900	0.657349
340.974000	0.675507
340.974100	0.697479
340.974200	0.709076
340.974300	0.708923
340.974400	0.707397
340.974500	0.694733
340.974600	0.683899
340.974700	0.665283
340.974800	0.636902
340.974900	0.601959
340.975000	0.570068
340.975100	0.535278
340.975200	0.499725
340.975300	0.465393
340.975400	0.426941
340.975500	0.387268
340.975600	0.347900
340.975700	0.307922
340.975800	0.265198
340.975900	0.218811
340.976000	0.174713
340.976100	0.129547
340.976200	0.086823
340.976300	0.058899
340.976400	0.024109
340.976500	0.005493
340.976600	-0.010681
340.976700	-0.015564
340.976800	-0.012360
340.976900	0.001221
340.977000	0.009613
340.977100	0.022278
340.977200	0.049744
340.977300	0.075531
340.977400	0.107422
340.977500	0.140533
340.977600	0.171509
340.977700	0.203552
340.977800	0.232239
340.977900	0.260620
340.978000	0.280762
340.978100	0.305786
340.978200	0.319061
340.978300	0.324860
340.978400	0.335236
340.978500	0.334625
340.978600	0.337219
340.978700	0.328522
340.978800	0.322418
340.978900	0.309906
340.979000	0.294189
340.979100	0.280609
340.979200	0.265198
340.979300	0.256653
340.979400	0.237732
340.979500	0.220490
340.979600	0.202637
340.979700	0.174866
340.979800	0.154114
340.979900	0.128937
340.980000	0.112305
340.980100	0.082550
340.980200	0.064697
340.980300	0.046539
340.980400	0.030212
340.980500	0.018311
340.980600	0.007324
340.980700	-0.000916
340.980800	-0.007324
340.980900	-0.022430
340.981000	-0.018158
340.981100	-0.026855
340.981200	-0.024261
340.981300	-0.028076
340.981400	-0.026245
340.981500	-0.027313
340.981600	-0.024872
340.981700	-0.027466
340.981800	-0.028229
340.981900	-0.029297
340.982000	-0.027466
340.982100	-0.026550
340.982200	-0.025635
340.982300	-0.022278
340.982400	-0.021362
340.982500	-0.022430
340.982600	-0.024414
340.982700	-0.019226
340.982800	-0.022430
340.982900	-0.025635
340.983000	-0.015411
340.983100	-0.018311
340.983200	-0.020752
340.983300	-0.023956
340.983400	-0.023499
340.983500	-0.024719
340.983600	-0.023346
340.983700	-0.022736
340.983800	-0.024719
340.983900	-0.022430
340.984000	-0.022583
340.984100	-0.025635
340.984200	-0.013885
340.984300	-0.015411
340.984400	-0.015106
340.984500	-0.021362
340.984600	-0.017090
340.984700	-0.017395
340.984800	-0.012512
340.984900	-0.016937
340.985000	-0.014954
340.985100	-0.013428
340.985200	-0.010681
340.985300	-0.010071
340.985400	-0.009460
340.985500	-0.012207
340.985600	-0.005951
340.985700	-0.002594
340.985800	-0.004425
340.985900	-0.003357
340.986000	0.008392
340.986100	-0.000458
340.986200	0.003967
340.986300	0.007629
340.986400	0.008850
340.986500	0.006561
340.986600	0.009766
340.986700	0.012512
340.986800	0.010376
340.986900	0.008850
340.987000	0.010834
340.987100	0.014954
340.987200	0.012360
340.987300	0.016479
340.987400	0.011444
340.987500	0.019531
340.987600	0.021973
340.987700	0.023041
340.987800	0.026855
340.987900	0.025482
340.988000	0.030212
340.988100	0.028076
340.988200	0.030670
340.988300	0.034332
340.988400	0.028534
340.988500	0.028076
340.988600	0.026703
340.988700	0.014954
340.988800	0.013428
340.988900	0.005188
340.989000	-0.000916
340.989100	-0.017090
340.989200	-0.040131
340.989300	-0.056152
340.989400	-0.079651
340.989500	-0.105591
340.989600	-0.133667
340.989700	-0.169220
340.989800	-0.202637
340.989900	-0.246124
340.990000	-0.285034
340.990100	-0.337372
340.990200	-0.393372
340.990300	-0.453491
340.990400	-0.520630
340.990500	-0.589294
340.990600	-0.654297
340.990700	-0.708313
340.990800	-0.752411
340.990900	-0.774689
340.991000	-0.779572
340.991100	-0.776367
340.991200	-0.759277
340.991300	-0.734100
340.991400	-0.709991
340.991500	-0.687561
340.991600	-0.663757
340.991700	-0.644836
340.991800	-0.625153
340.991900	-0.611267
340.992000	-0.599060
