229.271300	-0.033569
229.271400	-0.023499
229.271500	-0.019379
229.271600	-0.008698
229.271700	0.015869
229.271800	0.075378
229.271900	0.165863
229.272000	0.265198
229.272100	0.328064
229.272200	0.343018
229.272300	0.294189
229.272400	0.226440
229.272500	0.154266
229.272600	0.113068
229.272700	0.146179
229.272800	0.291595
229.272900	0.622864
229.273000	1.071930
229.273100	1.238403
229.273200	1.230316
229.273300	1.278534
229.273400	1.296082
229.273500	0.896606
229.273600	0.211639
229.273700	-0.486603
229.273800	-1.149139
229.273900	-1.783447
229.274000	-1.855927
229.274100	-1.809387
229.274200	-1.805420
229.274300	-1.651611
229.274400	-1.213989
229.274500	-0.688934
229.274600	-0.381165
229.274700	-0.181885
229.274800	-0.090790
229.274900	-0.063477
229.275000	-0.050507
229.275100	-0.053711
229.275200	-0.043640
229.275300	-0.034180
229.275400	-0.025635
229.275500	-0.009003
229.275600	0.007324
229.275700	0.021973
229.275800	0.040588
229.275900	0.052948
229.276000	0.054016
229.276100	0.049896
229.276200	0.027771
229.276300	0.004883
229.276400	-0.017090
229.276500	-0.045471
229.276600	-0.065155
229.276700	-0.069580
229.276800	-0.075836
229.276900	-0.074768
229.277000	-0.068970
229.277100	-0.060272
229.277200	-0.043640
229.277300	-0.030365
229.277400	-0.019531
229.277500	-0.016937
229.277600	-0.008698
229.277700	-0.003967
229.277800	-0.008240
229.277900	-0.004730
229.278000	-0.001373
229.278100	-0.002747
229.278200	-0.007172
229.278300	-0.016632
229.278400	-0.018005
229.278500	-0.023651
229.278600	-0.020599
229.278700	-0.032196
229.278800	-0.031891
229.278900	-0.027161
229.279000	-0.020752
229.279100	-0.018768
229.279200	-0.019379
229.279300	-0.021667
229.279400	-0.021210
229.279500	-0.022278
229.279600	-0.023346
229.279700	-0.024414
229.279800	-0.024261
229.279900	-0.025635
229.280000	-0.022583
229.280100	-0.021515
229.280200	-0.019379
229.280300	-0.022888
229.280400	-0.025635
229.280500	-0.023804
229.280600	-0.023651
229.280700	-0.021667
229.280800	-0.016785
229.280900	-0.016937
229.281000	-0.017090
229.281100	-0.015106
229.281200	-0.009460
229.281300	-0.009308
229.281400	-0.011902
229.281500	-0.013580
229.281600	-0.023346
229.281700	-0.025787
229.281800	-0.030060
229.281900	-0.029449
229.282000	-0.032043
229.282100	-0.033569
229.282200	-0.032196
229.282300	-0.029297
229.282400	-0.025024
229.282500	-0.024872
229.282600	-0.019836
229.282700	-0.024109
229.282800	-0.018311
229.282900	-0.021973
229.283000	-0.024719
229.283100	-0.034027
229.283200	-0.033875
229.283300	-0.030365
229.283400	-0.036163
229.283500	-0.037994
229.283600	-0.041046
229.283700	-0.045166
229.283800	-0.043945
229.283900	-0.038910
229.284000	-0.036926
229.284100	-0.031281
229.284200	-0.033569
229.284300	-0.024261
229.284400	-0.019684
229.284500	-0.026855
229.284600	-0.019989
229.284700	-0.021820
229.284800	-0.004883
229.284900	0.038605
229.285000	0.128937
229.285100	0.265503
229.285200	0.477295
229.285300	0.647278
229.285400	0.645447
229.285500	0.549164
229.285600	0.427094
229.285700	0.271149
229.285800	0.094910
229.285900	-0.082550
229.286000	-0.265198
229.286100	-0.423737
229.286200	-0.549774
229.286300	-0.648193
229.286400	-0.731964
229.286500	-0.752869
229.286600	-0.603790
229.286700	-0.401459
229.286800	-0.235748
229.286900	-0.113525
229.287000	-0.037537
229.287100	0.007935
229.287200	0.036621
229.287300	0.052032
229.287400	0.059052
229.287500	0.062714
229.287600	0.049591
229.287700	0.023804
229.287800	-0.006866
229.287900	-0.037537
229.288000	-0.065918
229.288100	-0.081787
229.288200	-0.084229
229.288300	-0.073242
229.288400	-0.068054
229.288500	-0.061646
229.288600	-0.055695
229.288700	-0.041962
229.288800	-0.039368
229.288900	-0.035553
229.289000	-0.035553
229.289100	-0.031281
229.289200	-0.029907
229.289300	-0.026398
229.289400	-0.026093
229.289500	-0.028687
229.289600	-0.020905
229.289700	-0.012970
229.289800	-0.005493
229.289900	-0.005798
229.290000	-0.005188
229.290100	-0.006714
229.290200	-0.005493
229.290300	-0.009766
229.290400	-0.017090
229.290500	-0.022888
229.290600	-0.026093
229.290700	-0.028687
229.290800	-0.037842
229.290900	-0.030060
229.291000	-0.032654
229.291100	-0.021515
229.291200	-0.027466
229.291300	-0.024719
229.291400	-0.030823
229.291500	-0.032349
229.291600	-0.037689
229.291700	-0.031738
229.291800	-0.027161
229.291900	-0.020752
229.292000	-0.012817
229.292100	0.007477
229.292200	0.039520
229.292300	0.064850
229.292400	0.072327
229.292500	0.066681
229.292600	0.033722
229.292700	0.000000
229.292800	-0.041199
229.292900	-0.077515
229.293000	-0.112915
229.293100	-0.122528
229.293200	-0.119934
229.293300	-0.109711
229.293400	-0.084991
229.293500	-0.056000
229.293600	-0.033875
229.293700	-0.014191
229.293800	-0.005798
229.293900	-0.007782
229.294000	-0.012665
229.294100	-0.021515
229.294200	-0.029755
229.294300	-0.019684
229.294400	0.029907
229.294500	0.125427
229.294600	0.285645
229.294700	0.484619
229.294800	0.610962
229.294900	0.706177
229.295000	0.858002
229.295100	1.109772
229.295200	1.320953
229.295300	1.275482
229.295400	1.030579
229.295500	0.686951
229.295600	0.241241
229.295700	-0.282288
229.295800	-0.843201
229.295900	-1.333313
229.296000	-1.640778
229.296100	-1.644135
229.296200	-1.561432
229.296300	-1.401825
229.296400	-1.198120
229.296500	-0.710144
229.296600	-0.389557
229.296700	-0.191650
229.296800	-0.071106
229.296900	-0.034637
229.297000	-0.026550
229.297100	-0.018463
229.297200	-0.018616
229.297300	-0.021210
229.297400	-0.023804
229.297500	-0.025482
229.297600	-0.027466
229.297700	-0.030365
229.297800	-0.024414
229.297900	-0.018311
229.298000	-0.015259
229.298100	-0.016327
229.298200	-0.015564
229.298300	-0.013885
229.298400	-0.018005
229.298500	-0.019531
229.298600	-0.022430
229.298700	-0.018005
229.298800	-0.019684
229.298900	-0.021820
229.299000	-0.018616
229.299100	-0.019531
229.299200	-0.016022
229.299300	-0.019073
229.299400	-0.016937
229.299500	-0.023193
229.299600	-0.024109
229.299700	-0.029449
229.299800	-0.037384
229.299900	-0.039062
229.300000	-0.044556
229.300100	-0.044556
229.300200	-0.034943
229.300300	-0.027771
229.300400	-0.024109
229.300500	-0.023956
229.300600	-0.028229
229.300700	-0.026245
229.300800	-0.026550
229.300900	-0.026550
229.301000	-0.028687
229.301100	-0.021973
229.301200	-0.017853
229.301300	-0.017853
229.301400	-0.019073
229.301500	-0.019989
229.301600	-0.019531
229.301700	-0.016937
229.301800	-0.023651
229.301900	-0.022278
229.302000	-0.021973
229.302100	-0.022430
229.302200	-0.022583
229.302300	-0.024872
229.302400	-0.025024
229.302500	-0.035706
229.302600	-0.031433
229.302700	-0.037994
229.302800	-0.040588
229.302900	-0.041504
229.303000	-0.037231
229.303100	-0.040131
229.303200	-0.041199
229.303300	-0.037231
229.303400	-0.036621
229.303500	-0.030212
229.303600	-0.025330
229.303700	-0.020599
229.303800	-0.022278
229.303900	-0.028687
229.304000	-0.029297
229.304100	-0.027771
229.304200	-0.034180
229.304300	-0.034027
229.304400	-0.040588
229.304500	-0.037231
229.304600	-0.034790
229.304700	-0.042572
229.304800	-0.038452
229.304900	-0.036163
229.305000	-0.039978
229.305100	-0.044556
229.305200	-0.037994
229.305300	-0.044861
229.305400	-0.051117
229.305500	-0.045929
229.305600	-0.042419
229.305700	-0.044403
229.305800	-0.036011
229.305900	-0.027466
229.306000	-0.019684
229.306100	-0.016022
229.306200	-0.014496
229.306300	-0.010071
229.306400	-0.017853
229.306500	-0.015259
229.306600	-0.018768
229.306700	-0.018921
229.306800	-0.021973
229.306900	-0.019073
229.307000	-0.025024
229.307100	-0.034790
229.307200	-0.045624
229.307300	-0.043640
229.307400	-0.027161
229.307500	0.032043
229.307600	0.130310
229.307700	0.240936
229.307800	0.345764
229.307900	0.383759
229.308000	0.362854
229.308100	0.280457
229.308200	0.151520
229.308300	-0.009155
229.308400	-0.163574
229.308500	-0.309906
229.308600	-0.411530
229.308700	-0.467682
229.308800	-0.466003
229.308900	-0.406036
229.309000	-0.287018
229.309100	-0.167084
229.309200	-0.065308
229.309300	0.004883
229.309400	0.033722
229.309500	0.035553
229.309600	0.015411
229.309700	-0.004120
229.309800	-0.035248
229.309900	-0.059052
229.310000	-0.086670
229.310100	-0.106812
229.310200	-0.099640
229.310300	-0.085602
229.310400	-0.060425
229.310500	-0.015717
229.310600	0.049133
229.310700	0.115356
229.310800	0.151062
229.310900	0.146027
229.311000	0.114746
229.311100	0.070190
229.311200	0.000000
229.311300	-0.071869
229.311400	-0.145111
229.311500	-0.194092
229.311600	-0.223846
229.311700	-0.228882
229.311800	-0.219574
229.311900	-0.169373
229.312000	-0.118103
229.312100	-0.068970
229.312200	-0.036011
229.312300	-0.031433
229.312400	-0.035553
229.312500	-0.039215
229.312600	-0.041656
229.312700	-0.043335
229.312800	-0.038757
229.312900	-0.034943
229.313000	-0.024872
229.313100	-0.015411
229.313200	-0.012054
229.313300	-0.010071
229.313400	-0.007172
229.313500	0.007629
229.313600	0.009460
229.313700	0.016632
229.313800	0.019836
229.313900	0.021057
229.314000	0.012360
229.314100	0.001526
229.314200	-0.017242
229.314300	-0.027771
229.314400	-0.035095
229.314500	-0.017853
229.314600	0.000458
229.314700	0.018158
229.314800	0.028076
229.314900	0.031738
229.315000	0.027618
229.315100	0.005951
229.315200	-0.014038
229.315300	-0.000153
229.315400	0.078888
229.315500	0.220337
229.315600	0.371094
229.315700	0.462952
229.315800	0.480652
229.315900	0.409546
229.316000	0.236206
229.316100	-0.023499
229.316200	-0.285187
229.316300	-0.483704
229.316400	-0.597076
229.316500	-0.633698
229.316600	-0.593262
229.316700	-0.485077
229.316800	-0.324554
229.316900	-0.187988
229.317000	-0.096741
229.317100	-0.050049
229.317200	-0.033875
229.317300	-0.028076
229.317400	-0.025635
229.317500	-0.023041
229.317600	-0.021515
229.317700	-0.020447
229.317800	-0.003204
229.317900	0.073395
229.318000	0.283966
229.318100	0.710907
229.318200	1.362915
229.318300	2.095032
229.318400	2.655640
229.318500	2.889557
229.318600	2.783203
229.318700	2.250671
229.318800	1.246643
229.318900	0.013275
229.319000	-1.094666
229.319100	-2.410126
229.319200	-3.082123
229.319300	-3.251495
229.319400	-3.064880
229.319500	-2.556915
229.319600	-1.764526
229.319700	-1.128845
229.319800	-0.406342
229.319900	-0.097046
229.320000	0.038452
229.320100	0.062866
229.320200	0.039215
229.320300	0.002136
229.320400	-0.045319
229.320500	-0.074463
229.320600	-0.050354
229.320700	0.044556
229.320800	0.236053
229.320900	0.538483
229.321000	0.740051
229.321100	0.824280
229.321200	0.901794
229.321300	0.917664
229.321400	0.661316
229.321500	0.196991
229.321600	-0.296478
229.321700	-0.748291
229.321800	-0.997009
229.321900	-1.016693
229.322000	-0.977936
229.322100	-0.951385
229.322200	-0.786133
229.322300	-0.498047
229.322400	-0.263977
229.322500	-0.114746
229.322600	-0.035706
229.322700	-0.016022
229.322800	-0.007782
229.322900	-0.007935
229.323000	-0.008698
229.323100	-0.009613
229.323200	-0.010986
229.323300	-0.010376
229.323400	-0.008392
229.323500	-0.003052
229.323600	-0.001526
229.323700	-0.003967
229.323800	-0.003662
229.323900	-0.002289
229.324000	-0.006104
229.324100	0.000763
229.324200	0.000458
229.324300	-0.003052
229.324400	-0.004883
229.324500	-0.011902
229.324600	-0.012207
229.324700	-0.012970
229.324800	-0.007324
