220.055300	-0.018158
220.055400	-0.002594
220.055500	0.002441
220.055600	0.015106
220.055700	0.019684
220.055800	0.024567
220.055900	0.028076
220.056000	0.024567
220.056100	0.017548
220.056200	0.018921
220.056300	0.019073
220.056400	0.014648
220.056500	0.012665
220.056600	0.019379
220.056700	0.042877
220.056800	0.116882
220.056900	0.285797
220.057000	0.632324
220.057100	1.146088
220.057200	1.777344
220.057300	2.402954
220.057400	2.745972
220.057500	2.718964
220.057600	2.497253
220.057700	2.101593
220.057800	1.419373
220.057900	0.402069
220.058000	-0.604248
220.058100	-1.676483
220.058200	-2.533417
220.058300	-2.947235
220.058400	-2.921906
220.058500	-2.697144
220.058600	-2.401276
220.058700	-1.943054
220.058800	-1.275787
220.058900	-0.706787
220.059000	-0.330200
220.059100	-0.087280
220.059200	0.078735
220.059300	0.213470
220.059400	0.342102
220.059500	0.436707
220.059600	0.475311
220.059700	0.460968
220.059800	0.378418
220.059900	0.223541
220.060000	0.021210
220.060100	-0.180359
220.060200	-0.338745
220.060300	-0.425415
220.060400	-0.460510
220.060500	-0.447388
220.060600	-0.391541
220.060700	-0.283203
220.060800	-0.165405
220.060900	-0.061188
220.061000	0.065613
220.061100	0.199280
220.061200	0.352173
220.061300	0.445557
220.061400	0.466919
220.061500	0.431061
220.061600	0.320282
220.061700	0.116577
220.061800	-0.132141
220.061900	-0.368042
220.062000	-0.529480
220.062100	-0.582733
220.062200	-0.567169
220.062300	-0.503082
220.062400	-0.397186
220.062500	-0.253906
220.062600	-0.138855
220.062700	-0.062561
220.062800	-0.022430
220.062900	0.010071
220.063000	0.025024
220.063100	0.073547
220.063200	0.162201
220.063300	0.304871
220.063400	0.492554
220.063500	0.632477
220.063600	0.621643
220.063700	0.548401
220.063800	0.450745
220.063900	0.334778
220.064000	0.219574
220.064100	0.121002
220.064200	0.066528
220.064300	0.068512
220.064400	0.049591
220.064500	-0.034027
220.064600	-0.154266
220.064700	-0.235596
220.064800	-0.199890
220.064900	-0.125427
220.065000	-0.086975
220.065100	-0.100250
220.065200	-0.166168
220.065300	-0.256042
220.065400	-0.348816
220.065500	-0.446472
220.065600	-0.530548
220.065700	-0.598907
220.065800	-0.567932
220.065900	-0.449677
220.066000	-0.323334
220.066100	-0.215759
220.066200	-0.117950
220.066300	-0.029602
220.066400	0.092163
220.066500	0.214996
220.066600	0.318604
220.066700	0.370178
220.066800	0.388947
220.066900	0.359802
220.067000	0.288849
220.067100	0.180206
220.067200	0.056610
220.067300	-0.047455
220.067400	-0.101318
220.067500	-0.083466
220.067600	0.030212
220.067700	0.313416
220.067800	0.782623
220.067900	1.207123
220.068000	1.382446
220.068100	1.418152
220.068200	1.427307
220.068300	1.374054
220.068400	1.070251
220.068500	0.522919
220.068600	-0.027008
220.068700	-0.541077
220.068800	-1.076508
220.068900	-1.615448
220.069000	-1.774139
220.069100	-1.715088
220.069200	-1.609650
220.069300	-1.522675
220.069400	-1.314697
220.069500	-0.987854
220.069600	-0.591736
220.069700	-0.314789
220.069800	-0.130157
220.069900	-0.032959
220.070000	0.007935
220.070100	0.016785
220.070200	0.015106
220.070300	0.010681
220.070400	0.016022
220.070500	0.009308
220.070600	0.003662
220.070700	0.005493
220.070800	0.011749
220.070900	0.017700
220.071000	0.027771
220.071100	0.034180
220.071200	0.039368
220.071300	0.041504
220.071400	0.035858
220.071500	0.033722
220.071600	0.028839
220.071700	0.013885
220.071800	0.012360
220.071900	0.003662
220.072000	-0.005951
220.072100	-0.009460
220.072200	-0.007477
220.072300	0.002899
220.072400	0.006714
220.072500	0.020752
220.072600	0.034943
220.072700	0.091553
220.072800	0.196228
220.072900	0.372925
220.073000	0.632935
220.073100	0.910797
220.073200	1.132507
220.073300	1.208801
220.073400	1.118927
220.073500	0.920410
220.073600	0.605011
220.073700	0.212097
220.073800	-0.200806
220.073900	-0.589600
220.074000	-0.919800
220.074100	-1.163635
220.074200	-1.359406
220.074300	-1.386719
220.074400	-1.239624
220.074500	-0.947266
220.074600	-0.617981
220.074700	-0.323639
220.074800	-0.088959
220.074900	0.089264
220.075000	0.192261
220.075100	0.247650
220.075200	0.252838
220.075300	0.222931
220.075400	0.170288
220.075500	0.113831
220.075600	0.052032
220.075700	-0.005493
220.075800	-0.072479
220.075900	-0.133057
220.076000	-0.185089
220.076100	-0.212860
220.076200	-0.228882
220.076300	-0.222931
220.076400	-0.187836
220.076500	-0.144196
220.076600	-0.085297
220.076700	-0.036926
220.076800	-0.004425
220.076900	0.012360
220.077000	0.032806
220.077100	0.043945
220.077200	0.042114
220.077300	0.039062
220.077400	0.038452
220.077500	0.030670
220.077600	0.024719
220.077700	0.013428
220.077800	-0.000763
220.077900	-0.011597
220.078000	-0.015564
220.078100	-0.019379
220.078200	-0.016785
220.078300	-0.023804
220.078400	-0.018463
220.078500	-0.016327
220.078600	-0.008698
220.078700	-0.004883
220.078800	-0.008087
220.078900	-0.009918
220.079000	-0.010071
220.079100	-0.008392
220.079200	-0.008392
220.079300	0.001068
220.079400	0.008850
220.079500	0.021973
220.079600	0.045319
220.079700	0.063477
220.079800	0.068665
220.079900	0.066223
220.080000	0.054321
220.080100	0.035400
220.080200	0.013123
220.080300	0.012970
220.080400	0.037231
220.080500	0.100861
220.080600	0.207520
220.080700	0.304565
220.080800	0.345154
220.080900	0.333557
220.081000	0.287628
220.081100	0.218353
220.081200	0.133209
220.081300	0.047913
220.081400	-0.054932
220.081500	-0.154572
220.081600	-0.245056
220.081700	-0.327606
220.081800	-0.394745
220.081900	-0.447388
220.082000	-0.457153
220.082100	-0.406799
220.082200	-0.322113
220.082300	-0.227051
220.082400	-0.145111
220.082500	-0.095367
220.082600	-0.059052
220.082700	-0.035400
220.082800	-0.025940
220.082900	-0.015564
220.083000	-0.008240
220.083100	-0.005798
220.083200	-0.008545
220.083300	-0.014038
220.083400	-0.011139
220.083500	-0.017853
220.083600	-0.021973
220.083700	-0.028839
220.083800	-0.035095
220.083900	-0.033722
220.084000	-0.032806
220.084100	-0.031738
220.084200	-0.035858
220.084300	-0.045471
220.084400	-0.040283
220.084500	-0.031128
220.084600	-0.026550
220.084700	-0.026550
220.084800	-0.028839
220.084900	-0.024872
220.085000	-0.020905
220.085100	-0.035706
220.085200	-0.028839
220.085300	-0.033569
220.085400	-0.032654
220.085500	-0.032654
220.085600	-0.027313
220.085700	-0.026703
220.085800	-0.020142
220.085900	-0.018768
220.086000	-0.018616
220.086100	-0.018311
220.086200	-0.024109
220.086300	-0.025177
220.086400	-0.028381
220.086500	-0.020447
220.086600	-0.021362
220.086700	-0.013123
220.086800	-0.016327
220.086900	-0.013123
220.087000	-0.011597
220.087100	-0.011292
220.087200	-0.008392
220.087300	-0.012207
220.087400	-0.015259
220.087500	-0.021210
220.087600	-0.029755
220.087700	-0.042725
220.087800	-0.048065
220.087900	-0.045166
220.088000	-0.052185
220.088100	-0.052795
220.088200	-0.050659
220.088300	-0.051727
220.088400	-0.046082
220.088500	-0.048523
220.088600	-0.044556
220.088700	-0.037689
220.088800	-0.034790
220.088900	-0.036011
220.089000	-0.034027
220.089100	-0.037079
220.089200	-0.040283
220.089300	-0.036926
220.089400	-0.026093
220.089500	-0.025482
220.089600	-0.022278
220.089700	-0.014954
220.089800	-0.018921
220.089900	-0.013733
220.090000	-0.007324
220.090100	-0.003204
220.090200	0.001068
220.090300	0.004578
220.090400	0.010986
220.090500	0.016632
220.090600	0.018921
220.090700	0.014648
220.090800	-0.004120
220.090900	-0.030975
220.091000	-0.056000
220.091100	-0.077209
220.091200	-0.093994
220.091300	-0.095825
220.091400	-0.094757
220.091500	-0.077362
220.091600	-0.066223
220.091700	-0.049438
220.091800	-0.036926
220.091900	-0.021667
220.092000	-0.006866
220.092100	0.044861
220.092200	0.154114
220.092300	0.326080
220.092400	0.567017
220.092500	0.711670
220.092600	0.719757
220.092700	0.681305
220.092800	0.619812
220.092900	0.475922
220.093000	0.184631
220.093100	-0.175476
220.093200	-0.468140
220.093300	-0.651093
220.093400	-0.732727
220.093500	-0.764008
220.093600	-0.735779
220.093700	-0.567932
220.093800	-0.205841
220.093900	0.186920
220.094000	0.446472
220.094100	0.582581
220.094200	0.566406
220.094300	0.360718
220.094400	0.055542
220.094500	-0.178375
220.094600	-0.135345
220.094700	0.315247
220.094800	1.223297
220.094900	2.312164
220.095000	3.099518
220.095100	3.484955
220.095200	3.586731
220.095300	3.294830
220.095400	2.351379
220.095500	0.936432
220.095600	-0.510101
220.095700	-2.089386
220.095800	-3.362427
220.095900	-4.006653
220.096000	-4.078369
220.096100	-3.868561
220.096200	-3.460388
220.096300	-2.735138
220.096400	-1.826630
220.096500	-1.212616
220.096600	-0.489197
220.096700	-0.205688
220.096800	-0.081787
220.096900	-0.035248
220.097000	-0.021820
220.097100	-0.014038
220.097200	-0.009613
220.097300	-0.000305
220.097400	-0.001068
220.097500	0.004272
220.097600	0.004120
220.097700	0.000458
220.097800	0.010834
220.097900	0.003510
220.098000	0.000763
220.098100	0.005341
220.098200	0.004425
220.098300	0.004730
220.098400	0.005035
220.098500	0.000458
220.098600	0.002594
220.098700	0.005646
220.098800	0.012512
220.098900	0.010834
220.099000	0.011902
220.099100	0.016785
220.099200	0.010071
220.099300	0.008698
220.099400	0.005341
220.099500	0.009918
220.099600	0.014496
220.099700	0.007935
220.099800	0.010986
220.099900	0.005341
220.100000	0.003967
220.100100	0.007935
220.100200	0.008087
220.100300	0.010834
220.100400	0.008240
220.100500	0.002441
220.100600	0.002747
220.100700	0.001678
220.100800	0.005188
220.100900	0.005951
220.101000	0.003815
220.101100	-0.002441
220.101200	-0.000916
220.101300	0.003204
220.101400	0.003357
220.101500	0.012360
220.101600	0.034485
220.101700	0.124969
220.101800	0.308380
220.101900	0.590057
220.102000	0.923309
220.102100	1.167755
220.102200	1.238403
220.102300	1.129913
220.102400	0.897522
220.102500	0.574036
220.102600	0.189819
220.102700	-0.195312
220.102800	-0.570374
220.102900	-0.883484
220.103000	-1.138153
220.103100	-1.331482
220.103200	-1.416016
220.103300	-1.379700
220.103400	-1.218109
220.103500	-0.932312
220.103600	-0.616608
220.103700	-0.348969
220.103800	-0.157318
220.103900	-0.053558
220.104000	-0.008087
220.104100	0.006561
220.104200	0.016937
220.104300	0.016785
220.104400	0.018311
220.104500	0.020599
220.104600	0.021973
220.104700	0.021210
220.104800	0.030518
220.104900	0.025940
220.105000	0.030518
220.105100	0.023651
220.105200	0.030212
220.105300	0.029602
220.105400	0.023193
220.105500	0.025177
220.105600	0.016174
220.105700	0.018005
220.105800	0.013428
220.105900	0.009308
220.106000	0.019226
220.106100	0.021515
220.106200	0.022430
220.106300	0.029144
220.106400	0.060883
220.106500	0.160370
220.106600	0.338135
220.106700	0.653534
220.106800	1.097260
220.106900	1.475830
220.107000	1.618958
220.107100	1.615906
220.107200	1.572266
220.107300	1.422272
220.107400	1.016388
220.107500	0.424194
220.107600	-0.152435
220.107700	-0.689087
220.107800	-1.159210
220.107900	-1.676025
220.108000	-1.748505
220.108100	-1.676178
220.108200	-1.564026
220.108300	-1.387024
220.108400	-1.199646
220.108500	-0.688934
220.108600	-0.410309
220.108700	-0.211487
220.108800	-0.093384
