260.144900	0.064392
260.145000	0.065460
260.145100	0.061646
260.145200	0.050049
260.145300	0.058594
260.145400	0.059967
260.145500	0.063934
260.145600	0.068359
260.145700	0.075073
260.145800	0.075531
260.145900	0.073700
260.146000	0.074310
260.146100	0.074615
260.146200	0.074615
260.146300	0.074463
260.146400	0.074158
260.146500	0.069122
260.146600	0.070190
260.146700	0.072784
260.146800	0.075226
260.146900	0.075073
260.147000	0.080872
260.147100	0.081482
260.147200	0.075531
260.147300	0.074005
260.147400	0.077667
260.147500	0.074463
260.147600	0.077820
260.147700	0.074768
260.147800	0.080872
260.147900	0.072937
260.148000	0.072479
260.148100	0.074005
260.148200	0.071716
260.148300	0.072937
260.148400	0.077667
260.148500	0.080109
260.148600	0.083466
260.148700	0.089569
260.148800	0.085449
260.148900	0.084839
260.149000	0.089417
260.149100	0.092926
260.149200	0.094147
260.149300	0.092621
260.149400	0.088959
260.149500	0.084534
260.149600	0.081787
260.149700	0.073395
260.149800	0.062256
260.149900	0.065613
260.150000	0.058441
260.150100	0.056763
260.150200	0.050659
260.150300	0.046692
260.150400	0.048370
260.150500	0.054169
260.150600	0.057983
260.150700	0.073700
260.150800	0.077057
260.150900	0.078430
260.151000	0.076599
260.151100	0.082550
260.151200	0.081482
260.151300	0.081940
260.151400	0.083313
260.151500	0.096436
260.151600	0.106049
260.151700	0.119019
260.151800	0.130920
260.151900	0.137634
260.152000	0.132599
260.152100	0.106354
260.152200	0.088806
260.152300	0.063171
260.152400	0.053406
260.152500	0.048828
260.152600	0.059204
260.152700	0.069733
260.152800	0.074921
260.152900	0.083160
260.153000	0.089264
260.153100	0.083923
260.153200	0.061493
260.153300	0.032806
260.153400	0.003967
260.153500	-0.027618
260.153600	-0.044708
260.153700	-0.035858
260.153800	-0.022583
260.153900	0.007324
260.154000	0.029602
260.154100	0.052185
260.154200	0.068665
260.154300	0.073700
260.154400	0.076752
260.154500	0.074463
260.154600	0.077820
260.154700	0.076752
260.154800	0.079346
260.154900	0.089417
260.155000	0.090485
260.155100	0.088043
260.155200	0.088501
260.155300	0.092010
260.155400	0.097046
260.155500	0.115662
260.155600	0.145874
260.155700	0.169373
260.155800	0.186615
260.155900	0.180969
260.156000	0.155334
260.156100	0.098267
260.156200	0.036774
260.156300	-0.022278
260.156400	-0.064240
260.156500	-0.066986
260.156600	-0.049744
260.156700	-0.017548
260.156800	0.038757
260.156900	0.079651
260.157000	0.124054
260.157100	0.140381
260.157200	0.163727
260.157300	0.259705
260.157400	0.560608
260.157500	1.203918
260.157600	2.289734
260.157700	3.201904
260.157800	3.574371
260.157900	3.738861
260.158000	3.339233
260.158100	1.813202
260.158200	-0.263214
260.158300	-2.412872
260.158400	-3.731689
260.158500	-4.035339
260.158600	-3.980560
260.158700	-3.651123
260.158800	-2.597656
260.158900	-1.457367
260.159000	-0.629425
260.159100	-0.161591
260.159200	0.022583
260.159300	0.069733
260.159400	0.088043
260.159500	0.091400
260.159600	0.090942
260.159700	0.095673
260.159800	0.100403
260.159900	0.120697
260.160000	0.155487
260.160100	0.202637
260.160200	0.225067
260.160300	0.232849
260.160400	0.222168
260.160500	0.168457
260.160600	0.102234
260.160700	0.039825
260.160800	-0.000153
260.160900	-0.022278
260.161000	-0.022430
260.161100	-0.006409
260.161200	0.024872
260.161300	0.055084
260.161400	0.079498
260.161500	0.095825
260.161600	0.100861
260.161700	0.108948
260.161800	0.107574
260.161900	0.102234
260.162000	0.097504
260.162100	0.092316
260.162200	0.084991
260.162300	0.074921
260.162400	0.075378
260.162500	0.072479
260.162600	0.080414
260.162700	0.083313
260.162800	0.081787
260.162900	0.091858
260.163000	0.087738
260.163100	0.091858
260.163200	0.093384
260.163300	0.098877
260.163400	0.099335
260.163500	0.096893
260.163600	0.094299
260.163700	0.100708
260.163800	0.107727
260.163900	0.127869
260.164000	0.145416
260.164100	0.163269
260.164200	0.164490
260.164300	0.153351
260.164400	0.124512
260.164500	0.098419
260.164600	0.066986
260.164700	0.040894
260.164800	0.026703
260.164900	0.026703
260.165000	0.074615
260.165100	0.217438
260.165200	0.483093
260.165300	0.808563
260.165400	1.008759
260.165500	1.010590
260.165600	0.841675
260.165700	0.521698
260.165800	0.106049
260.165900	-0.329285
260.166000	-0.689392
260.166100	-0.889587
260.166200	-0.950470
260.166300	-0.820160
260.166400	-0.489960
260.166500	-0.195923
260.166600	-0.013428
260.166700	0.068817
260.166800	0.090790
260.166900	0.091858
260.167000	0.079956
260.167100	0.066681
260.167200	0.050354
260.167300	0.042267
260.167400	0.033112
260.167500	0.025330
260.167600	0.027924
260.167700	0.045319
260.167800	0.057068
260.167900	0.068054
260.168000	0.072937
260.168100	0.075226
260.168200	0.089569
260.168300	0.113525
260.168400	0.133972
260.168500	0.160522
260.168600	0.226440
260.168700	0.368042
260.168800	0.599213
260.168900	0.872192
260.169000	1.071320
260.169100	1.155701
260.169200	1.090698
260.169300	0.838470
260.169400	0.413818
260.169500	-0.094757
260.169600	-0.603485
260.169700	-0.968170
260.169800	-1.151733
260.169900	-1.183929
260.170000	-1.052399
260.170100	-0.794373
260.170200	-0.457458
260.170300	-0.192871
260.170400	-0.029144
260.170500	0.056915
260.170600	0.095978
260.170700	0.103760
260.170800	0.105743
260.170900	0.092926
260.171000	0.079346
260.171100	0.070648
260.171200	0.062408
260.171300	0.068207
260.171400	0.062256
260.171500	0.074005
260.171600	0.081329
260.171700	0.088043
260.171800	0.092773
260.171900	0.106659
260.172000	0.123444
260.172100	0.142822
260.172200	0.175934
260.172300	0.180359
260.172400	0.181580
260.172500	0.178528
260.172600	0.175781
260.172700	0.174561
260.172800	0.155945
260.172900	0.119324
260.173000	0.093689
260.173100	0.068359
260.173200	0.031433
260.173300	-0.000916
260.173400	-0.012665
260.173500	0.004883
260.173600	0.052338
260.173700	0.143890
260.173800	0.303955
260.173900	0.493011
260.174000	0.563660
260.174100	0.528870
260.174200	0.437622
260.174300	0.309448
260.174400	0.151825
260.174500	-0.033112
260.174600	-0.200348
260.174700	-0.329742
260.174800	-0.433502
260.174900	-0.499115
260.175000	-0.420074
260.175100	-0.117798
260.175200	0.300446
260.175300	0.751801
260.175400	1.092377
260.175500	1.224518
260.175600	1.190033
260.175700	0.979156
260.175800	0.586853
260.175900	0.108185
260.176000	-0.393982
260.176100	-0.854492
260.176200	-1.133423
260.176300	-1.186066
260.176400	-1.179047
260.176500	-0.907898
260.176600	-0.567932
260.176700	-0.269470
260.176800	-0.069122
260.176900	0.030060
260.177000	0.066681
260.177100	0.088806
260.177200	0.094910
260.177300	0.097656
260.177400	0.095520
260.177500	0.100098
260.177600	0.094910
260.177700	0.090942
260.177800	0.097198
260.177900	0.095215
260.178000	0.092163
260.178100	0.093384
260.178200	0.108032
260.178300	0.122223
260.178400	0.125885
260.178500	0.122986
260.178600	0.110626
260.178700	0.084229
260.178800	0.059814
260.178900	0.037689
260.179000	0.028381
260.179100	0.027161
260.179200	0.035706
260.179300	0.050354
260.179400	0.065918
260.179500	0.070953
260.179600	0.073090
260.179700	0.071106
260.179800	0.072937
260.179900	0.074005
260.180000	0.076904
260.180100	0.077667
260.180200	0.078583
260.180300	0.083313
260.180400	0.084839
260.180500	0.085602
260.180600	0.081177
260.180700	0.080109
260.180800	0.076904
260.180900	0.083160
260.181000	0.075836
260.181100	0.077209
260.181200	0.081329
260.181300	0.081635
260.181400	0.082092
260.181500	0.082550
260.181600	0.078888
260.181700	0.076447
260.181800	0.078430
260.181900	0.074921
260.182000	0.079193
260.182100	0.078888
260.182200	0.083466
260.182300	0.091400
260.182400	0.084839
260.182500	0.086670
260.182600	0.078430
260.182700	0.076294
260.182800	0.068054
260.182900	0.051270
260.183000	0.050812
260.183100	0.049591
260.183200	0.058136
260.183300	0.057831
260.183400	0.058746
260.183500	0.070038
260.183600	0.074158
260.183700	0.080872
260.183800	0.077057
260.183900	0.072021
260.184000	0.068512
260.184100	0.065613
260.184200	0.065613
260.184300	0.061646
260.184400	0.062256
260.184500	0.058594
260.184600	0.063477
260.184700	0.068359
260.184800	0.063019
260.184900	0.068054
260.185000	0.068359
260.185100	0.067902
260.185200	0.061340
260.185300	0.064087
260.185400	0.061340
260.185500	0.061951
260.185600	0.061188
260.185700	0.065918
260.185800	0.067291
260.185900	0.071564
260.186000	0.067444
260.186100	0.067749
260.186200	0.069580
260.186300	0.074005
260.186400	0.074463
260.186500	0.076599
260.186600	0.082397
260.186700	0.083160
260.186800	0.086823
260.186900	0.083008
260.187000	0.071259
260.187100	0.065155
260.187200	0.061798
260.187300	0.059052
260.187400	0.053558
260.187500	0.062103
260.187600	0.096588
260.187700	0.212555
260.187800	0.420990
260.187900	0.706787
260.188000	0.858307
260.188100	0.903320
260.188200	1.020813
260.188300	1.239166
260.188400	1.537476
260.188500	1.724091
260.188600	1.561890
260.188700	1.335144
260.188800	0.987244
260.188900	0.228882
260.189000	-0.804138
260.189100	-1.689911
260.189200	-2.136383
260.189300	-2.303314
260.189400	-2.378693
260.189500	-2.275085
260.189600	-1.660461
260.189700	-1.126099
260.189800	-0.366669
260.189900	-0.066986
260.190000	0.046997
260.190100	0.082092
260.190200	0.095520
260.190300	0.101776
260.190400	0.104523
260.190500	0.111542
260.190600	0.119476
260.190700	0.128784
260.190800	0.141602
260.190900	0.136414
260.191000	0.133362
260.191100	0.127716
260.191200	0.120392
260.191300	0.109711
260.191400	0.109253
260.191500	0.095215
260.191600	0.084076
260.191700	0.071869
260.191800	0.069122
260.191900	0.060272
260.192000	0.056458
260.192100	0.057526
260.192200	0.063019
260.192300	0.064240
260.192400	0.070953
260.192500	0.079193
260.192600	0.087585
260.192700	0.087433
260.192800	0.084381
260.192900	0.090179
260.193000	0.095825
260.193100	0.094299
260.193200	0.102234
260.193300	0.098877
260.193400	0.103149
260.193500	0.106506
260.193600	0.100861
260.193700	0.099792
260.193800	0.094604
260.193900	0.094604
260.194000	0.095825
260.194100	0.091553
260.194200	0.093231
260.194300	0.088196
260.194400	0.090179
260.194500	0.088806
260.194600	0.082550
260.194700	0.084686
260.194800	0.089111
260.194900	0.090942
260.195000	0.089111
260.195100	0.086365
260.195200	0.088806
260.195300	0.092010
260.195400	0.088654
260.195500	0.090332
260.195600	0.082397
260.195700	0.082245
260.195800	0.086212
260.195900	0.090485
260.196000	0.092926
260.196100	0.094757
260.196200	0.092316
260.196300	0.097656
260.196400	0.097656
260.196500	0.099945
260.196600	0.096893
260.196700	0.093231
260.196800	0.088501
260.196900	0.087585
260.197000	0.083771
260.197100	0.077362
260.197200	0.075378
260.197300	0.078735
260.197400	0.090942
260.197500	0.098724
260.197600	0.099182
260.197700	0.103455
260.197800	0.101929
260.197900	0.089722
260.198000	0.076752
260.198100	0.062561
260.198200	0.048981
260.198300	0.050507
260.198400	0.046997
