367.204100	0.300598
367.204200	0.299377
367.204300	0.294952
367.204400	0.289459
367.204500	0.278015
367.204600	0.266724
367.204700	0.257721
367.204800	0.249023
367.204900	0.233459
367.205000	0.221710
367.205100	0.207825
367.205200	0.187531
367.205300	0.182190
367.205400	0.156860
367.205500	0.136261
367.205600	0.115509
367.205700	0.095520
367.205800	0.072632
367.205900	0.043793
367.206000	0.021973
367.206100	-0.001831
367.206200	-0.035095
367.206300	-0.053864
367.206400	-0.076294
367.206500	-0.100708
367.206600	-0.128632
367.206700	-0.151520
367.206800	-0.171509
367.206900	-0.194550
367.207000	-0.218658
367.207100	-0.234222
367.207200	-0.251160
367.207300	-0.276184
367.207400	-0.286255
367.207500	-0.302277
367.207600	-0.317688
367.207700	-0.332947
367.207800	-0.335999
367.207900	-0.345764
367.208000	-0.354309
367.208100	-0.359955
367.208200	-0.362396
367.208300	-0.369110
367.208400	-0.369568
367.208500	-0.375366
367.208600	-0.374756
367.208700	-0.370941
367.208800	-0.368195
367.208900	-0.364227
367.209000	-0.359650
367.209100	-0.351868
367.209200	-0.353394
367.209300	-0.347595
367.209400	-0.343475
367.209500	-0.341339
367.209600	-0.337524
367.209700	-0.336914
367.209800	-0.327301
367.209900	-0.325623
367.210000	-0.316925
367.210100	-0.311279
367.210200	-0.299225
367.210300	-0.298920
367.210400	-0.288544
367.210500	-0.285034
367.210600	-0.277100
367.210700	-0.261993
367.210800	-0.258484
367.210900	-0.247650
367.211000	-0.231323
367.211100	-0.222473
367.211200	-0.209961
367.211300	-0.194244
367.211400	-0.179749
367.211500	-0.164642
367.211600	-0.147705
367.211700	-0.133667
367.211800	-0.121613
367.211900	-0.108643
367.212000	-0.090790
367.212100	-0.069885
367.212200	-0.054321
367.212300	-0.041504
367.212400	-0.027313
367.212500	-0.017242
367.212600	0.000000
367.212700	0.015411
367.212800	0.022888
367.212900	0.034790
367.213000	0.048523
367.213100	0.052948
367.213200	0.069885
367.213300	0.068817
367.213400	0.075989
367.213500	0.086823
367.213600	0.090332
367.213700	0.096741
367.213800	0.100098
367.213900	0.104675
367.214000	0.110474
367.214100	0.102997
367.214200	0.115356
367.214300	0.114899
367.214400	0.115051
367.214500	0.117493
367.214600	0.117798
367.214700	0.119019
367.214800	0.121613
367.214900	0.125580
367.215000	0.126038
367.215100	0.121918
367.215200	0.121307
367.215300	0.123444
367.215400	0.122986
367.215500	0.119934
367.215600	0.121460
367.215700	0.121002
367.215800	0.116425
367.215900	0.120544
367.216000	0.120544
367.216100	0.119019
367.216200	0.124512
367.216300	0.121460
367.216400	0.114441
367.216500	0.113220
367.216600	0.108185
367.216700	0.105438
367.216800	0.109406
367.216900	0.103149
367.217000	0.108490
367.217100	0.101318
367.217200	0.099487
367.217300	0.099182
367.217400	0.095978
367.217500	0.099335
367.217600	0.094147
367.217700	0.098267
367.217800	0.096741
367.217900	0.094757
367.218000	0.088348
367.218100	0.091705
367.218200	0.092468
367.218300	0.093079
367.218400	0.084381
367.218500	0.087891
367.218600	0.090637
367.218700	0.093384
367.218800	0.085449
367.218900	0.089111
367.219000	0.083923
367.219100	0.085907
367.219200	0.084686
367.219300	0.082397
367.219400	0.084686
367.219500	0.083466
367.219600	0.075989
367.219700	0.079956
367.219800	0.079956
367.219900	0.078125
367.220000	0.080872
367.220100	0.075684
367.220200	0.079956
367.220300	0.071259
367.220400	0.077057
367.220500	0.071564
367.220600	0.074158
367.220700	0.079041
367.220800	0.077820
367.220900	0.077820
367.221000	0.074158
367.221100	0.077209
367.221200	0.078278
367.221300	0.075073
367.221400	0.076294
367.221500	0.077057
367.221600	0.074921
367.221700	0.075226
367.221800	0.076904
367.221900	0.074921
367.222000	0.076447
367.222100	0.073853
367.222200	0.069427
367.222300	0.077820
367.222400	0.074310
367.222500	0.072174
367.222600	0.078125
367.222700	0.076447
367.222800	0.075531
367.222900	0.069427
367.223000	0.072784
367.223100	0.068359
367.223200	0.065918
367.223300	0.068359
367.223400	0.068054
367.223500	0.063477
367.223600	0.068817
367.223700	0.064240
367.223800	0.068817
367.223900	0.072327
367.224000	0.069427
367.224100	0.068512
367.224200	0.060272
367.224300	0.066223
367.224400	0.063477
367.224500	0.064392
367.224600	0.060577
367.224700	0.059967
367.224800	0.053406
367.224900	0.048676
367.225000	0.048981
367.225100	0.048523
367.225200	0.050354
367.225300	0.045166
367.225400	0.050659
367.225500	0.045166
367.225600	0.046234
367.225700	0.046692
367.225800	0.041504
367.225900	0.044403
367.226000	0.042572
367.226100	0.036774
367.226200	0.036774
367.226300	0.036011
367.226400	0.039062
367.226500	0.040283
367.226600	0.038147
367.226700	0.039825
367.226800	0.045471
367.226900	0.038605
367.227000	0.039673
367.227100	0.037842
367.227200	0.041504
367.227300	0.035858
367.227400	0.035706
367.227500	0.042114
367.227600	0.043030
367.227700	0.040741
367.227800	0.041046
367.227900	0.041504
367.228000	0.043182
367.228100	0.040283
367.228200	0.041199
367.228300	0.041046
367.228400	0.047455
367.228500	0.040283
367.228600	0.036621
367.228700	0.045166
367.228800	0.041809
367.228900	0.043335
367.229000	0.039978
367.229100	0.045624
367.229200	0.045776
367.229300	0.052643
367.229400	0.053253
367.229500	0.052948
367.229600	0.053864
367.229700	0.053253
367.229800	0.062103
367.229900	0.066528
367.230000	0.066223
367.230100	0.074768
367.230200	0.080109
367.230300	0.079651
367.230400	0.079651
367.230500	0.083618
367.230600	0.087738
367.230700	0.090790
367.230800	0.097961
367.230900	0.094299
367.231000	0.099182
367.231100	0.097656
367.231200	0.095215
367.231300	0.097504
367.231400	0.093689
367.231500	0.094299
367.231600	0.089722
367.231700	0.089111
367.231800	0.098419
367.231900	0.093842
367.232000	0.084229
367.232100	0.082855
367.232200	0.085144
367.232300	0.081940
367.232400	0.082092
367.232500	0.091553
367.232600	0.085144
367.232700	0.083923
367.232800	0.083618
367.232900	0.084381
367.233000	0.088654
367.233100	0.086212
367.233200	0.085144
367.233300	0.088806
367.233400	0.088501
367.233500	0.086670
367.233600	0.089417
367.233700	0.083313
367.233800	0.093689
367.233900	0.090485
367.234000	0.090942
367.234100	0.091858
367.234200	0.089111
367.234300	0.089417
367.234400	0.090027
367.234500	0.090485
367.234600	0.089111
367.234700	0.087280
367.234800	0.081787
367.234900	0.089874
367.235000	0.081329
367.235100	0.089569
367.235200	0.087433
367.235300	0.089111
367.235400	0.086060
367.235500	0.090637
367.235600	0.093689
367.235700	0.092010
367.235800	0.106812
367.235900	0.113068
367.236000	0.115662
367.236100	0.121460
367.236200	0.122070
367.236300	0.127869
367.236400	0.134888
367.236500	0.145569
367.236600	0.155945
367.236700	0.169220
367.236800	0.182190
367.236900	0.193024
367.237000	0.203247
367.237100	0.217285
367.237200	0.228424
367.237300	0.250854
367.237400	0.262756
367.237500	0.276489
367.237600	0.298767
367.237700	0.318146
367.237800	0.333557
367.237900	0.354004
367.238000	0.373535
367.238100	0.388794
367.238200	0.400391
367.238300	0.411835
367.238400	0.423737
367.238500	0.430603
367.238600	0.437469
367.238700	0.436401
367.238800	0.434113
367.238900	0.431976
367.239000	0.419922
367.239100	0.412598
367.239200	0.397644
367.239300	0.387726
367.239400	0.372925
367.239500	0.355377
367.239600	0.340271
367.239700	0.321350
367.239800	0.305939
367.239900	0.295715
367.240000	0.278625
367.240100	0.261230
367.240200	0.245209
367.240300	0.237732
367.240400	0.219116
367.240500	0.201111
367.240600	0.186920
367.240700	0.175629
367.240800	0.162201
367.240900	0.146484
367.241000	0.129852
367.241100	0.115356
367.241200	0.105591
367.241300	0.097504
367.241400	0.086975
367.241500	0.077209
367.241600	0.062561
367.241700	0.050507
367.241800	0.036163
367.241900	0.027771
367.242000	0.018768
367.242100	0.001831
367.242200	-0.010223
367.242300	-0.024109
367.242400	-0.035553
367.242500	-0.050659
367.242600	-0.062103
367.242700	-0.083466
367.242800	-0.088348
367.242900	-0.100708
367.243000	-0.116272
367.243100	-0.133057
367.243200	-0.143738
367.243300	-0.152893
367.243400	-0.168457
367.243500	-0.184784
367.243600	-0.196075
367.243700	-0.208282
367.243800	-0.223389
367.243900	-0.239563
367.244000	-0.249023
367.244100	-0.258026
367.244200	-0.268250
367.244300	-0.283203
367.244400	-0.293274
367.244500	-0.313873
367.244600	-0.323029
367.244700	-0.334167
367.244800	-0.341949
367.244900	-0.353241
367.245000	-0.361328
367.245100	-0.370941
367.245200	-0.375671
367.245300	-0.390625
367.245400	-0.397644
367.245500	-0.404053
367.245600	-0.413818
367.245700	-0.421600
367.245800	-0.424652
367.245900	-0.425262
367.246000	-0.432892
367.246100	-0.434113
367.246200	-0.443878
367.246300	-0.449219
367.246400	-0.451355
367.246500	-0.451965
367.246600	-0.462036
367.246700	-0.460205
367.246800	-0.460968
367.246900	-0.466766
367.247000	-0.468445
367.247100	-0.469971
367.247200	-0.474854
367.247300	-0.478210
367.247400	-0.474701
367.247500	-0.479431
367.247600	-0.482635
367.247700	-0.479736
367.247800	-0.487823
367.247900	-0.480804
367.248000	-0.484924
367.248100	-0.488129
367.248200	-0.488434
367.248300	-0.480347
367.248400	-0.478058
367.248500	-0.472107
367.248600	-0.466919
367.248700	-0.457458
367.248800	-0.450134
367.248900	-0.435333
367.249000	-0.422363
367.249100	-0.404205
367.249200	-0.381622
367.249300	-0.354004
367.249400	-0.328369
367.249500	-0.305023
367.249600	-0.275726
367.249700	-0.245361
367.249800	-0.218201
367.249900	-0.191040
367.250000	-0.163116
367.250100	-0.135345
367.250200	-0.108490
367.250300	-0.089874
367.250400	-0.067596
367.250500	-0.044861
367.250600	-0.023804
367.250700	-0.007629
367.250800	0.016174
367.250900	0.035095
367.251000	0.049438
367.251100	0.067749
367.251200	0.075226
367.251300	0.086975
367.251400	0.099335
367.251500	0.106354
367.251600	0.119934
367.251700	0.128326
367.251800	0.135651
367.251900	0.142212
367.252000	0.148621
367.252100	0.153809
367.252200	0.164490
367.252300	0.174866
367.252400	0.170593
367.252500	0.175781
367.252600	0.175781
367.252700	0.189667
367.252800	0.183563
367.252900	0.190735
367.253000	0.189514
367.253100	0.188751
367.253200	0.185242
367.253300	0.197449
367.253400	0.194092
367.253500	0.192413
367.253600	0.196381
367.253700	0.188904
367.253800	0.188293
367.253900	0.197754
367.254000	0.195923
367.254100	0.193176
367.254200	0.195312
367.254300	0.192871
367.254400	0.194092
367.254500	0.191345
367.254600	0.190430
367.254700	0.186157
367.254800	0.188599
367.254900	0.184631
367.255000	0.186462
367.255100	0.179749
367.255200	0.177307
367.255300	0.178833
367.255400	0.178986
367.255500	0.180817
367.255600	0.173340
367.255700	0.172424
367.255800	0.171967
367.255900	0.170288
367.256000	0.164337
367.256100	0.167389
367.256200	0.163269
367.256300	0.155792
367.256400	0.163727
367.256500	0.166626
367.256600	0.162048
367.256700	0.154724
367.256800	0.151978
367.256900	0.147858
367.257000	0.148163
367.257100	0.144958
367.257200	0.140533
367.257300	0.137787
367.257400	0.139771
367.257500	0.139618
367.257600	0.131989
