310.064900	0.162354
310.065000	0.160522
310.065100	0.164642
310.065200	0.160675
310.065300	0.162201
310.065400	0.160675
310.065500	0.161743
310.065600	0.158234
310.065700	0.158386
310.065800	0.160370
310.065900	0.167694
310.066000	0.163422
310.066100	0.163269
310.066200	0.165100
310.066300	0.164795
310.066400	0.164185
310.066500	0.161591
310.066600	0.159149
310.066700	0.161438
310.066800	0.158081
310.066900	0.158234
310.067000	0.161743
310.067100	0.163269
310.067200	0.160370
310.067300	0.159454
310.067400	0.158234
310.067500	0.161896
310.067600	0.163879
310.067700	0.159302
310.067800	0.163727
310.067900	0.156708
310.068000	0.162354
310.068100	0.158234
310.068200	0.159454
310.068300	0.156860
310.068400	0.157776
310.068500	0.160980
310.068600	0.161133
310.068700	0.154266
310.068800	0.155945
310.068900	0.153961
310.069000	0.156097
310.069100	0.157471
310.069200	0.156403
310.069300	0.153809
310.069400	0.156860
310.069500	0.156403
310.069600	0.157013
310.069700	0.160675
310.069800	0.157318
310.069900	0.160217
310.070000	0.161438
310.070100	0.160828
310.070200	0.160370
310.070300	0.159454
310.070400	0.158386
310.070500	0.161438
310.070600	0.161438
310.070700	0.150757
310.070800	0.153351
310.070900	0.155945
310.071000	0.152588
310.071100	0.161591
310.071200	0.160217
310.071300	0.159760
310.071400	0.160675
310.071500	0.157928
310.071600	0.154724
310.071700	0.157318
310.071800	0.158081
310.071900	0.158081
310.072000	0.158081
310.072100	0.155182
310.072200	0.151825
310.072300	0.154877
310.072400	0.151520
310.072500	0.155945
310.072600	0.153351
310.072700	0.153046
310.072800	0.157166
310.072900	0.161896
310.073000	0.156097
310.073100	0.156097
310.073200	0.155029
310.073300	0.157471
310.073400	0.160370
310.073500	0.159454
310.073600	0.160217
310.073700	0.161133
310.073800	0.159302
310.073900	0.157013
310.074000	0.157318
310.074100	0.152435
310.074200	0.155029
310.074300	0.159149
310.074400	0.158234
310.074500	0.160675
310.074600	0.154877
310.074700	0.158691
310.074800	0.157166
310.074900	0.152130
310.075000	0.153351
310.075100	0.152283
310.075200	0.151062
310.075300	0.150299
310.075400	0.150909
310.075500	0.152283
310.075600	0.151520
310.075700	0.155945
310.075800	0.153503
310.075900	0.155945
310.076000	0.153656
310.076100	0.152588
310.076200	0.149689
310.076300	0.148010
310.076400	0.148926
310.076500	0.152588
310.076600	0.145874
310.076700	0.150146
310.076800	0.150909
310.076900	0.149231
310.077000	0.148315
310.077100	0.148773
310.077200	0.149994
310.077300	0.147095
310.077400	0.146027
310.077500	0.143890
310.077600	0.139160
310.077700	0.141754
310.077800	0.144043
310.077900	0.144196
310.078000	0.144806
310.078100	0.149078
310.078200	0.144653
310.078300	0.151978
310.078400	0.147247
310.078500	0.144806
310.078600	0.143738
310.078700	0.138855
310.078800	0.144958
310.078900	0.144958
310.079000	0.139465
310.079100	0.138855
310.079200	0.135498
310.079300	0.136566
310.079400	0.135956
310.079500	0.134735
310.079600	0.137634
310.079700	0.138550
310.079800	0.140533
310.079900	0.135803
310.080000	0.135193
310.080100	0.135803
310.080200	0.137482
310.080300	0.138397
310.080400	0.142059
310.080500	0.145264
310.080600	0.139771
310.080700	0.140228
310.080800	0.135345
310.080900	0.143738
310.081000	0.135345
310.081100	0.140686
310.081200	0.137024
310.081300	0.134888
310.081400	0.143433
310.081500	0.137329
310.081600	0.139923
310.081700	0.144043
310.081800	0.136108
310.081900	0.143585
310.082000	0.144348
310.082100	0.144958
310.082200	0.143433
310.082300	0.142975
310.082400	0.142670
310.082500	0.141907
310.082600	0.143738
310.082700	0.142059
310.082800	0.140076
310.082900	0.144043
310.083000	0.143280
310.083100	0.145264
310.083200	0.140076
310.083300	0.146790
310.083400	0.140991
310.083500	0.144501
310.083600	0.140533
310.083700	0.146484
310.083800	0.148926
310.083900	0.146790
310.084000	0.145569
310.084100	0.141296
310.084200	0.142212
310.084300	0.137329
310.084400	0.142975
310.084500	0.144196
310.084600	0.143433
310.084700	0.143127
310.084800	0.144653
310.084900	0.144043
310.085000	0.147705
310.085100	0.142975
310.085200	0.149384
310.085300	0.145721
310.085400	0.147095
310.085500	0.144806
310.085600	0.143127
310.085700	0.145416
310.085800	0.143280
310.085900	0.141602
310.086000	0.149384
310.086100	0.146484
310.086200	0.144653
310.086300	0.140381
310.086400	0.143433
310.086500	0.141602
310.086600	0.140228
310.086700	0.144043
310.086800	0.143890
310.086900	0.138550
310.087000	0.139618
310.087100	0.142365
310.087200	0.143127
310.087300	0.144958
310.087400	0.141144
310.087500	0.143890
310.087600	0.142975
310.087700	0.146332
310.087800	0.144501
310.087900	0.149536
310.088000	0.146637
310.088100	0.146332
310.088200	0.147552
310.088300	0.147400
310.088400	0.152588
310.088500	0.152130
310.088600	0.146027
310.088700	0.143127
310.088800	0.151215
310.088900	0.145416
310.089000	0.149231
310.089100	0.147400
310.089200	0.145416
310.089300	0.147400
310.089400	0.145111
310.089500	0.147095
310.089600	0.152130
310.089700	0.150604
310.089800	0.146484
310.089900	0.144806
310.090000	0.149994
310.090100	0.151215
310.090200	0.149384
310.090300	0.145874
310.090400	0.154419
310.090500	0.153351
310.090600	0.155792
310.090700	0.157166
310.090800	0.144806
310.090900	0.149078
310.091000	0.153351
310.091100	0.150604
310.091200	0.150909
310.091300	0.151520
310.091400	0.155182
310.091500	0.149536
310.091600	0.148468
310.091700	0.148163
310.091800	0.149078
310.091900	0.148621
310.092000	0.148468
310.092100	0.148315
310.092200	0.145874
310.092300	0.148163
310.092400	0.151367
310.092500	0.151367
310.092600	0.149689
310.092700	0.148010
310.092800	0.149078
310.092900	0.145874
310.093000	0.143280
310.093100	0.150909
310.093200	0.148163
310.093300	0.148773
310.093400	0.146179
310.093500	0.150452
310.093600	0.146332
310.093700	0.145416
310.093800	0.146027
310.093900	0.146027
310.094000	0.145264
310.094100	0.144348
310.094200	0.150146
310.094300	0.148926
310.094400	0.145416
310.094500	0.143127
310.094600	0.145874
310.094700	0.147400
310.094800	0.144806
310.094900	0.146790
310.095000	0.146790
310.095100	0.142059
310.095200	0.150604
310.095300	0.146179
310.095400	0.146637
310.095500	0.146332
310.095600	0.144958
310.095700	0.146637
310.095800	0.141602
310.095900	0.140381
310.096000	0.140686
310.096100	0.140839
310.096200	0.142517
310.096300	0.142822
310.096400	0.145569
310.096500	0.139160
310.096600	0.148010
310.096700	0.144958
310.096800	0.136871
310.096900	0.144806
310.097000	0.145569
310.097100	0.150452
310.097200	0.148163
310.097300	0.151062
310.097400	0.141602
310.097500	0.143433
310.097600	0.145111
310.097700	0.148926
310.097800	0.142517
310.097900	0.142517
310.098000	0.140686
310.098100	0.145416
310.098200	0.144043
310.098300	0.139160
310.098400	0.137634
310.098500	0.138092
310.098600	0.138245
310.098700	0.138550
310.098800	0.139465
310.098900	0.142365
310.099000	0.138702
310.099100	0.141907
310.099200	0.139313
310.099300	0.141602
310.099400	0.132446
310.099500	0.137482
310.099600	0.134430
310.099700	0.140991
310.099800	0.142365
310.099900	0.137787
310.100000	0.137024
310.100100	0.142212
310.100200	0.143127
310.100300	0.140076
310.100400	0.142212
310.100500	0.143585
310.100600	0.141602
310.100700	0.135956
310.100800	0.136108
310.100900	0.140839
310.101000	0.139465
310.101100	0.136566
310.101200	0.135193
310.101300	0.133667
310.101400	0.136108
310.101500	0.138702
310.101600	0.135193
310.101700	0.136414
310.101800	0.140228
310.101900	0.141296
310.102000	0.137177
310.102100	0.134277
310.102200	0.138702
310.102300	0.130463
310.102400	0.133209
310.102500	0.138550
310.102600	0.135040
310.102700	0.133514
310.102800	0.140991
310.102900	0.139008
310.103000	0.139465
310.103100	0.132904
310.103200	0.133972
310.103300	0.139465
310.103400	0.135498
310.103500	0.130615
310.103600	0.130920
310.103700	0.129242
310.103800	0.135498
310.103900	0.134277
310.104000	0.133972
310.104100	0.132904
310.104200	0.132141
310.104300	0.129395
310.104400	0.133972
310.104500	0.131531
310.104600	0.128784
310.104700	0.128937
310.104800	0.130615
310.104900	0.128937
310.105000	0.131226
310.105100	0.132751
310.105200	0.129700
310.105300	0.135498
310.105400	0.133209
310.105500	0.137329
310.105600	0.134125
310.105700	0.139771
310.105800	0.132904
310.105900	0.135345
310.106000	0.134277
310.106100	0.129395
310.106200	0.132294
310.106300	0.133820
310.106400	0.132751
310.106500	0.126190
310.106600	0.126343
310.106700	0.130310
310.106800	0.132904
310.106900	0.129242
310.107000	0.133972
310.107100	0.129852
310.107200	0.127106
310.107300	0.129700
310.107400	0.129395
310.107500	0.130768
310.107600	0.129242
310.107700	0.123291
310.107800	0.124512
310.107900	0.127869
310.108000	0.126343
310.108100	0.125427
310.108200	0.126343
310.108300	0.125275
310.108400	0.124207
310.108500	0.126343
310.108600	0.119476
310.108700	0.126038
310.108800	0.127106
310.108900	0.122986
310.109000	0.125275
310.109100	0.127258
310.109200	0.127258
310.109300	0.126038
310.109400	0.124664
310.109500	0.122070
310.109600	0.124664
310.109700	0.124969
310.109800	0.124359
310.109900	0.122681
310.110000	0.121002
310.110100	0.124207
310.110200	0.122070
310.110300	0.119781
310.110400	0.120239
310.110500	0.118103
310.110600	0.120239
310.110700	0.119324
310.110800	0.122070
310.110900	0.121155
310.111000	0.117645
310.111100	0.120697
310.111200	0.120239
310.111300	0.118103
310.111400	0.118561
310.111500	0.118561
310.111600	0.117950
310.111700	0.114746
310.111800	0.118713
310.111900	0.122223
310.112000	0.116425
310.112100	0.119781
310.112200	0.119171
310.112300	0.113983
310.112400	0.118713
310.112500	0.119019
310.112600	0.114288
310.112700	0.117340
310.112800	0.112305
310.112900	0.113525
310.113000	0.117798
310.113100	0.116425
310.113200	0.116730
310.113300	0.112457
310.113400	0.117035
310.113500	0.113220
310.113600	0.113678
310.113700	0.111084
310.113800	0.113831
310.113900	0.112610
310.114000	0.116425
310.114100	0.115356
310.114200	0.116577
310.114300	0.109100
310.114400	0.112305
310.114500	0.112762
310.114600	0.119934
310.114700	0.122986
310.114800	0.118256
310.114900	0.118713
310.115000	0.117493
310.115100	0.116577
310.115200	0.117493
310.115300	0.119629
310.115400	0.115356
310.115500	0.119324
310.115600	0.118408
310.115700	0.116119
310.115800	0.117950
310.115900	0.119781
310.116000	0.116882
310.116100	0.115967
310.116200	0.112457
310.116300	0.110168
310.116400	0.111237
310.116500	0.112152
310.116600	0.113068
310.116700	0.107727
310.116800	0.105896
310.116900	0.108948
310.117000	0.102844
310.117100	0.107269
310.117200	0.112152
310.117300	0.111542
310.117400	0.113525
310.117500	0.109406
310.117600	0.111694
310.117700	0.116425
310.117800	0.115051
310.117900	0.114441
310.118000	0.114899
310.118100	0.109863
310.118200	0.112610
310.118300	0.113068
310.118400	0.109863
