271.818500	-0.265503
271.818600	-0.118103
271.818700	-0.058441
271.818800	-0.010834
271.818900	0.050049
271.819000	0.106812
271.819100	0.150452
271.819200	0.161896
271.819300	0.167542
271.819400	0.161133
271.819500	0.137787
271.819600	0.104523
271.819700	0.073242
271.819800	0.044250
271.819900	0.026398
271.820000	0.031281
271.820100	0.041351
271.820200	0.055695
271.820300	0.081787
271.820400	0.090942
271.820500	0.100098
271.820600	0.097046
271.820700	0.098877
271.820800	0.094299
271.820900	0.090485
271.821000	0.083008
271.821100	0.084534
271.821200	0.076141
271.821300	0.071869
271.821400	0.072479
271.821500	0.075226
271.821600	0.079498
271.821700	0.079346
271.821800	0.090332
271.821900	0.093384
271.822000	0.094299
271.822100	0.093231
271.822200	0.096283
271.822300	0.098419
271.822400	0.095825
271.822500	0.097809
271.822600	0.096588
271.822700	0.094452
271.822800	0.081177
271.822900	0.076294
271.823000	0.075836
271.823100	0.079956
271.823200	0.072021
271.823300	0.065460
271.823400	0.064392
271.823500	0.049744
271.823600	0.044861
271.823700	0.036926
271.823800	0.037079
271.823900	0.048981
271.824000	0.059814
271.824100	0.069580
271.824200	0.071259
271.824300	0.072021
271.824400	0.068970
271.824500	0.059052
271.824600	0.049591
271.824700	0.041351
271.824800	0.038757
271.824900	0.036621
271.825000	0.039368
271.825100	0.052032
271.825200	0.059357
271.825300	0.063782
271.825400	0.067902
271.825500	0.066986
271.825600	0.061951
271.825700	0.060577
271.825800	0.055237
271.825900	0.055237
271.826000	0.053406
271.826100	0.036774
271.826200	0.040283
271.826300	0.038300
271.826400	0.040436
271.826500	0.035400
271.826600	0.036926
271.826700	0.035553
271.826800	0.039062
271.826900	0.038452
271.827000	0.033722
271.827100	0.032349
271.827200	0.029602
271.827300	0.033569
271.827400	0.030975
271.827500	0.038605
271.827600	0.041504
271.827700	0.038452
271.827800	0.042419
271.827900	0.067139
271.828000	0.168915
271.828100	0.421143
271.828200	0.854950
271.828300	1.263428
271.828400	1.372681
271.828500	1.213379
271.828600	0.864410
271.828700	0.343018
271.828800	-0.250092
271.828900	-0.722809
271.829000	-1.076813
271.829100	-1.244354
271.829200	-1.236877
271.829300	-0.876160
271.829400	-0.451355
271.829500	-0.156097
271.829600	-0.013885
271.829700	0.038147
271.829800	0.041046
271.829900	0.030823
271.830000	0.019684
271.830100	0.008240
271.830200	0.009155
271.830300	0.004883
271.830400	0.016327
271.830500	0.018158
271.830600	0.028687
271.830700	0.027466
271.830800	0.033112
271.830900	0.028076
271.831000	0.021362
271.831100	0.028839
271.831200	0.025635
271.831300	0.025330
271.831400	0.032196
271.831500	0.037689
271.831600	0.041962
271.831700	0.042267
271.831800	0.043640
271.831900	0.044098
271.832000	0.039215
271.832100	0.035400
271.832200	0.039978
271.832300	0.037689
271.832400	0.027924
271.832500	0.019226
271.832600	0.018921
271.832700	0.026398
271.832800	0.035706
271.832900	0.051880
271.833000	0.059052
271.833100	0.057068
271.833200	0.061798
271.833300	0.054474
271.833400	0.040741
271.833500	0.022583
271.833600	0.018311
271.833700	0.005341
271.833800	-0.013733
271.833900	-0.027161
271.834000	-0.026703
271.834100	-0.008545
271.834200	0.020447
271.834300	0.054779
271.834400	0.092163
271.834500	0.113983
271.834600	0.126648
271.834700	0.127716
271.834800	0.126953
271.834900	0.105286
271.835000	0.065155
271.835100	0.035095
271.835200	0.007324
271.835300	-0.002747
271.835400	0.032196
271.835500	0.121307
271.835600	0.205841
271.835700	0.242310
271.835800	0.225830
271.835900	0.181580
271.836000	0.118713
271.836100	0.030060
271.836200	-0.036316
271.836300	-0.024414
271.836400	0.115509
271.836500	0.442810
271.836600	0.741882
271.836700	0.849457
271.836800	0.987701
271.836900	1.102753
271.837000	0.775146
271.837100	0.040283
271.837200	-0.713348
271.837300	-1.164398
271.837400	-1.261902
271.837500	-1.219635
271.837600	-1.195984
271.837700	-0.986481
271.837800	-0.581055
271.837900	-0.280457
271.838000	-0.090790
271.838100	-0.012512
271.838200	0.012360
271.838300	0.021057
271.838400	0.029144
271.838500	0.033112
271.838600	0.036774
271.838700	0.040283
271.838800	0.037384
271.838900	0.038910
271.839000	0.041199
271.839100	0.041046
271.839200	0.033722
271.839300	0.032349
271.839400	0.028992
271.839500	0.032959
271.839600	0.043488
271.839700	0.059814
271.839800	0.079041
271.839900	0.140228
271.840000	0.328979
271.840100	0.756989
271.840200	1.385193
271.840300	1.813660
271.840400	1.983948
271.840500	1.887970
271.840600	1.199646
271.840700	0.058289
271.840800	-1.071777
271.840900	-2.006073
271.841000	-2.260590
271.841100	-2.204132
271.841200	-1.868896
271.841300	-1.232758
271.841400	-0.588379
271.841500	-0.208893
271.841600	-0.028839
271.841700	0.029602
271.841800	0.052185
271.841900	0.055237
271.842000	0.052948
271.842100	0.056763
271.842200	0.058899
271.842300	0.062866
271.842400	0.063324
271.842500	0.059967
271.842600	0.062408
271.842700	0.064240
271.842800	0.062256
271.842900	0.059357
271.843000	0.057983
271.843100	0.055084
271.843200	0.053406
271.843300	0.050964
271.843400	0.045929
271.843500	0.039673
271.843600	0.036316
271.843700	0.038147
271.843800	0.037842
271.843900	0.042267
271.844000	0.060272
271.844100	0.107574
271.844200	0.216522
271.844300	0.453186
271.844400	0.733032
271.844500	1.007843
271.844600	1.196442
271.844700	1.106873
271.844800	0.823364
271.844900	0.435791
271.845000	0.015106
271.845100	-0.391541
271.845200	-0.699921
271.845300	-0.905151
271.845400	-0.963593
271.845500	-0.900269
271.845600	-0.787506
271.845700	-0.567017
271.845800	-0.282745
271.845900	-0.058594
271.846000	0.061035
271.846100	0.091095
271.846200	0.053101
271.846300	-0.004730
271.846400	-0.063934
271.846500	-0.098267
271.846600	-0.101929
271.846700	-0.074005
271.846800	-0.031891
271.846900	0.007629
271.847000	0.040588
271.847100	0.059814
271.847200	0.069580
271.847300	0.068512
271.847400	0.049896
271.847500	0.031128
271.847600	0.029297
271.847700	0.048523
271.847800	0.142975
271.847900	0.336609
271.848000	0.698242
271.848100	1.079102
271.848200	1.287079
271.848300	1.489410
271.848400	1.602936
271.848500	1.297913
271.848600	0.622406
271.848700	-0.180969
271.848800	-0.789185
271.848900	-1.073303
271.849000	-1.162872
271.849100	-1.183929
271.849200	-1.231689
271.849300	-0.958405
271.849400	-0.686340
271.849500	-0.489655
271.849600	-0.299377
271.849700	-0.144501
271.849800	-0.065613
271.849900	-0.034485
271.850000	-0.031128
271.850100	-0.031128
271.850200	-0.027466
271.850300	-0.022888
271.850400	0.005798
271.850500	0.044403
271.850600	0.075836
271.850700	0.085144
271.850800	0.092316
271.850900	0.095215
271.851000	0.082855
271.851100	0.058594
271.851200	0.027771
271.851300	0.013580
271.851400	0.002289
271.851500	-0.012512
271.851600	-0.020752
271.851700	-0.007477
271.851800	0.010376
271.851900	0.027771
271.852000	0.034027
271.852100	0.038757
271.852200	0.035400
271.852300	0.030670
271.852400	0.033722
271.852500	0.035858
271.852600	0.034332
271.852700	0.037842
271.852800	0.037384
271.852900	0.041351
271.853000	0.031281
271.853100	0.031586
271.853200	0.031281
271.853300	0.030365
271.853400	0.025482
271.853500	0.028381
271.853600	0.032043
271.853700	0.032959
271.853800	0.042114
271.853900	0.072327
271.854000	0.147552
271.854100	0.259857
271.854200	0.374908
271.854300	0.426483
271.854400	0.407715
271.854500	0.338745
271.854600	0.241699
271.854700	0.181732
271.854800	0.174561
271.854900	0.163879
271.855000	0.107422
271.855100	0.022125
271.855200	-0.057678
271.855300	-0.143738
271.855400	-0.234985
271.855500	-0.336609
271.855600	-0.435638
271.855700	-0.490723
271.855800	-0.472107
271.855900	-0.368347
271.856000	-0.210419
271.856100	-0.089111
271.856200	-0.019836
271.856300	0.012512
271.856400	0.022278
271.856500	0.016937
271.856600	0.022736
271.856700	0.026093
271.856800	0.032043
271.856900	0.037842
271.857000	0.078125
271.857100	0.194550
271.857200	0.414276
271.857300	0.737762
271.857400	1.109467
271.857500	1.383667
271.857600	1.501770
271.857700	1.458740
271.857800	1.226959
271.857900	0.717316
271.858000	0.059357
271.858100	-0.470886
271.858200	-0.839844
271.858300	-1.170349
271.858400	-1.585693
271.858500	-1.543121
271.858600	-1.253204
271.858700	-0.993500
271.858800	-0.868835
271.858900	-0.688324
271.859000	-0.413818
271.859100	-0.202637
271.859200	-0.058594
271.859300	0.004120
271.859400	0.024414
271.859500	0.035248
271.859600	0.038605
271.859700	0.044250
271.859800	0.044556
271.859900	0.043488
271.860000	0.043945
271.860100	0.044861
271.860200	0.042725
271.860300	0.039368
271.860400	0.036163
271.860500	0.034637
271.860600	0.028076
271.860700	0.022278
271.860800	0.021973
271.860900	0.021362
271.861000	0.023804
271.861100	0.028534
271.861200	0.032806
271.861300	0.037689
271.861400	0.039062
271.861500	0.041962
271.861600	0.044250
271.861700	0.047455
271.861800	0.050049
271.861900	0.054016
271.862000	0.052795
271.862100	0.047913
271.862200	0.058136
271.862300	0.076599
271.862400	0.100250
271.862500	0.111694
271.862600	0.111542
271.862700	0.108948
271.862800	0.075989
271.862900	0.027924
271.863000	-0.021057
271.863100	-0.041962
271.863200	-0.052643
271.863300	-0.050964
271.863400	-0.036163
271.863500	-0.017548
271.863600	-0.000458
271.863700	0.012512
271.863800	0.015869
271.863900	0.030670
271.864000	0.045166
271.864100	0.071716
271.864200	0.087128
271.864300	0.094299
271.864400	0.089264
271.864500	0.064392
271.864600	0.032501
271.864700	-0.008240
271.864800	-0.032043
271.864900	-0.048676
271.865000	-0.044250
271.865100	-0.037994
271.865200	-0.020599
271.865300	0.009308
271.865400	0.021362
271.865500	0.029907
271.865600	0.034332
271.865700	0.031281
271.865800	0.023499
271.865900	0.020142
271.866000	0.021210
271.866100	0.016022
271.866200	0.011749
271.866300	0.012360
271.866400	0.005035
271.866500	0.008087
271.866600	0.012512
271.866700	0.013885
271.866800	0.018463
271.866900	0.024719
271.867000	0.023193
271.867100	0.027008
271.867200	0.027313
271.867300	0.030212
271.867400	0.027466
271.867500	0.031128
271.867600	0.033722
271.867700	0.032959
271.867800	0.037537
271.867900	0.036774
271.868000	0.039825
271.868100	0.033875
271.868200	0.039062
271.868300	0.041656
271.868400	0.052338
271.868500	0.055847
271.868600	0.056610
271.868700	0.058441
271.868800	0.055237
271.868900	0.056000
271.869000	0.050201
271.869100	0.043488
271.869200	0.032349
271.869300	0.021515
271.869400	0.000305
271.869500	-0.011749
271.869600	-0.017090
271.869700	-0.019836
271.869800	-0.021057
271.869900	-0.012665
271.870000	-0.012360
271.870100	-0.003662
271.870200	0.002899
271.870300	0.012207
271.870400	0.035858
271.870500	0.091400
271.870600	0.212250
271.870700	0.376282
271.870800	0.512695
271.870900	0.528107
271.871000	0.454407
271.871100	0.330658
271.871200	0.180054
271.871300	0.009155
271.871400	-0.150604
271.871500	-0.296326
271.871600	-0.406799
271.871700	-0.467834
271.871800	-0.458832
271.871900	-0.358276
271.872000	-0.187683
