252.157700	0.083313
252.157800	0.076141
252.157900	0.055847
252.158000	0.014648
252.158100	-0.025177
252.158200	-0.066376
252.158300	-0.079041
252.158400	-0.081482
252.158500	-0.085907
252.158600	-0.066071
252.158700	0.003815
252.158800	0.155792
252.158900	0.418396
252.159000	0.788879
252.159100	1.164093
252.159200	1.373901
252.159300	1.445923
252.159400	1.295929
252.159500	0.716095
252.159600	-0.011292
252.159700	-0.685425
252.159800	-1.139526
252.159900	-1.321259
252.160000	-1.342926
252.160100	-1.239929
252.160200	-0.916901
252.160300	-0.501556
252.160400	-0.230865
252.160500	-0.086975
252.160600	-0.034790
252.160700	-0.005951
252.160800	0.010681
252.160900	0.014648
252.161000	0.027771
252.161100	0.025635
252.161200	0.023499
252.161300	0.030212
252.161400	0.027924
252.161500	0.027161
252.161600	0.030975
252.161700	0.036621
252.161800	0.025177
252.161900	0.009460
252.162000	-0.008698
252.162100	-0.013580
252.162200	-0.008698
252.162300	-0.003815
252.162400	-0.005493
252.162500	-0.007172
252.162600	0.004425
252.162700	0.021057
252.162800	0.073090
252.162900	0.271149
252.163000	0.698853
252.163100	1.312714
252.163200	1.766815
252.163300	1.834412
252.163400	1.678467
252.163500	1.489258
252.163600	1.294098
252.163700	0.942688
252.163800	0.366669
252.163900	-0.238495
252.164000	-0.901184
252.164100	-1.714325
252.164200	-2.305145
252.164300	-2.370911
252.164400	-2.036438
252.164500	-1.610260
252.164600	-1.229553
252.164700	-0.775604
252.164800	-0.366974
252.164900	-0.120239
252.165000	-0.014801
252.165100	0.025330
252.165200	0.035553
252.165300	0.039215
252.165400	0.034332
252.165500	0.014954
252.165600	-0.003052
252.165700	-0.016174
252.165800	-0.019836
252.165900	-0.031433
252.166000	-0.047913
252.166100	-0.052338
252.166200	-0.035095
252.166300	-0.019073
252.166400	0.001831
252.166500	0.003967
252.166600	0.016479
252.166700	0.023346
252.166800	0.016174
252.166900	0.022736
252.167000	0.020905
252.167100	0.023193
252.167200	0.023956
252.167300	0.025330
252.167400	0.031738
252.167500	0.031738
252.167600	0.052490
252.167700	0.113068
252.167800	0.241089
252.167900	0.468445
252.168000	0.718079
252.168100	0.896454
252.168200	0.937347
252.168300	0.818939
252.168400	0.528717
252.168500	0.146790
252.168600	-0.249786
252.168700	-0.617218
252.168800	-0.861206
252.168900	-0.913391
252.169000	-0.779419
252.169100	-0.428925
252.169200	-0.055237
252.169300	0.208282
252.169400	0.304413
252.169500	0.256958
252.169600	0.108185
252.169700	-0.087738
252.169800	-0.255737
252.169900	-0.384216
252.170000	-0.465851
252.170100	-0.473022
252.170200	-0.357971
252.170300	-0.204010
252.170400	-0.073547
252.170500	-0.013123
252.170600	0.004730
252.170700	0.009766
252.170800	0.008850
252.170900	0.006561
252.171000	0.013123
252.171100	0.019226
252.171200	0.056915
252.171300	0.121460
252.171400	0.237885
252.171500	0.394440
252.171600	0.483093
252.171700	0.449219
252.171800	0.369568
252.171900	0.273437
252.172000	0.165100
252.172100	0.054169
252.172200	-0.062561
252.172300	-0.172729
252.172400	-0.273895
252.172500	-0.349731
252.172600	-0.433502
252.172700	-0.483246
252.172800	-0.448914
252.172900	-0.318146
252.173000	-0.189514
252.173100	-0.088806
252.173200	-0.032043
252.173300	-0.002289
252.173400	0.001526
252.173500	0.003357
252.173600	0.002594
252.173700	0.000763
252.173800	0.000458
252.173900	0.000763
252.174000	0.002441
252.174100	0.001068
252.174200	0.002594
252.174300	0.007935
252.174400	0.011902
252.174500	0.013275
252.174600	0.013123
252.174700	0.020905
252.174800	0.025330
252.174900	0.028839
252.175000	0.028992
252.175100	0.024567
252.175200	0.025482
252.175300	0.018768
252.175400	0.010529
252.175500	0.022736
252.175600	0.085907
252.175700	0.230103
252.175800	0.449829
252.175900	0.666199
252.176000	0.787048
252.176100	0.788116
252.176200	0.641022
252.176300	0.326385
252.176400	-0.061188
252.176500	-0.385132
252.176600	-0.530701
252.176700	-0.464783
252.176800	-0.290070
252.176900	-0.065155
252.177000	0.178986
252.177100	0.299683
252.177200	0.202942
252.177300	-0.048370
252.177400	-0.378418
252.177500	-0.656128
252.177600	-0.793304
252.177700	-0.780487
252.177800	-0.629272
252.177900	-0.392151
252.178000	-0.178375
252.178100	-0.016785
252.178200	0.128021
252.178300	0.292969
252.178400	0.517120
252.178500	0.640869
252.178600	0.607605
252.178700	0.518646
252.178800	0.391693
252.178900	0.219421
252.179000	0.036926
252.179100	-0.148468
252.179200	-0.310974
252.179300	-0.435486
252.179400	-0.539551
252.179500	-0.610199
252.179600	-0.568237
252.179700	-0.391083
252.179800	-0.203247
252.179900	-0.065460
252.180000	0.013885
252.180100	0.044556
252.180200	0.042877
252.180300	0.037384
252.180400	0.025330
252.180500	0.030060
252.180600	0.043488
252.180700	0.050812
252.180800	0.050812
252.180900	0.051422
252.181000	0.052338
252.181100	0.038757
252.181200	0.011902
252.181300	-0.021362
252.181400	-0.039978
252.181500	-0.046234
252.181600	-0.039368
252.181700	-0.035858
252.181800	-0.025024
252.181900	-0.000916
252.182000	0.030518
252.182100	0.046692
252.182200	0.049438
252.182300	0.061035
252.182400	0.079193
252.182500	0.114288
252.182600	0.156097
252.182700	0.179596
252.182800	0.191498
252.182900	0.126038
252.183000	0.019073
252.183100	-0.100098
252.183200	-0.201111
252.183300	-0.262604
252.183400	-0.264435
252.183500	-0.213776
252.183600	-0.127106
252.183700	-0.048065
252.183800	-0.008698
252.183900	0.007935
252.184000	0.009460
252.184100	0.007935
252.184200	0.011139
252.184300	0.005646
252.184400	0.007019
252.184500	0.009918
252.184600	0.016327
252.184700	0.017395
252.184800	0.022278
252.184900	0.015717
252.185000	0.013428
252.185100	0.012512
252.185200	0.011444
252.185300	0.008392
252.185400	0.006104
252.185500	0.008392
252.185600	-0.000153
252.185700	-0.002747
252.185800	0.003204
252.185900	0.006866
252.186000	0.009155
252.186100	0.014038
252.186200	0.011292
252.186300	0.017853
252.186400	0.015411
252.186500	0.018311
252.186600	0.010376
252.186700	0.014801
252.186800	0.020599
252.186900	0.022278
252.187000	0.019684
252.187100	0.017700
252.187200	0.006714
252.187300	0.005341
252.187400	0.009766
252.187500	0.015259
252.187600	0.012207
252.187700	0.009766
252.187800	0.011444
252.187900	0.015717
252.188000	0.019073
252.188100	0.012970
252.188200	0.007629
252.188300	0.001068
252.188400	-0.000305
252.188500	-0.009613
252.188600	-0.012817
252.188700	-0.023956
252.188800	-0.022278
252.188900	-0.017548
252.189000	-0.015564
252.189100	-0.016327
252.189200	-0.011597
252.189300	-0.010834
252.189400	-0.009308
252.189500	-0.003204
252.189600	0.007477
252.189700	0.021820
252.189800	0.028076
252.189900	0.036163
252.190000	0.043640
252.190100	0.036926
252.190200	0.023956
252.190300	0.015411
252.190400	-0.001984
252.190500	-0.011292
252.190600	-0.029297
252.190700	-0.034637
252.190800	-0.027924
252.190900	-0.019073
252.191000	0.002747
252.191100	0.008545
252.191200	0.007324
252.191300	0.006714
252.191400	0.006714
252.191500	-0.000610
252.191600	-0.013733
252.191700	-0.019379
252.191800	-0.024261
252.191900	-0.034790
252.192000	-0.038300
252.192100	-0.042877
252.192200	-0.040283
252.192300	-0.025024
252.192400	-0.011139
252.192500	-0.002747
252.192600	0.006256
252.192700	0.012054
252.192800	0.014648
252.192900	0.014648
252.193000	0.016174
252.193100	0.015717
252.193200	0.022888
252.193300	0.021210
252.193400	0.015259
252.193500	0.002899
252.193600	-0.004883
252.193700	-0.007782
252.193800	-0.013275
252.193900	-0.015564
252.194000	-0.021515
252.194100	-0.014954
252.194200	-0.007935
252.194300	-0.002747
252.194400	0.006409
252.194500	-0.000305
252.194600	-0.006409
252.194700	-0.002899
252.194800	-0.009155
252.194900	-0.007477
252.195000	-0.015717
252.195100	-0.013428
252.195200	-0.001831
252.195300	0.012512
252.195400	0.019684
252.195500	0.025024
252.195600	0.033264
252.195700	0.029144
252.195800	0.006256
252.195900	-0.012970
252.196000	-0.034943
252.196100	-0.032806
252.196200	-0.011902
252.196300	0.093689
252.196400	0.347137
252.196500	0.834198
252.196600	1.351013
252.196700	1.602478
252.196800	1.669617
252.196900	1.435852
252.197000	0.717468
252.197100	-0.166016
252.197200	-1.044464
252.197300	-1.693726
252.197400	-1.820526
252.197500	-1.737518
252.197600	-1.410522
252.197700	-0.914154
252.197800	-0.404968
252.197900	-0.141449
252.198000	-0.037994
252.198100	-0.026245
252.198200	-0.033569
252.198300	-0.032959
252.198400	-0.029755
252.198500	-0.015717
252.198600	-0.008240
252.198700	0.003052
252.198800	0.006104
252.198900	0.011597
252.199000	0.016479
252.199100	0.007935
252.199200	0.005646
252.199300	0.002441
252.199400	-0.002441
252.199500	-0.004120
252.199600	-0.002136
252.199700	-0.002747
252.199800	-0.004883
252.199900	0.001984
252.200000	0.019379
252.200100	0.048523
252.200200	0.073547
252.200300	0.086823
252.200400	0.085602
252.200500	0.053101
252.200600	0.012665
252.200700	-0.040131
252.200800	-0.064392
252.200900	-0.058136
252.201000	-0.011292
252.201100	0.086670
252.201200	0.216827
252.201300	0.317078
252.201400	0.341949
252.201500	0.304565
252.201600	0.209961
252.201700	0.092468
252.201800	-0.042877
252.201900	-0.159760
252.202000	-0.257568
252.202100	-0.325623
252.202200	-0.340881
252.202300	-0.301056
252.202400	-0.215454
252.202500	-0.115662
252.202600	-0.037689
252.202700	0.005341
252.202800	0.012970
252.202900	0.015259
252.203000	0.013733
252.203100	-0.001221
252.203200	0.002136
252.203300	0.008392
252.203400	0.022583
252.203500	0.041046
252.203600	0.117645
252.203700	0.247498
252.203800	0.496979
252.203900	0.818481
252.204000	0.970612
252.204100	0.999451
252.204200	1.065063
252.204300	1.182709
252.204400	1.105347
252.204500	0.768890
252.204600	0.477905
252.204700	0.290527
252.204800	-0.040894
252.204900	-0.639954
252.205000	-1.166229
252.205100	-1.735992
252.205200	-1.624298
252.205300	-1.333008
252.205400	-1.192932
252.205500	-1.023865
252.205600	-0.764465
252.205700	-0.428314
252.205800	-0.202942
252.205900	-0.063171
252.206000	0.003052
252.206100	0.024414
252.206200	0.030670
252.206300	0.032806
252.206400	0.034180
252.206500	0.035248
252.206600	0.030212
252.206700	0.022736
252.206800	0.034790
252.206900	0.104980
252.207000	0.399628
252.207100	1.266479
252.207200	2.987671
252.207300	4.999847
252.207400	4.999847
252.207500	4.999847
252.207600	4.999847
252.207700	4.999847
252.207800	4.399414
252.207900	0.396881
252.208000	-3.860931
252.208100	-5.000000
252.208200	-5.000000
252.208300	-5.000000
252.208400	-5.000000
252.208500	-5.000000
252.208600	-5.000000
252.208700	-2.716522
252.208800	-1.265259
252.208900	-0.345154
252.209000	-0.040283
252.209100	0.055847
252.209200	0.079803
252.209300	0.089569
252.209400	0.089417
252.209500	0.088806
252.209600	0.086823
252.209700	0.084839
252.209800	0.092468
252.209900	0.092468
252.210000	0.092316
252.210100	0.084839
252.210200	0.083008
252.210300	0.075073
252.210400	0.068970
252.210500	0.067749
252.210600	0.069275
252.210700	0.075989
252.210800	0.083160
252.210900	0.077515
252.211000	0.078430
252.211100	0.073242
252.211200	0.074158
