231.421700	0.096283
231.421800	0.107422
231.421900	0.106354
231.422000	0.107269
231.422100	0.099030
231.422200	0.096588
231.422300	0.102997
231.422400	0.096130
231.422500	0.090637
231.422600	0.094452
231.422700	0.097656
231.422800	0.094147
231.422900	0.092621
231.423000	0.097656
231.423100	0.103912
231.423200	0.112000
231.423300	0.117187
231.423400	0.115051
231.423500	0.115204
231.423600	0.116577
231.423700	0.114746
231.423800	0.108032
231.423900	0.109100
231.424000	0.109100
231.424100	0.113525
231.424200	0.111237
231.424300	0.112762
231.424400	0.115509
231.424500	0.119476
231.424600	0.119781
231.424700	0.115051
231.424800	0.110626
231.424900	0.112915
231.425000	0.107727
231.425100	0.099030
231.425200	0.095673
231.425300	0.102997
231.425400	0.110779
231.425500	0.121613
231.425600	0.134277
231.425700	0.150909
231.425800	0.163879
231.425900	0.166779
231.426000	0.152435
231.426100	0.120392
231.426200	0.082245
231.426300	0.052948
231.426400	0.027008
231.426500	0.019836
231.426600	0.010376
231.426700	0.018616
231.426800	0.040436
231.426900	0.060120
231.427000	0.079956
231.427100	0.088654
231.427200	0.101013
231.427300	0.101929
231.427400	0.102997
231.427500	0.106354
231.427600	0.107117
231.427700	0.110016
231.427800	0.099945
231.427900	0.098114
231.428000	0.092163
231.428100	0.082703
231.428200	0.072784
231.428300	0.071564
231.428400	0.072632
231.428500	0.077820
231.428600	0.078430
231.428700	0.088959
231.428800	0.092773
231.428900	0.089111
231.429000	0.083771
231.429100	0.085144
231.429200	0.083923
231.429300	0.080109
231.429400	0.079651
231.429500	0.072021
231.429600	0.072632
231.429700	0.073090
231.429800	0.075989
231.429900	0.077515
231.430000	0.087738
231.430100	0.087891
231.430200	0.095062
231.430300	0.097504
231.430400	0.094910
231.430500	0.089264
231.430600	0.090179
231.430700	0.094147
231.430800	0.095215
231.430900	0.093994
231.431000	0.080719
231.431100	0.087128
231.431200	0.097198
231.431300	0.110779
231.431400	0.129700
231.431500	0.134583
231.431600	0.140839
231.431700	0.136566
231.431800	0.110931
231.431900	0.073242
231.432000	0.042725
231.432100	0.028687
231.432200	0.035248
231.432300	0.027466
231.432400	0.037079
231.432500	0.051422
231.432600	0.075378
231.432700	0.092010
231.432800	0.101624
231.432900	0.097046
231.433000	0.092468
231.433100	0.097198
231.433200	0.091858
231.433300	0.091553
231.433400	0.094604
231.433500	0.098114
231.433600	0.096893
231.433700	0.101318
231.433800	0.103149
231.433900	0.095520
231.434000	0.094604
231.434100	0.089417
231.434200	0.092621
231.434300	0.095673
231.434400	0.090942
231.434500	0.085907
231.434600	0.088959
231.434700	0.089111
231.434800	0.089569
231.434900	0.088348
231.435000	0.084534
231.435100	0.082092
231.435200	0.081787
231.435300	0.078430
231.435400	0.078278
231.435500	0.069275
231.435600	0.079193
231.435700	0.076752
231.435800	0.080109
231.435900	0.080261
231.436000	0.072632
231.436100	0.081329
231.436200	0.075836
231.436300	0.080872
231.436400	0.072021
231.436500	0.069275
231.436600	0.066833
231.436700	0.065765
231.436800	0.065308
231.436900	0.066071
231.437000	0.067291
231.437100	0.072632
231.437200	0.072021
231.437300	0.072479
231.437400	0.079956
231.437500	0.085754
231.437600	0.084839
231.437700	0.087585
231.437800	0.083313
231.437900	0.083618
231.438000	0.088959
231.438100	0.079498
231.438200	0.079956
231.438300	0.078125
231.438400	0.073242
231.438500	0.069733
231.438600	0.065613
231.438700	0.065155
231.438800	0.067291
231.438900	0.066071
231.439000	0.067749
231.439100	0.071106
231.439200	0.076447
231.439300	0.078888
231.439400	0.079651
231.439500	0.075989
231.439600	0.081329
231.439700	0.083008
231.439800	0.086517
231.439900	0.085297
231.440000	0.081787
231.440100	0.077515
231.440200	0.075836
231.440300	0.070190
231.440400	0.068207
231.440500	0.067902
231.440600	0.067139
231.440700	0.072479
231.440800	0.073242
231.440900	0.069122
231.441000	0.071411
231.441100	0.079193
231.441200	0.082703
231.441300	0.080566
231.441400	0.076752
231.441500	0.075684
231.441600	0.075073
231.441700	0.073700
231.441800	0.073090
231.441900	0.075989
231.442000	0.079651
231.442100	0.077209
231.442200	0.074768
231.442300	0.075989
231.442400	0.077667
231.442500	0.079956
231.442600	0.079346
231.442700	0.080109
231.442800	0.084991
231.442900	0.078735
231.443000	0.083160
231.443100	0.083313
231.443200	0.096588
231.443300	0.097656
231.443400	0.111237
231.443500	0.110168
231.443600	0.103760
231.443700	0.100403
231.443800	0.094757
231.443900	0.090485
231.444000	0.086823
231.444100	0.083160
231.444200	0.085297
231.444300	0.078278
231.444400	0.070953
231.444500	0.064087
231.444600	0.063019
231.444700	0.058594
231.444800	0.061188
231.444900	0.071716
231.445000	0.089417
231.445100	0.127869
231.445200	0.173187
231.445300	0.194550
231.445400	0.198517
231.445500	0.189667
231.445600	0.164032
231.445700	0.115356
231.445800	0.052490
231.445900	0.008240
231.446000	-0.016327
231.446100	-0.004425
231.446200	0.070038
231.446300	0.232086
231.446400	0.570831
231.446500	0.934448
231.446600	1.124725
231.446700	1.222229
231.446800	1.290894
231.446900	1.144714
231.447000	0.658264
231.447100	-0.003357
231.447200	-0.688934
231.447300	-1.095276
231.447400	-1.182251
231.447500	-1.180115
231.447600	-1.124115
231.447700	-0.947571
231.447800	-0.584106
231.447900	-0.262299
231.448000	-0.065918
231.448100	0.037384
231.448200	0.074005
231.448300	0.082703
231.448400	0.092773
231.448500	0.093842
231.448600	0.099030
231.448700	0.117035
231.448800	0.161591
231.448900	0.232544
231.449000	0.328522
231.449100	0.437317
231.449200	0.508423
231.449300	0.489044
231.449400	0.437469
231.449500	0.363159
231.449600	0.268707
231.449700	0.169983
231.449800	0.083313
231.449900	-0.011444
231.450000	-0.092163
231.450100	-0.144196
231.450200	-0.162354
231.450300	-0.140839
231.450400	-0.080566
231.450500	-0.005951
231.450600	0.090027
231.450700	0.143280
231.450800	0.094604
231.450900	-0.014496
231.451000	-0.124054
231.451100	-0.198059
231.451200	-0.211792
231.451300	-0.181427
231.451400	-0.124512
231.451500	-0.037689
231.451600	0.034485
231.451700	0.079956
231.451800	0.095215
231.451900	0.106354
231.452000	0.107422
231.452100	0.097198
231.452200	0.100250
231.452300	0.094147
231.452400	0.097961
231.452500	0.093536
231.452600	0.096893
231.452700	0.094757
231.452800	0.099335
231.452900	0.093689
231.453000	0.094757
231.453100	0.087585
231.453200	0.103149
231.453300	0.100403
231.453400	0.104980
231.453500	0.108643
231.453600	0.102081
231.453700	0.103760
231.453800	0.102997
231.453900	0.100403
231.454000	0.096741
231.454100	0.095215
231.454200	0.089722
231.454300	0.099335
231.454400	0.095062
231.454500	0.094147
231.454600	0.096130
231.454700	0.098419
231.454800	0.098877
231.454900	0.103302
231.455000	0.101013
231.455100	0.100098
231.455200	0.105743
231.455300	0.104065
231.455400	0.093994
231.455500	0.099640
231.455600	0.103607
231.455700	0.100403
231.455800	0.102997
231.455900	0.103607
231.456000	0.089264
231.456100	0.087738
231.456200	0.093384
231.456300	0.090485
231.456400	0.088501
231.456500	0.084991
231.456600	0.082550
231.456700	0.081940
231.456800	0.078278
231.456900	0.081940
231.457000	0.086212
231.457100	0.087585
231.457200	0.087433
231.457300	0.094604
231.457400	0.106812
231.457500	0.113068
231.457600	0.117950
231.457700	0.121002
231.457800	0.111847
231.457900	0.108643
231.458000	0.097504
231.458100	0.093994
231.458200	0.091400
231.458300	0.080872
231.458400	0.077515
231.458500	0.067902
231.458600	0.056458
231.458700	0.050049
231.458800	0.043640
231.458900	0.036011
231.459000	0.043945
231.459100	0.048065
231.459200	0.066376
231.459300	0.077057
231.459400	0.086365
231.459500	0.093079
231.459600	0.097961
231.459700	0.103760
231.459800	0.133057
231.459900	0.191040
231.460000	0.251617
231.460100	0.276031
231.460200	0.279541
231.460300	0.243835
231.460400	0.176392
231.460500	0.079041
231.460600	-0.027618
231.460700	-0.100098
231.460800	-0.130310
231.460900	-0.104370
231.461000	0.014038
231.461100	0.249481
231.461200	0.590210
231.461300	0.894470
231.461400	1.038818
231.461500	1.073151
231.461600	1.017303
231.461700	0.857391
231.461800	0.596924
231.461900	0.264282
231.462000	-0.108643
231.462100	-0.467529
231.462200	-0.750427
231.462300	-0.956116
231.462400	-1.095428
231.462500	-1.092987
231.462600	-0.897827
231.462700	-0.591431
231.462800	-0.309143
231.462900	-0.090637
231.463000	0.061798
231.463100	0.216217
231.463200	0.439606
231.463300	0.708771
231.463400	0.969391
231.463500	1.108704
231.463600	1.118011
231.463700	1.014404
231.463800	0.746613
231.463900	0.370331
231.464000	-0.054169
231.464100	-0.492249
231.464200	-0.834351
231.464300	-1.019440
231.464400	-1.045227
231.464500	-0.966034
231.464600	-0.790253
231.464700	-0.512695
231.464800	-0.257416
231.464900	-0.073547
231.465000	0.025787
231.465100	0.063782
231.465200	0.088806
231.465300	0.094452
231.465400	0.095520
231.465500	0.094910
231.465600	0.100098
231.465700	0.100403
231.465800	0.099945
231.465900	0.106201
231.466000	0.103607
231.466100	0.108643
231.466200	0.105896
231.466300	0.101624
231.466400	0.103455
231.466500	0.104065
231.466600	0.105591
231.466700	0.110016
231.466800	0.103149
231.466900	0.104218
231.467000	0.098877
231.467100	0.096130
231.467200	0.099640
231.467300	0.098877
231.467400	0.104370
231.467500	0.098877
231.467600	0.097198
231.467700	0.100708
231.467800	0.098877
231.467900	0.099182
231.468000	0.098267
231.468100	0.099792
231.468200	0.111237
231.468300	0.099945
231.468400	0.099792
231.468500	0.100861
231.468600	0.100403
231.468700	0.105591
231.468800	0.098877
231.468900	0.096436
231.469000	0.103912
231.469100	0.098419
231.469200	0.102844
231.469300	0.094452
231.469400	0.097961
231.469500	0.094299
231.469600	0.097351
231.469700	0.096436
231.469800	0.093842
231.469900	0.092010
231.470000	0.092926
231.470100	0.092773
231.470200	0.086212
231.470300	0.083771
231.470400	0.077820
231.470500	0.079956
231.470600	0.084534
231.470700	0.084991
231.470800	0.098572
231.470900	0.099182
231.471000	0.100861
231.471100	0.102234
231.471200	0.102844
231.471300	0.099640
231.471400	0.099030
231.471500	0.090637
231.471600	0.090637
231.471700	0.095978
231.471800	0.130463
231.471900	0.205994
231.472000	0.325470
231.472100	0.502167
231.472200	0.674438
231.472300	0.866852
231.472400	1.128235
231.472500	1.515045
231.472600	1.965027
231.472700	2.140350
231.472800	1.944580
231.472900	1.565552
231.473000	1.031494
231.473100	0.190430
231.473200	-0.852051
231.473300	-1.754761
231.473400	-2.213135
231.473500	-2.349701
231.473600	-2.338562
231.473700	-2.190094
231.473800	-1.722565
231.473900	-1.208954
231.474000	-0.473785
231.474100	-0.105743
231.474200	0.060577
231.474300	0.112762
231.474400	0.130005
231.474500	0.139465
231.474600	0.144806
231.474700	0.150757
231.474800	0.162048
231.474900	0.169373
231.475000	0.169525
231.475100	0.169830
231.475200	0.162048
