250.160900	-0.489197
250.161000	-1.121521
250.161100	-1.381226
250.161200	-1.380310
250.161300	-1.366425
250.161400	-1.251373
250.161500	-0.850372
250.161600	-0.396729
250.161700	-0.110626
250.161800	0.050812
250.161900	0.117645
250.162000	0.174255
250.162100	0.280914
250.162200	0.479736
250.162300	0.718842
250.162400	0.880585
250.162500	0.928345
250.162600	0.850525
250.162700	0.606079
250.162800	0.213776
250.162900	-0.218964
250.163000	-0.564270
250.163100	-0.746002
250.163200	-0.799103
250.163300	-0.708771
250.163400	-0.506134
250.163500	-0.251007
250.163600	-0.055542
250.163700	0.060577
250.163800	0.112305
250.163900	0.132294
250.164000	0.138855
250.164100	0.146179
250.164200	0.141907
250.164300	0.139313
250.164400	0.132904
250.164500	0.138397
250.164600	0.134277
250.164700	0.125275
250.164800	0.127258
250.164900	0.123749
250.165000	0.121613
250.165100	0.127869
250.165200	0.133514
250.165300	0.135803
250.165400	0.131989
250.165500	0.138245
250.165600	0.150299
250.165700	0.216522
250.165800	0.370789
250.165900	0.653992
250.166000	0.913086
250.166100	0.990601
250.166200	1.014862
250.166300	1.030273
250.166400	0.832214
250.166500	0.302277
250.166600	-0.330658
250.166700	-0.744171
250.166800	-0.884247
250.166900	-0.901642
250.167000	-0.905762
250.167100	-0.814819
250.167200	-0.486755
250.167300	-0.202942
250.167400	-0.018616
250.167500	0.067139
250.167600	0.097198
250.167700	0.107269
250.167800	0.115967
250.167900	0.121765
250.168000	0.126038
250.168100	0.125885
250.168200	0.128174
250.168300	0.132141
250.168400	0.132599
250.168500	0.124817
250.168600	0.119781
250.168700	0.108643
250.168800	0.114441
250.168900	0.110474
250.169000	0.121460
250.169100	0.126648
250.169200	0.133667
250.169300	0.132751
250.169400	0.133667
250.169500	0.126648
250.169600	0.122833
250.169700	0.116272
250.169800	0.109406
250.169900	0.099030
250.170000	0.087891
250.170100	0.089874
250.170200	0.086365
250.170300	0.075989
250.170400	0.078888
250.170500	0.084991
250.170600	0.087891
250.170700	0.103455
250.170800	0.122070
250.170900	0.166168
250.171000	0.280914
250.171100	0.499268
250.171200	0.771179
250.171300	0.975647
250.171400	1.045074
250.171500	0.962067
250.171600	0.700836
250.171700	0.294647
250.171800	-0.166779
250.171900	-0.603943
250.172000	-0.875397
250.172100	-0.971069
250.172200	-0.928040
250.172300	-0.729980
250.172400	-0.420837
250.172500	-0.151062
250.172600	0.003357
250.172700	0.071106
250.172800	0.093536
250.172900	0.116882
250.173000	0.117645
250.173100	0.122070
250.173200	0.122070
250.173300	0.116882
250.173400	0.111389
250.173500	0.112915
250.173600	0.105591
250.173700	0.101929
250.173800	0.098114
250.173900	0.100250
250.174000	0.103607
250.174100	0.107880
250.174200	0.104980
250.174300	0.111847
250.174400	0.112610
250.174500	0.118408
250.174600	0.120544
250.174700	0.120087
250.174800	0.108185
250.174900	0.110779
250.175000	0.115814
250.175100	0.110168
250.175200	0.107422
250.175300	0.096893
250.175400	0.092773
250.175500	0.103607
250.175600	0.112915
250.175700	0.132904
250.175800	0.142059
250.175900	0.132446
250.176000	0.121765
250.176100	0.107422
250.176200	0.087280
250.176300	0.067596
250.176400	0.051727
250.176500	0.051270
250.176600	0.055695
250.176700	0.085907
250.176800	0.115814
250.176900	0.130615
250.177000	0.131836
250.177100	0.130920
250.177200	0.122986
250.177300	0.111694
250.177400	0.116577
250.177500	0.124207
250.177600	0.140991
250.177700	0.188599
250.177800	0.308075
250.177900	0.555878
250.178000	1.021423
250.178100	1.746979
250.178200	2.769623
250.178300	3.850098
250.178400	4.434357
250.178500	4.355469
250.178600	3.724365
250.178700	2.233429
250.178800	0.007477
250.178900	-2.254791
250.179000	-3.996429
250.179100	-4.757690
250.179200	-4.681396
250.179300	-4.128418
250.179400	-3.144226
250.179500	-1.942596
250.179600	-1.191559
250.179700	-0.256653
250.179800	0.049286
250.179900	0.145569
250.180000	0.168457
250.180100	0.167999
250.180200	0.163879
250.180300	0.148163
250.180400	0.135803
250.180500	0.116272
250.180600	0.090179
250.180700	0.075989
250.180800	0.079498
250.180900	0.083618
250.181000	0.091400
250.181100	0.095825
250.181200	0.115356
250.181300	0.132446
250.181400	0.160980
250.181500	0.238800
250.181600	0.390625
250.181700	0.642242
250.181800	0.914917
250.181900	1.010437
250.182000	1.055145
250.182100	1.104736
250.182200	0.975189
250.182300	0.502777
250.182400	-0.141754
250.182500	-0.718842
250.182600	-0.931549
250.182700	-0.933533
250.182800	-0.908813
250.182900	-0.877380
250.183000	-0.633087
250.183100	-0.304871
250.183200	-0.083008
250.183300	0.045776
250.183400	0.100098
250.183500	0.121307
250.183600	0.128021
250.183700	0.131378
250.183800	0.137482
250.183900	0.142365
250.184000	0.146790
250.184100	0.153656
250.184200	0.144958
250.184300	0.134277
250.184400	0.128784
250.184500	0.119019
250.184600	0.115204
250.184700	0.112000
250.184800	0.113220
250.184900	0.107117
250.185000	0.111084
250.185100	0.116425
250.185200	0.118561
250.185300	0.116882
250.185400	0.126343
250.185500	0.126953
250.185600	0.121155
250.185700	0.122833
250.185800	0.128174
250.185900	0.138092
250.186000	0.148621
250.186100	0.166473
250.186200	0.176849
250.186300	0.175629
250.186400	0.172729
250.186500	0.158386
250.186600	0.118713
250.186700	0.074005
250.186800	0.035095
250.186900	0.022278
250.187000	0.024567
250.187100	0.027771
250.187200	0.045776
250.187300	0.078430
250.187400	0.103912
250.187500	0.119019
250.187600	0.121460
250.187700	0.123444
250.187800	0.121460
250.187900	0.121002
250.188000	0.126038
250.188100	0.137482
250.188200	0.152130
250.188300	0.163574
250.188400	0.180817
250.188500	0.178070
250.188600	0.170288
250.188700	0.162354
250.188800	0.131531
250.188900	0.095215
250.189000	0.077667
250.189100	0.084991
250.189200	0.161133
250.189300	0.308838
250.189400	0.462494
250.189500	0.576172
250.189600	0.657654
250.189700	0.684204
250.189800	0.605927
250.189900	0.419464
250.190000	0.176392
250.190100	-0.045776
250.190200	-0.180054
250.190300	-0.254364
250.190400	-0.272064
250.190500	-0.242920
250.190600	-0.211945
250.190700	-0.215912
250.190800	-0.241852
250.190900	-0.257568
250.191000	-0.244904
250.191100	-0.178223
250.191200	-0.088196
250.191300	0.000916
250.191400	0.051575
250.191500	0.088348
250.191600	0.098572
250.191700	0.100098
250.191800	0.105743
250.191900	0.109100
250.192000	0.110321
250.192100	0.110779
250.192200	0.107574
250.192300	0.112000
250.192400	0.111389
250.192500	0.108643
250.192600	0.112457
250.192700	0.110931
250.192800	0.114136
250.192900	0.111847
250.193000	0.113220
250.193100	0.104523
250.193200	0.108643
250.193300	0.114746
250.193400	0.108337
250.193500	0.110626
250.193600	0.118256
250.193700	0.108643
250.193800	0.106201
250.193900	0.107422
250.194000	0.106506
250.194100	0.104980
250.194200	0.103912
250.194300	0.100708
250.194400	0.097351
250.194500	0.100098
250.194600	0.098877
250.194700	0.096588
250.194800	0.094604
250.194900	0.097809
250.195000	0.092316
250.195100	0.086060
250.195200	0.092926
250.195300	0.099640
250.195400	0.101013
250.195500	0.118103
250.195600	0.129395
250.195700	0.128937
250.195800	0.135803
250.195900	0.141602
250.196000	0.137482
250.196100	0.131531
250.196200	0.118866
250.196300	0.108643
250.196400	0.091553
250.196500	0.080261
250.196600	0.076599
250.196700	0.074158
250.196800	0.085602
250.196900	0.106201
250.197000	0.110474
250.197100	0.097198
250.197200	0.083008
250.197300	0.057678
250.197400	0.050812
250.197500	0.054169
250.197600	0.057678
250.197700	0.064697
250.197800	0.063477
250.197900	0.062714
250.198000	0.058289
250.198100	0.070953
250.198200	0.086975
250.198300	0.101318
250.198400	0.146637
250.198500	0.277252
250.198600	0.515442
250.198700	0.916138
250.198800	1.273956
250.198900	1.388245
250.199000	1.468506
250.199100	1.475677
250.199200	1.068420
250.199300	0.385284
250.199400	-0.320892
250.199500	-0.777740
250.199600	-0.540009
250.199700	0.003204
250.199800	0.415192
250.199900	1.075897
250.200000	1.944733
250.200100	2.093201
250.200200	1.606903
250.200300	0.850372
250.200400	-0.086823
250.200500	-0.883331
250.200600	-1.508789
250.200700	-2.073517
250.200800	-2.409058
250.200900	-2.165833
250.201000	-1.770477
250.201100	-1.465912
250.201200	-1.207428
250.201300	-0.711823
250.201400	-0.304260
250.201500	-0.062561
250.201600	0.052948
250.201700	0.091095
250.201800	0.093536
250.201900	0.089417
250.202000	0.075836
250.202100	0.065002
250.202200	0.059814
250.202300	0.048981
250.202400	0.057831
250.202500	0.068817
250.202600	0.089417
250.202700	0.100250
250.202800	0.114441
250.202900	0.123444
250.203000	0.130005
250.203100	0.125885
250.203200	0.128479
250.203300	0.130615
250.203400	0.131226
250.203500	0.136719
250.203600	0.139465
250.203700	0.141907
250.203800	0.142212
250.203900	0.142517
250.204000	0.142822
250.204100	0.130310
250.204200	0.118103
250.204300	0.103760
250.204400	0.093384
250.204500	0.090790
250.204600	0.092773
250.204700	0.100861
250.204800	0.114746
250.204900	0.130615
250.205000	0.145874
250.205100	0.158539
250.205200	0.161438
250.205300	0.171204
250.205400	0.231476
250.205500	0.411377
250.205600	0.751343
250.205700	1.316528
250.205800	1.705475
250.205900	1.790771
250.206000	1.838837
250.206100	1.725464
250.206200	1.072998
250.206300	0.163422
250.206400	-0.794067
250.206500	-1.553192
250.206600	-1.767273
250.206700	-1.750793
250.206800	-1.716461
250.206900	-1.470947
250.207000	-1.013947
250.207100	-0.400543
250.207200	-0.072784
250.207300	0.070648
250.207400	0.104370
250.207500	0.098724
250.207600	0.095978
250.207700	0.082397
250.207800	0.090485
250.207900	0.097046
250.208000	0.106201
250.208100	0.119019
250.208200	0.120392
250.208300	0.120392
250.208400	0.127563
250.208500	0.124512
250.208600	0.126495
250.208700	0.120850
250.208800	0.122833
250.208900	0.119476
250.209000	0.120392
250.209100	0.117340
250.209200	0.113525
250.209300	0.115356
250.209400	0.114441
250.209500	0.115204
250.209600	0.112305
250.209700	0.107269
250.209800	0.110474
250.209900	0.114899
250.210000	0.120392
250.210100	0.123749
250.210200	0.155029
250.210300	0.188599
250.210400	0.214996
250.210500	0.215454
250.210600	0.190887
250.210700	0.157623
250.210800	0.105743
250.210900	0.070953
250.211000	0.057220
250.211100	0.066986
250.211200	0.084229
250.211300	0.106354
250.211400	0.125275
250.211500	0.116730
250.211600	0.091095
250.211700	0.067139
250.211800	0.049896
250.211900	0.047607
250.212000	0.051117
250.212100	0.063324
250.212200	0.086670
250.212300	0.111389
250.212400	0.123596
250.212500	0.129852
250.212600	0.128937
250.212700	0.131989
250.212800	0.122223
250.212900	0.115662
250.213000	0.109558
250.213100	0.103760
250.213200	0.096436
250.213300	0.088959
250.213400	0.079498
250.213500	0.086823
250.213600	0.076141
250.213700	0.083008
250.213800	0.086060
250.213900	0.096130
250.214000	0.097961
250.214100	0.096741
250.214200	0.104370
250.214300	0.107727
250.214400	0.106964
