257.226500	-0.000916
257.226600	-0.001678
257.226700	-0.008392
257.226800	-0.002594
257.226900	-0.002136
257.227000	0.002747
257.227100	0.001221
257.227200	-0.002747
257.227300	-0.006714
257.227400	0.000000
257.227500	0.008850
257.227600	0.012207
257.227700	0.012970
257.227800	0.023956
257.227900	0.029297
257.228000	0.034180
257.228100	0.033417
257.228200	0.031586
257.228300	0.038452
257.228400	0.070648
257.228500	0.164490
257.228600	0.335083
257.228700	0.517426
257.228800	0.639648
257.228900	0.670319
257.229000	0.573120
257.229100	0.327606
257.229200	-0.019073
257.229300	-0.350189
257.229400	-0.578613
257.229500	-0.695343
257.229600	-0.718384
257.229700	-0.650635
257.229800	-0.492554
257.229900	-0.308228
257.230000	-0.154266
257.230100	-0.072021
257.230200	-0.032349
257.230300	-0.020752
257.230400	-0.016174
257.230500	-0.006714
257.230600	-0.005646
257.230700	-0.004730
257.230800	0.001984
257.230900	0.008392
257.231000	0.012512
257.231100	0.007935
257.231200	0.009155
257.231300	0.000458
257.231400	-0.011444
257.231500	-0.020599
257.231600	-0.023804
257.231700	-0.024872
257.231800	-0.019989
257.231900	-0.023346
257.232000	-0.013733
257.232100	-0.007782
257.232200	-0.012665
257.232300	-0.009308
257.232400	-0.013733
257.232500	-0.014801
257.232600	-0.013275
257.232700	-0.022888
257.232800	-0.024567
257.232900	-0.020142
257.233000	-0.017700
257.233100	-0.006866
257.233200	0.004120
257.233300	0.034180
257.233400	0.066528
257.233500	0.084991
257.233600	0.079346
257.233700	0.068054
257.233800	0.032654
257.233900	-0.007935
257.234000	-0.046692
257.234100	-0.089264
257.234200	-0.121918
257.234300	-0.143890
257.234400	-0.149231
257.234500	-0.143280
257.234600	-0.121460
257.234700	-0.084534
257.234800	-0.050964
257.234900	-0.025635
257.235000	-0.017853
257.235100	-0.011902
257.235200	-0.016937
257.235300	-0.015564
257.235400	-0.020599
257.235500	-0.022736
257.235600	-0.025177
257.235700	-0.029144
257.235800	-0.025940
257.235900	-0.023804
257.236000	-0.018768
257.236100	-0.021515
257.236200	-0.025330
257.236300	-0.025787
257.236400	-0.037689
257.236500	-0.043793
257.236600	-0.046844
257.236700	-0.042725
257.236800	-0.036621
257.236900	-0.027924
257.237000	-0.011902
257.237100	0.007019
257.237200	0.064850
257.237300	0.177002
257.237400	0.341187
257.237500	0.547638
257.237600	0.763245
257.237700	0.941925
257.237800	0.954590
257.237900	0.797729
257.238000	0.460358
257.238100	-0.053558
257.238200	-0.571442
257.238300	-1.002655
257.238400	-1.182556
257.238500	-1.180878
257.238600	-0.937042
257.238700	-0.623016
257.238800	-0.239716
257.238900	0.161438
257.239000	0.567780
257.239100	0.888672
257.239200	1.019135
257.239300	1.018829
257.239400	0.933990
257.239500	0.686798
257.239600	0.315399
257.239700	0.051270
257.239800	-0.012817
257.239900	0.169373
257.240000	0.431519
257.240100	0.574646
257.240200	0.565796
257.240300	0.296326
257.240400	-0.144348
257.240500	-0.641174
257.240600	-1.150513
257.240700	-1.600952
257.240800	-1.672363
257.240900	-1.537781
257.241000	-1.224823
257.241100	-0.809631
257.241200	-0.441589
257.241300	-0.192871
257.241400	-0.073090
257.241500	-0.019989
257.241600	-0.006409
257.241700	0.006714
257.241800	0.012512
257.241900	0.008698
257.242000	0.012207
257.242100	0.008240
257.242200	0.016174
257.242300	0.015259
257.242400	0.014038
257.242500	0.018158
257.242600	0.000916
257.242700	-0.012817
257.242800	-0.039062
257.242900	-0.063477
257.243000	-0.073090
257.243100	-0.074158
257.243200	-0.064850
257.243300	-0.064850
257.243400	-0.052338
257.243500	-0.036011
257.243600	-0.025482
257.243700	0.007019
257.243800	0.088806
257.243900	0.244598
257.244000	0.440826
257.244100	0.562592
257.244200	0.559692
257.244300	0.459137
257.244400	0.300293
257.244500	0.105896
257.244600	-0.104523
257.244700	-0.292511
257.244800	-0.440826
257.244900	-0.548401
257.245000	-0.595398
257.245100	-0.541992
257.245200	-0.386658
257.245300	-0.220184
257.245400	-0.101318
257.245500	-0.042419
257.245600	-0.021667
257.245700	-0.035553
257.245800	-0.039673
257.245900	-0.051727
257.246000	-0.057068
257.246100	-0.057831
257.246200	-0.054321
257.246300	-0.044556
257.246400	-0.035095
257.246500	-0.020294
257.246600	-0.008392
257.246700	0.003967
257.246800	0.007324
257.246900	0.008545
257.247000	-0.002747
257.247100	-0.006409
257.247200	-0.013428
257.247300	-0.021973
257.247400	-0.030060
257.247500	-0.039062
257.247600	-0.050507
257.247700	-0.049896
257.247800	-0.050201
257.247900	-0.042114
257.248000	-0.045013
257.248100	-0.039062
257.248200	-0.032196
257.248300	-0.026398
257.248400	-0.026703
257.248500	-0.029144
257.248600	-0.027313
257.248700	-0.027771
257.248800	-0.031433
257.248900	-0.034180
257.249000	-0.028992
257.249100	-0.020752
257.249200	-0.017395
257.249300	-0.015259
257.249400	-0.011597
257.249500	-0.001984
257.249600	-0.005035
257.249700	-0.007172
257.249800	-0.017395
257.249900	-0.020142
257.250000	-0.031586
257.250100	-0.031433
257.250200	-0.027161
257.250300	-0.028687
257.250400	-0.028992
257.250500	-0.025177
257.250600	-0.026093
257.250700	-0.021515
257.250800	-0.018616
257.250900	-0.018616
257.251000	-0.024414
257.251100	-0.028687
257.251200	-0.030518
257.251300	-0.026855
257.251400	-0.026703
257.251500	-0.024414
257.251600	-0.030975
257.251700	-0.028381
257.251800	-0.026245
257.251900	-0.019226
257.252000	-0.018768
257.252100	-0.024414
257.252200	-0.021667
257.252300	-0.025482
257.252400	-0.023651
257.252500	-0.025177
257.252600	-0.027618
257.252700	-0.020294
257.252800	-0.025024
257.252900	-0.026855
257.253000	-0.025482
257.253100	-0.030823
257.253200	-0.030060
257.253300	-0.030823
257.253400	-0.026855
257.253500	-0.024719
257.253600	-0.027161
257.253700	-0.029907
257.253800	-0.023346
257.253900	-0.015717
257.254000	-0.015411
257.254100	-0.025635
257.254200	-0.028992
257.254300	-0.033417
257.254400	-0.038910
257.254500	-0.045624
257.254600	-0.045776
257.254700	-0.040131
257.254800	-0.041351
257.254900	-0.036621
257.255000	-0.037231
257.255100	-0.031281
257.255200	-0.027771
257.255300	-0.028839
257.255400	-0.023193
257.255500	-0.027618
257.255600	-0.027466
257.255700	-0.034180
257.255800	-0.034332
257.255900	-0.040283
257.256000	-0.044708
257.256100	-0.040283
257.256200	-0.037842
257.256300	-0.037842
257.256400	-0.036926
257.256500	-0.039062
257.256600	-0.033875
257.256700	-0.032501
257.256800	-0.028687
257.256900	-0.028229
257.257000	-0.007324
257.257100	0.090637
257.257200	0.309753
257.257300	0.705261
257.257400	1.154022
257.257500	1.331482
257.257600	1.347504
257.257700	1.264801
257.257800	0.820465
257.257900	0.149384
257.258000	-0.513611
257.258100	-1.104431
257.258200	-1.459198
257.258300	-1.478119
257.258400	-1.407318
257.258500	-1.195831
257.258600	-0.692444
257.258700	-0.341339
257.258800	-0.109863
257.258900	-0.012512
257.259000	-0.004730
257.259100	-0.037994
257.259200	-0.083160
257.259300	-0.104523
257.259400	-0.110321
257.259500	-0.111237
257.259600	-0.092163
257.259700	-0.067139
257.259800	-0.044250
257.259900	-0.026398
257.260000	-0.018463
257.260100	-0.011749
257.260200	-0.016327
257.260300	-0.025940
257.260400	-0.030518
257.260500	-0.036316
257.260600	-0.027771
257.260700	0.013275
257.260800	0.154572
257.260900	0.473022
257.261000	0.999908
257.261100	1.664276
257.261200	2.265930
257.261300	2.604218
257.261400	2.520905
257.261500	1.918488
257.261600	0.854492
257.261700	-0.368347
257.261800	-1.298218
257.261900	-2.204742
257.262000	-2.565002
257.262100	-2.544098
257.262200	-2.193146
257.262300	-1.647034
257.262400	-1.203003
257.262500	-0.577087
257.262600	-0.282440
257.262700	-0.107422
257.262800	-0.000305
257.262900	0.103455
257.263000	0.238495
257.263100	0.388184
257.263200	0.445251
257.263300	0.400696
257.263400	0.313416
257.263500	0.206604
257.263600	0.089111
257.263700	-0.044403
257.263800	-0.166016
257.263900	-0.274353
257.264000	-0.363617
257.264100	-0.436707
257.264200	-0.492249
257.264300	-0.480499
257.264400	-0.373688
257.264500	-0.236206
257.264600	-0.132751
257.264700	-0.058594
257.264800	0.013275
257.264900	0.155945
257.265000	0.457611
257.265100	0.901642
257.265200	1.242065
257.265300	1.375275
257.265400	1.282654
257.265500	0.806580
257.265600	0.078583
257.265700	-0.635681
257.265800	-1.162720
257.265900	-1.458130
257.266000	-1.436615
257.266100	-1.209717
257.266200	-0.765839
257.266300	-0.397034
257.266400	-0.158997
257.266500	-0.043030
257.266600	0.001221
257.266700	0.019836
257.266800	0.031738
257.266900	0.023193
257.267000	0.011139
257.267100	-0.003662
257.267200	-0.014648
257.267300	-0.021362
257.267400	-0.027466
257.267500	-0.028534
257.267600	-0.021515
257.267700	-0.016479
257.267800	-0.017242
257.267900	-0.011749
257.268000	-0.011139
257.268100	-0.010681
257.268200	-0.006866
257.268300	-0.001526
257.268400	0.000000
257.268500	0.004120
257.268600	0.006866
257.268700	0.009155
257.268800	0.007019
257.268900	-0.004120
257.269000	-0.009766
257.269100	-0.013123
257.269200	-0.021515
257.269300	-0.028229
257.269400	-0.034332
257.269500	-0.029907
257.269600	-0.026855
257.269700	-0.025787
257.269800	-0.018768
257.269900	-0.013733
257.270000	-0.001678
257.270100	0.000458
257.270200	0.013123
257.270300	0.017548
257.270400	0.015869
257.270500	0.014343
257.270600	0.003357
257.270700	-0.010376
257.270800	-0.021362
257.270900	-0.034027
257.271000	-0.038910
257.271100	-0.047302
257.271200	-0.046387
257.271300	-0.045929
257.271400	-0.047455
257.271500	-0.035400
257.271600	-0.028076
257.271700	-0.018616
257.271800	-0.006866
257.271900	0.001221
257.272000	0.005951
257.272100	0.006714
257.272200	0.003510
257.272300	-0.002594
257.272400	-0.015564
257.272500	-0.018616
257.272600	-0.022430
257.272700	-0.013733
257.272800	0.036926
257.272900	0.163269
257.273000	0.402374
257.273100	0.729675
257.273200	1.022339
257.273300	1.152496
257.273400	1.113892
257.273500	0.890503
257.273600	0.486450
257.273700	0.010376
257.273800	-0.459137
257.273900	-0.853271
257.274000	-1.132507
257.274100	-1.185913
257.274200	-1.189575
257.274300	-0.923767
257.274400	-0.621796
257.274500	-0.358582
257.274600	-0.181885
257.274700	-0.085907
257.274800	-0.047760
257.274900	-0.032501
257.275000	-0.019531
257.275100	-0.022430
257.275200	-0.021667
257.275300	-0.021057
257.275400	-0.019379
257.275500	-0.021362
257.275600	-0.018616
257.275700	-0.020294
257.275800	-0.024414
257.275900	-0.014191
257.276000	-0.018768
257.276100	-0.016479
257.276200	-0.020905
257.276300	-0.017700
257.276400	-0.016937
257.276500	-0.018616
257.276600	-0.020142
257.276700	-0.010986
257.276800	-0.004272
257.276900	0.004272
257.277000	0.021210
257.277100	0.032349
257.277200	0.027313
257.277300	0.032959
257.277400	0.028076
257.277500	0.011749
257.277600	-0.008392
257.277700	-0.035248
257.277800	-0.050354
257.277900	-0.055847
257.278000	-0.066376
257.278100	-0.066223
257.278200	-0.051575
257.278300	-0.046997
257.278400	-0.036469
257.278500	-0.027466
257.278600	0.024261
257.278700	0.144653
257.278800	0.359650
257.278900	0.722351
257.279000	1.075897
257.279100	1.165314
257.279200	1.145172
257.279300	1.115417
257.279400	0.935211
257.279500	0.483398
257.279600	-0.019989
257.279700	-0.484467
257.279800	-0.938416
257.279900	-1.175842
257.280000	-1.251068
