294.397700	-0.005035
294.397800	-0.007477
294.397900	-0.008087
294.398000	0.001068
294.398100	-0.007629
294.398200	-0.012512
294.398300	-0.008850
294.398400	-0.004883
294.398500	-0.005798
294.398600	-0.006561
294.398700	-0.007935
294.398800	-0.004578
294.398900	-0.004883
294.399000	-0.009003
294.399100	-0.004272
294.399200	-0.012360
294.399300	-0.008240
294.399400	-0.007172
294.399500	-0.011139
294.399600	-0.012360
294.399700	-0.012207
294.399800	-0.009308
294.399900	-0.014648
294.400000	-0.012360
294.400100	-0.011749
294.400200	-0.010223
294.400300	-0.004272
294.400400	-0.011902
294.400500	-0.010681
294.400600	-0.008850
294.400700	-0.007019
294.400800	-0.009918
294.400900	-0.011597
294.401000	-0.012360
294.401100	-0.008392
294.401200	-0.010681
294.401300	-0.010834
294.401400	-0.011902
294.401500	-0.014191
294.401600	-0.010834
294.401700	-0.010376
294.401800	-0.013885
294.401900	-0.006409
294.402000	-0.004272
294.402100	-0.005035
294.402200	-0.012817
294.402300	-0.007477
294.402400	-0.007019
294.402500	-0.010681
294.402600	-0.010529
294.402700	-0.008545
294.402800	-0.010681
294.402900	-0.008698
294.403000	-0.010986
294.403100	-0.009613
294.403200	-0.009613
294.403300	-0.008850
294.403400	-0.005188
294.403500	-0.008850
294.403600	-0.007629
294.403700	-0.010834
294.403800	-0.011597
294.403900	-0.012054
294.404000	-0.012817
294.404100	-0.010986
294.404200	-0.012817
294.404300	-0.012054
294.404400	-0.009460
294.404500	-0.005646
294.404600	-0.002899
294.404700	-0.009918
294.404800	-0.009918
294.404900	-0.006714
294.405000	-0.005188
294.405100	-0.008087
294.405200	-0.008545
294.405300	-0.006256
294.405400	-0.004425
294.405500	-0.004730
294.405600	-0.007019
294.405700	-0.002289
294.405800	-0.007477
294.405900	-0.014038
294.406000	-0.006104
294.406100	-0.009613
294.406200	-0.009613
294.406300	-0.010376
294.406400	-0.009003
294.406500	-0.004578
294.406600	-0.005341
294.406700	-0.010834
294.406800	-0.003815
294.406900	-0.005646
294.407000	-0.010681
294.407100	-0.005341
294.407200	-0.006866
294.407300	-0.009155
294.407400	-0.003510
294.407500	-0.004578
294.407600	-0.007935
294.407700	-0.007477
294.407800	-0.007324
294.407900	-0.010071
294.408000	-0.011444
294.408100	-0.007477
294.408200	-0.006104
294.408300	-0.006714
294.408400	-0.005493
294.408500	-0.009613
294.408600	-0.007782
294.408700	-0.000610
294.408800	-0.001526
294.408900	-0.003967
294.409000	-0.005646
294.409100	-0.006104
294.409200	-0.003357
294.409300	-0.007324
294.409400	-0.007629
294.409500	-0.008240
294.409600	-0.009460
294.409700	-0.006561
294.409800	-0.009918
294.409900	-0.010834
294.410000	-0.006866
294.410100	-0.004883
294.410200	-0.008087
294.410300	-0.003510
294.410400	-0.002594
294.410500	-0.002594
294.410600	-0.005341
294.410700	-0.008698
294.410800	-0.008392
294.410900	-0.000763
294.411000	-0.004120
294.411100	-0.008087
294.411200	-0.002136
294.411300	-0.002289
294.411400	-0.007324
294.411500	-0.004120
294.411600	-0.005951
294.411700	-0.007019
294.411800	-0.006409
294.411900	-0.000916
294.412000	-0.005951
294.412100	-0.003815
294.412200	-0.008240
294.412300	-0.006104
294.412400	-0.002747
294.412500	-0.004120
294.412600	-0.009003
294.412700	-0.009308
294.412800	-0.006714
294.412900	-0.007172
294.413000	-0.003967
294.413100	-0.006866
294.413200	-0.005798
294.413300	-0.006409
294.413400	-0.008240
294.413500	-0.007782
294.413600	-0.007019
294.413700	-0.005646
294.413800	-0.005951
294.413900	-0.004883
294.414000	-0.013580
294.414100	-0.007324
294.414200	-0.011292
294.414300	-0.010986
294.414400	-0.008392
294.414500	-0.011597
294.414600	-0.006256
294.414700	-0.007629
294.414800	-0.012360
294.414900	-0.010986
294.415000	-0.009460
294.415100	-0.008850
294.415200	-0.009003
294.415300	-0.010681
294.415400	-0.013123
294.415500	-0.010986
294.415600	-0.013123
294.415700	-0.018158
294.415800	-0.011139
294.415900	-0.014038
294.416000	-0.015106
294.416100	-0.012207
294.416200	-0.008850
294.416300	-0.010681
294.416400	-0.005493
294.416500	-0.008087
294.416600	-0.009003
294.416700	-0.009460
294.416800	-0.010834
294.416900	-0.015106
294.417000	-0.012207
294.417100	-0.014191
294.417200	-0.012817
294.417300	-0.007935
294.417400	-0.007782
294.417500	-0.004883
294.417600	-0.008698
294.417700	-0.013275
294.417800	-0.009766
294.417900	-0.014801
294.418000	-0.010071
294.418100	-0.009613
294.418200	-0.019226
294.418300	-0.018158
294.418400	-0.013580
294.418500	-0.011139
294.418600	-0.014496
294.418700	-0.015411
294.418800	-0.015106
294.418900	-0.017548
294.419000	-0.015564
294.419100	-0.012054
294.419200	-0.009766
294.419300	-0.011292
294.419400	-0.005951
294.419500	-0.009003
294.419600	-0.006104
294.419700	-0.009766
294.419800	-0.012054
294.419900	-0.011597
294.420000	-0.007172
294.420100	-0.012970
294.420200	-0.009918
294.420300	-0.008850
294.420400	-0.010071
294.420500	-0.009003
294.420600	-0.010834
294.420700	-0.009613
294.420800	-0.013885
294.420900	-0.013580
294.421000	-0.013885
294.421100	-0.015411
294.421200	-0.010071
294.421300	-0.014954
294.421400	-0.010071
294.421500	-0.009308
294.421600	-0.010376
294.421700	-0.013275
294.421800	-0.007477
294.421900	-0.013580
294.422000	-0.012054
294.422100	-0.006866
294.422200	-0.012512
294.422300	-0.006714
294.422400	-0.004425
294.422500	-0.010834
294.422600	-0.009766
294.422700	-0.010834
294.422800	-0.017090
294.422900	-0.006104
294.423000	-0.007782
294.423100	-0.008545
294.423200	-0.006866
294.423300	-0.008392
294.423400	-0.010834
294.423500	-0.010681
294.423600	-0.005035
294.423700	-0.014343
294.423800	-0.005798
294.423900	-0.006256
294.424000	-0.006409
294.424100	-0.012360
294.424200	-0.002747
294.424300	-0.005341
294.424400	-0.008240
294.424500	-0.011444
294.424600	-0.016479
294.424700	-0.014343
294.424800	-0.009003
294.424900	-0.011749
294.425000	-0.008240
294.425100	-0.009003
294.425200	-0.009766
294.425300	-0.012054
294.425400	-0.011444
294.425500	-0.009766
294.425600	-0.006866
294.425700	-0.008240
294.425800	-0.006561
294.425900	-0.008545
294.426000	-0.012207
294.426100	-0.009003
294.426200	-0.006104
294.426300	-0.010681
294.426400	-0.007629
294.426500	-0.008240
294.426600	-0.009460
294.426700	-0.008850
294.426800	-0.006714
294.426900	-0.009766
294.427000	-0.009155
294.427100	-0.011444
294.427200	-0.011597
294.427300	-0.011902
294.427400	-0.010223
294.427500	-0.010223
294.427600	-0.005493
294.427700	-0.012054
294.427800	-0.007324
294.427900	-0.006104
294.428000	-0.009766
294.428100	-0.006714
294.428200	0.000916
294.428300	-0.010223
294.428400	-0.005035
294.428500	-0.007477
294.428600	-0.006104
294.428700	-0.010529
294.428800	-0.004425
294.428900	-0.007477
294.429000	-0.005341
294.429100	-0.009918
294.429200	-0.007324
294.429300	-0.007324
294.429400	-0.004730
294.429500	-0.010071
294.429600	-0.009766
294.429700	-0.010223
294.429800	-0.008698
294.429900	-0.007629
294.430000	-0.006104
294.430100	-0.010681
294.430200	-0.013123
294.430300	-0.010529
294.430400	-0.007629
294.430500	-0.008087
294.430600	-0.015869
294.430700	-0.013275
294.430800	-0.010223
294.430900	-0.012970
294.431000	-0.012054
294.431100	-0.010986
294.431200	-0.010986
294.431300	-0.012970
294.431400	-0.013580
294.431500	-0.013275
294.431600	-0.011902
294.431700	-0.012512
294.431800	-0.009308
294.431900	-0.010681
294.432000	-0.014954
294.432100	-0.011139
294.432200	-0.011597
294.432300	-0.013428
294.432400	-0.018616
294.432500	-0.015411
294.432600	-0.012817
294.432700	-0.015259
294.432800	-0.007935
294.432900	-0.005341
294.433000	-0.005493
294.433100	-0.009308
294.433200	-0.011749
294.433300	-0.012054
294.433400	-0.007019
294.433500	-0.014648
294.433600	-0.009460
294.433700	-0.010834
294.433800	-0.010376
294.433900	-0.010376
294.434000	-0.010071
294.434100	-0.012512
294.434200	-0.009460
294.434300	-0.010529
294.434400	-0.006256
294.434500	-0.007935
294.434600	-0.007782
294.434700	-0.010834
294.434800	-0.009613
294.434900	-0.007629
294.435000	-0.007935
294.435100	-0.010834
294.435200	-0.009003
294.435300	-0.006561
294.435400	-0.007019
294.435500	-0.005951
294.435600	-0.004730
294.435700	-0.008698
294.435800	-0.012207
294.435900	-0.010529
294.436000	-0.011444
294.436100	-0.014648
294.436200	-0.012970
294.436300	-0.013123
294.436400	-0.008087
294.436500	-0.014954
294.436600	-0.009613
294.436700	-0.009308
294.436800	-0.012970
294.436900	-0.014496
294.437000	-0.010681
294.437100	-0.010529
294.437200	-0.011749
294.437300	-0.007019
294.437400	-0.012512
294.437500	-0.009460
294.437600	-0.012054
294.437700	-0.012970
294.437800	-0.011444
294.437900	-0.012360
294.438000	-0.004730
294.438100	-0.013275
294.438200	-0.006866
294.438300	-0.011597
294.438400	-0.014801
294.438500	-0.015717
294.438600	-0.012817
294.438700	-0.010223
294.438800	-0.011749
294.438900	-0.012817
294.439000	-0.018158
294.439100	-0.010834
294.439200	-0.015564
294.439300	-0.012512
294.439400	-0.008698
294.439500	-0.009003
294.439600	-0.009613
294.439700	-0.010834
294.439800	-0.007629
294.439900	-0.007172
294.440000	-0.006714
294.440100	-0.006256
294.440200	-0.001984
294.440300	-0.002594
294.440400	-0.005798
294.440500	-0.008087
294.440600	-0.005646
294.440700	-0.002899
294.440800	-0.006409
294.440900	0.001221
294.441000	-0.001373
294.441100	-0.006714
294.441200	-0.005493
294.441300	-0.001831
294.441400	-0.002136
294.441500	-0.007324
294.441600	-0.005798
294.441700	-0.005493
294.441800	-0.009766
294.441900	-0.009613
294.442000	-0.009460
294.442100	-0.007324
294.442200	-0.004730
294.442300	-0.006714
294.442400	-0.004578
294.442500	-0.002594
294.442600	-0.001831
294.442700	-0.005035
294.442800	-0.007172
294.442900	-0.002747
294.443000	-0.004578
294.443100	-0.003662
294.443200	-0.004578
294.443300	-0.003967
294.443400	-0.003204
294.443500	-0.002747
294.443600	0.000000
294.443700	-0.008698
294.443800	-0.006104
294.443900	-0.001526
294.444000	-0.006104
294.444100	-0.001221
294.444200	-0.002441
294.444300	-0.004425
294.444400	-0.005493
294.444500	-0.005493
294.444600	-0.008087
294.444700	-0.009003
294.444800	-0.001526
294.444900	-0.005646
294.445000	-0.005951
294.445100	-0.002441
294.445200	0.000000
294.445300	-0.007324
294.445400	-0.008392
294.445500	-0.008240
294.445600	0.003204
294.445700	-0.001526
294.445800	0.000000
294.445900	-0.003204
294.446000	-0.001526
294.446100	-0.002899
294.446200	-0.004730
294.446300	-0.005341
294.446400	-0.000763
294.446500	-0.002289
294.446600	-0.006409
294.446700	-0.003204
294.446800	-0.002289
294.446900	-0.001984
294.447000	-0.007019
294.447100	-0.006561
294.447200	-0.003815
294.447300	-0.006409
294.447400	-0.010071
294.447500	-0.007629
294.447600	-0.007477
294.447700	-0.002441
294.447800	-0.002441
294.447900	-0.002899
294.448000	-0.003357
294.448100	-0.010376
294.448200	-0.009003
294.448300	-0.006409
294.448400	-0.006561
294.448500	-0.005341
294.448600	-0.007629
294.448700	-0.008850
294.448800	-0.004883
294.448900	-0.007324
294.449000	-0.006866
294.449100	-0.007629
294.449200	-0.007019
294.449300	-0.009155
294.449400	-0.010071
294.449500	-0.005188
294.449600	-0.008087
294.449700	-0.002899
294.449800	-0.007172
294.449900	-0.003967
294.450000	-0.005341
294.450100	-0.004730
294.450200	-0.010223
294.450300	-0.001526
294.450400	-0.007019
294.450500	-0.003967
294.450600	-0.003967
294.450700	-0.007935
294.450800	-0.007629
294.450900	-0.007935
294.451000	-0.004730
294.451100	-0.005493
294.451200	-0.002594
