312.676100	-0.009766
312.676200	-0.012665
312.676300	-0.007172
312.676400	-0.012970
312.676500	-0.012665
312.676600	-0.015564
312.676700	-0.014343
312.676800	-0.014954
312.676900	-0.009613
312.677000	-0.004883
312.677100	-0.004730
312.677200	-0.003662
312.677300	-0.004578
312.677400	-0.006409
312.677500	-0.007629
312.677600	-0.003967
312.677700	-0.008392
312.677800	-0.001678
312.677900	-0.014191
312.678000	-0.005188
312.678100	-0.011292
312.678200	-0.012207
312.678300	-0.008087
312.678400	-0.008545
312.678500	-0.008850
312.678600	-0.009613
312.678700	-0.011139
312.678800	-0.008087
312.678900	-0.008698
312.679000	-0.011139
312.679100	-0.012054
312.679200	-0.011902
312.679300	-0.012360
312.679400	-0.009460
312.679500	-0.006866
312.679600	-0.008392
312.679700	-0.008240
312.679800	-0.004425
312.679900	-0.002899
312.680000	-0.002441
312.680100	-0.002289
312.680200	-0.004425
312.680300	-0.006104
312.680400	-0.006409
312.680500	0.000000
312.680600	-0.005035
312.680700	0.001984
312.680800	0.000153
312.680900	-0.000153
312.681000	-0.001984
312.681100	0.001984
312.681200	0.002594
312.681300	0.002136
312.681400	-0.000610
312.681500	0.000610
312.681600	-0.004272
312.681700	-0.004120
312.681800	0.000610
312.681900	-0.004425
312.682000	-0.003052
312.682100	-0.004425
312.682200	-0.007172
312.682300	-0.003815
312.682400	-0.005951
312.682500	-0.006104
312.682600	-0.000916
312.682700	0.003815
312.682800	-0.000458
312.682900	0.003662
312.683000	0.002441
312.683100	-0.001831
312.683200	-0.004730
312.683300	-0.000916
312.683400	0.003510
312.683500	0.002136
312.683600	0.006714
312.683700	-0.003052
312.683800	0.001373
312.683900	0.002136
312.684000	0.003357
312.684100	0.004425
312.684200	0.006409
312.684300	0.005341
312.684400	0.003052
312.684500	0.003357
312.684600	0.003357
312.684700	0.000610
312.684800	0.008240
312.684900	-0.000153
312.685000	0.004425
312.685100	0.003357
312.685200	0.003815
312.685300	0.003815
312.685400	0.006409
312.685500	-0.000458
312.685600	0.002747
312.685700	0.005798
312.685800	0.006866
312.685900	0.003815
312.686000	0.012207
312.686100	0.009155
312.686200	0.009308
312.686300	0.007629
312.686400	0.010529
312.686500	0.008698
312.686600	0.006256
312.686700	0.009155
312.686800	0.004272
312.686900	0.006561
312.687000	0.007782
312.687100	0.009308
312.687200	0.002899
312.687300	0.007629
312.687400	0.013123
312.687500	0.009766
312.687600	0.008240
312.687700	0.007019
312.687800	0.010529
312.687900	0.011902
312.688000	0.010071
312.688100	0.008850
312.688200	0.006866
312.688300	0.006409
312.688400	0.006104
312.688500	0.006714
312.688600	0.006256
312.688700	0.006866
312.688800	0.005951
312.688900	0.006104
312.689000	0.007019
312.689100	0.005951
312.689200	0.007629
312.689300	-0.000458
312.689400	0.001678
312.689500	0.005798
312.689600	0.009766
312.689700	0.009766
312.689800	0.010986
312.689900	0.005188
312.690000	0.006714
312.690100	0.003662
312.690200	-0.000305
312.690300	0.002747
312.690400	0.007324
312.690500	0.007477
312.690600	0.006866
312.690700	0.004425
312.690800	0.006409
312.690900	0.000763
312.691000	0.006714
312.691100	0.001221
312.691200	0.002136
312.691300	-0.002289
312.691400	0.003967
312.691500	0.000153
312.691600	-0.000153
312.691700	0.000000
312.691800	-0.001221
312.691900	-0.002289
312.692000	0.000763
312.692100	0.000000
312.692200	-0.001221
312.692300	-0.002594
312.692400	-0.001221
312.692500	-0.001221
312.692600	0.000610
312.692700	-0.005493
312.692800	-0.002747
312.692900	0.002594
312.693000	-0.002136
312.693100	-0.004425
312.693200	-0.000763
312.693300	-0.001526
312.693400	-0.000153
312.693500	-0.003510
312.693600	-0.003967
312.693700	-0.004730
312.693800	-0.007629
312.693900	-0.001831
312.694000	-0.001678
312.694100	-0.005951
312.694200	-0.005493
312.694300	-0.005341
312.694400	-0.007782
312.694500	-0.006104
312.694600	-0.003357
312.694700	0.000000
312.694800	-0.005188
312.694900	-0.006409
312.695000	0.006409
312.695100	0.002441
312.695200	0.001068
312.695300	-0.000763
312.695400	-0.001984
312.695500	-0.002594
312.695600	-0.003662
312.695700	0.000153
312.695800	0.001984
312.695900	-0.000610
312.696000	-0.002136
312.696100	-0.004578
312.696200	-0.002136
312.696300	0.002289
312.696400	0.000610
312.696500	-0.000458
312.696600	0.000916
312.696700	0.000000
312.696800	-0.005798
312.696900	0.001831
312.697000	-0.001831
312.697100	0.000916
312.697200	0.002136
312.697300	0.000916
312.697400	0.001678
312.697500	0.000153
312.697600	0.001068
312.697700	0.002747
312.697800	0.000916
312.697900	0.010834
312.698000	0.001984
312.698100	0.000153
312.698200	0.000153
312.698300	0.004883
312.698400	0.003357
312.698500	0.002289
312.698600	-0.002289
312.698700	0.000153
312.698800	0.001526
312.698900	0.000610
312.699000	0.002441
312.699100	0.002289
312.699200	0.002747
312.699300	0.002136
312.699400	-0.001984
312.699500	-0.004883
312.699600	-0.003204
312.699700	-0.003662
312.699800	-0.000305
312.699900	0.002594
312.700000	0.006256
312.700100	0.006866
312.700200	-0.001526
312.700300	0.005341
312.700400	0.004120
312.700500	0.002899
312.700600	0.006256
312.700700	0.008087
312.700800	-0.001373
312.700900	0.000610
312.701000	0.001984
312.701100	-0.003204
312.701200	0.004578
312.701300	0.003204
312.701400	0.002747
312.701500	0.000000
312.701600	0.003052
312.701700	-0.000458
312.701800	0.000916
312.701900	-0.002747
312.702000	0.000458
312.702100	0.000763
312.702200	-0.001526
312.702300	-0.002289
312.702400	0.000305
312.702500	-0.001831
312.702600	0.002594
312.702700	0.000458
312.702800	-0.001831
312.702900	-0.002289
312.703000	-0.002747
312.703100	0.002594
312.703200	-0.002747
312.703300	-0.000610
312.703400	-0.000610
312.703500	-0.003052
312.703600	0.002441
312.703700	-0.002136
312.703800	-0.001526
312.703900	0.000763
312.704000	-0.002747
312.704100	-0.002289
312.704200	-0.000153
312.704300	0.004578
312.704400	-0.002594
312.704500	-0.000458
312.704600	0.001526
312.704700	0.002441
312.704800	0.000610
312.704900	-0.000916
312.705000	0.001373
312.705100	0.001526
312.705200	0.001984
312.705300	0.001373
312.705400	-0.001221
312.705500	0.007935
312.705600	0.002594
312.705700	0.000610
312.705800	0.002747
312.705900	0.003815
312.706000	0.008545
312.706100	0.001068
312.706200	0.007019
312.706300	-0.004425
312.706400	0.002441
312.706500	0.001221
312.706600	0.000763
312.706700	0.001221
312.706800	0.010071
312.706900	0.006561
312.707000	0.007935
312.707100	0.006256
312.707200	0.003967
312.707300	0.005493
312.707400	0.004425
312.707500	0.003204
312.707600	0.001221
312.707700	0.007477
312.707800	0.010376
312.707900	0.006561
312.708000	0.002899
312.708100	0.007935
312.708200	0.011902
312.708300	0.011292
312.708400	0.009766
312.708500	0.004730
312.708600	0.004883
312.708700	0.001526
312.708800	-0.003357
312.708900	0.002441
312.709000	0.002747
312.709100	0.001526
312.709200	-0.001831
312.709300	0.000610
312.709400	0.003357
312.709500	0.001678
312.709600	0.007172
312.709700	0.008392
312.709800	0.013580
312.709900	0.012360
312.710000	0.015717
312.710100	0.012512
312.710200	0.004883
312.710300	0.005035
312.710400	0.001831
312.710500	0.007935
312.710600	0.006561
312.710700	0.002594
312.710800	0.005493
312.710900	-0.000458
312.711000	0.004425
312.711100	0.003967
312.711200	-0.002594
312.711300	0.005188
312.711400	0.000305
312.711500	0.001068
312.711600	-0.000610
312.711700	-0.001984
312.711800	-0.001221
312.711900	-0.001831
312.712000	0.001831
312.712100	0.001678
312.712200	0.001678
312.712300	-0.003204
312.712400	-0.001526
312.712500	0.003815
312.712600	0.001373
312.712700	0.005035
312.712800	0.003204
312.712900	0.001678
312.713000	0.002747
312.713100	0.001221
312.713200	0.002289
312.713300	0.004578
312.713400	0.005646
312.713500	0.004883
312.713600	0.002747
312.713700	0.004425
312.713800	-0.001984
312.713900	0.000000
312.714000	-0.003815
312.714100	-0.002289
312.714200	-0.000610
312.714300	0.001984
312.714400	0.003052
312.714500	-0.001221
312.714600	0.002441
312.714700	-0.000458
312.714800	0.002136
312.714900	0.003052
312.715000	0.000763
312.715100	-0.002289
312.715200	-0.001068
312.715300	0.005035
312.715400	-0.003357
312.715500	0.001221
312.715600	0.001068
312.715700	0.001373
312.715800	0.003967
312.715900	-0.002136
312.716000	-0.001068
312.716100	0.000153
312.716200	-0.003662
312.716300	-0.005341
312.716400	-0.001373
312.716500	-0.000153
312.716600	-0.003510
312.716700	0.000916
312.716800	0.000458
312.716900	0.000000
312.717000	-0.002289
312.717100	-0.003510
312.717200	-0.001831
312.717300	-0.002594
312.717400	-0.001221
312.717500	-0.007019
312.717600	-0.000305
312.717700	-0.007172
312.717800	-0.005341
312.717900	-0.004120
312.718000	-0.002289
312.718100	-0.005798
312.718200	-0.003662
312.718300	-0.000153
312.718400	-0.000153
312.718500	-0.004883
312.718600	-0.005188
312.718700	-0.010681
312.718800	-0.001831
312.718900	-0.004425
312.719000	-0.002136
312.719100	-0.000763
312.719200	-0.000916
312.719300	-0.008545
312.719400	-0.003510
312.719500	-0.001831
312.719600	-0.001678
312.719700	-0.002136
312.719800	0.001221
312.719900	-0.002747
312.720000	-0.006866
312.720100	-0.003052
312.720200	-0.004120
312.720300	-0.003357
312.720400	-0.007782
312.720500	-0.009308
312.720600	-0.004883
312.720700	-0.008087
312.720800	-0.009766
312.720900	-0.006104
312.721000	-0.008240
312.721100	-0.004578
312.721200	-0.004120
312.721300	-0.004120
312.721400	-0.004272
312.721500	-0.007324
312.721600	0.001221
312.721700	0.005951
312.721800	0.003815
312.721900	0.003967
312.722000	0.007935
312.722100	0.002441
312.722200	-0.000763
312.722300	0.001221
312.722400	0.001373
312.722500	0.000458
312.722600	-0.001373
312.722700	-0.002136
312.722800	0.001678
312.722900	0.001068
312.723000	0.000916
312.723100	-0.007935
312.723200	-0.000610
312.723300	-0.002289
312.723400	0.002594
312.723500	-0.003510
312.723600	-0.003357
312.723700	-0.006256
312.723800	0.000153
312.723900	0.000153
312.724000	-0.001678
312.724100	-0.000305
312.724200	-0.000763
312.724300	-0.000610
312.724400	-0.004272
312.724500	-0.001526
312.724600	0.001373
312.724700	0.003815
312.724800	0.006409
312.724900	0.004272
312.725000	0.001831
312.725100	0.003357
312.725200	0.002899
312.725300	0.003815
312.725400	0.004883
312.725500	0.007172
312.725600	0.003662
312.725700	0.001068
312.725800	0.000763
312.725900	0.002136
312.726000	0.004883
312.726100	0.003510
312.726200	0.002441
312.726300	0.002441
312.726400	0.001831
312.726500	0.003052
312.726600	0.001526
312.726700	-0.001373
312.726800	-0.002747
312.726900	-0.003204
312.727000	0.000305
312.727100	0.001984
312.727200	0.006104
312.727300	0.000763
312.727400	0.005035
312.727500	-0.003510
312.727600	-0.001831
312.727700	0.000610
312.727800	-0.000458
312.727900	0.003815
312.728000	0.002441
312.728100	0.002747
312.728200	-0.002747
312.728300	-0.000458
312.728400	-0.004120
312.728500	-0.005493
312.728600	0.004272
312.728700	0.001678
312.728800	-0.001678
312.728900	-0.003662
312.729000	-0.004883
312.729100	-0.001373
312.729200	-0.001984
312.729300	-0.001831
312.729400	-0.005341
312.729500	-0.002136
312.729600	-0.004272
