246.628100	0.255127
246.628200	-0.084991
246.628300	-0.416412
246.628400	-0.708313
246.628500	-0.919037
246.628600	-1.043549
246.628700	-1.040649
246.628800	-0.878143
246.628900	-0.586395
246.629000	-0.306396
246.629100	-0.123138
246.629200	-0.024567
246.629300	0.020752
246.629400	0.064087
246.629500	0.159912
246.629600	0.383911
246.629700	0.779114
246.629800	1.383362
246.629900	1.825867
246.630000	1.900177
246.630100	1.868896
246.630200	1.730194
246.630300	1.196594
246.630400	0.406189
246.630500	-0.398102
246.630600	-1.133118
246.630700	-1.823120
246.630800	-1.963501
246.630900	-1.875305
246.631000	-1.730804
246.631100	-1.384277
246.631200	-0.889282
246.631300	-0.422211
246.631400	-0.161133
246.631500	-0.080872
246.631600	-0.079041
246.631700	-0.084839
246.631800	-0.063934
246.631900	-0.035095
246.632000	-0.011139
246.632100	0.003052
246.632200	0.009308
246.632300	0.021362
246.632400	0.033112
246.632500	0.039062
246.632600	0.045471
246.632700	0.043030
246.632800	0.039215
246.632900	0.040894
246.633000	0.038300
246.633100	0.035706
246.633200	0.035400
246.633300	0.040588
246.633400	0.044556
246.633500	0.056305
246.633600	0.069885
246.633700	0.087280
246.633800	0.110168
246.633900	0.151672
246.634000	0.184631
246.634100	0.188293
246.634200	0.178223
246.634300	0.174103
246.634400	0.173340
246.634500	0.173645
246.634600	0.152283
246.634700	0.100555
246.634800	0.057220
246.634900	0.003052
246.635000	-0.044403
246.635100	-0.093689
246.635200	-0.125732
246.635300	-0.121918
246.635400	-0.107269
246.635500	-0.098114
246.635600	-0.089722
246.635700	-0.086060
246.635800	-0.065155
246.635900	-0.037842
246.636000	-0.007019
246.636100	0.010986
246.636200	0.026245
246.636300	0.030365
246.636400	0.029144
246.636500	0.040436
246.636600	0.036774
246.636700	0.036316
246.636800	0.036011
246.636900	0.037994
246.637000	0.037689
246.637100	0.046692
246.637200	0.051270
246.637300	0.053864
246.637400	0.056152
246.637500	0.052795
246.637600	0.054016
246.637700	0.046844
246.637800	0.043945
246.637900	0.041656
246.638000	0.050201
246.638100	0.077972
246.638200	0.173340
246.638300	0.346680
246.638400	0.559235
246.638500	0.646973
246.638600	0.619965
246.638700	0.515137
246.638800	0.314331
246.638900	0.025330
246.639000	-0.266724
246.639100	-0.464172
246.639200	-0.579834
246.639300	-0.627441
246.639400	-0.567017
246.639500	-0.370026
246.639600	-0.180969
246.639700	-0.052490
246.639800	0.011292
246.639900	0.029449
246.640000	0.037384
246.640100	0.036469
246.640200	0.040131
246.640300	0.040741
246.640400	0.040283
246.640500	0.044250
246.640600	0.044708
246.640700	0.051117
246.640800	0.054169
246.640900	0.054321
246.641000	0.056152
246.641100	0.050659
246.641200	0.052490
246.641300	0.047302
246.641400	0.041046
246.641500	0.036621
246.641600	0.029602
246.641700	0.032349
246.641800	0.027618
246.641900	0.027618
246.642000	0.037689
246.642100	0.038452
246.642200	0.032043
246.642300	0.046234
246.642400	0.096283
246.642500	0.229492
246.642600	0.462189
246.642700	0.802612
246.642800	1.036072
246.642900	1.142731
246.643000	1.230927
246.643100	1.129456
246.643200	0.594177
246.643300	-0.151215
246.643400	-0.744324
246.643500	-1.015930
246.643600	-1.106567
246.643700	-1.129150
246.643800	-0.995636
246.643900	-0.685883
246.644000	-0.404663
246.644100	-0.196381
246.644200	-0.072479
246.644300	-0.014343
246.644400	0.009460
246.644500	0.032806
246.644600	0.055542
246.644700	0.077362
246.644800	0.070648
246.644900	0.054169
246.645000	0.026398
246.645100	-0.003967
246.645200	-0.035248
246.645300	-0.056458
246.645400	-0.055084
246.645500	-0.053864
246.645600	-0.048523
246.645700	-0.043945
246.645800	-0.025177
246.645900	-0.001526
246.646000	0.027008
246.646100	0.051270
246.646200	0.113068
246.646300	0.211029
246.646400	0.363770
246.646500	0.528107
246.646600	0.680542
246.646700	0.826569
246.646800	0.993805
246.646900	1.098328
246.647000	1.119843
246.647100	1.026001
246.647200	0.790253
246.647300	0.404358
246.647400	-0.057220
246.647500	-0.541534
246.647600	-0.936890
246.647700	-1.174774
246.647800	-1.333008
246.647900	-1.319885
246.648000	-1.199341
246.648100	-0.935211
246.648200	-0.677643
246.648300	-0.445251
246.648400	-0.244598
246.648500	-0.116730
246.648600	-0.038452
246.648700	0.004578
246.648800	0.030212
246.648900	0.033264
246.649000	0.036163
246.649100	0.045013
246.649200	0.051270
246.649300	0.050354
246.649400	0.052490
246.649500	0.053101
246.649600	0.050507
246.649700	0.046387
246.649800	0.042419
246.649900	0.044250
246.650000	0.044861
246.650100	0.049591
246.650200	0.045471
246.650300	0.049438
246.650400	0.047302
246.650500	0.045776
246.650600	0.041199
246.650700	0.035553
246.650800	0.030365
246.650900	0.018768
246.651000	0.022736
246.651100	0.030670
246.651200	0.028687
246.651300	0.026245
246.651400	0.031128
246.651500	0.038300
246.651600	0.038757
246.651700	0.055542
246.651800	0.119019
246.651900	0.239716
246.652000	0.440216
246.652100	0.682220
246.652200	0.879974
246.652300	0.966797
246.652400	0.920715
246.652500	0.705414
246.652600	0.375977
246.652700	0.004425
246.652800	-0.363770
246.652900	-0.680695
246.653000	-0.862274
246.653100	-0.879364
246.653200	-0.731659
246.653300	-0.435028
246.653400	-0.036163
246.653500	0.272522
246.653600	0.376282
246.653700	0.378571
246.653800	0.321808
246.653900	0.209045
246.654000	0.060120
246.654100	-0.102844
246.654200	-0.252838
246.654300	-0.357361
246.654400	-0.396118
246.654500	-0.321198
246.654600	-0.033417
246.654700	0.557098
246.654800	1.102905
246.654900	1.308594
246.655000	1.392975
246.655100	1.326141
246.655200	0.859528
246.655300	0.167999
246.655400	-0.560913
246.655500	-1.156006
246.655600	-1.468658
246.655700	-1.461945
246.655800	-1.424866
246.655900	-1.262665
246.656000	-0.855255
246.656100	-0.446777
246.656200	-0.171204
246.656300	-0.026245
246.656400	0.025635
246.656500	0.040436
246.656600	0.048676
246.656700	0.053101
246.656800	0.064392
246.656900	0.074768
246.657000	0.071716
246.657100	0.072784
246.657200	0.073395
246.657300	0.062256
246.657400	0.062866
246.657500	0.084534
246.657600	0.163116
246.657700	0.305481
246.657800	0.498810
246.657900	0.644226
246.658000	0.707855
246.658100	0.662994
246.658200	0.486755
246.658300	0.186768
246.658400	-0.157928
246.658500	-0.442657
246.658600	-0.611877
246.658700	-0.666809
246.658800	-0.628510
246.658900	-0.490570
246.659000	-0.294952
246.659100	-0.121765
246.659200	-0.022430
246.659300	0.027466
246.659400	0.054169
246.659500	0.061493
246.659600	0.060272
246.659700	0.070496
246.659800	0.081787
246.659900	0.089264
246.660000	0.093384
246.660100	0.098419
246.660200	0.090637
246.660300	0.078735
246.660400	0.073700
246.660500	0.062714
246.660600	0.051117
246.660700	0.036774
246.660800	0.028839
246.660900	0.026093
246.661000	0.022430
246.661100	0.034943
246.661200	0.070190
246.661300	0.113831
246.661400	0.150757
246.661500	0.169830
246.661600	0.199585
246.661700	0.203552
246.661800	0.158386
246.661900	0.085754
246.662000	-0.010529
246.662100	-0.083618
246.662200	-0.113220
246.662300	-0.115509
246.662400	-0.124207
246.662500	-0.108948
246.662600	-0.063171
246.662700	-0.014954
246.662800	0.015259
246.662900	0.027161
246.663000	0.030975
246.663100	0.026398
246.663200	0.028076
246.663300	0.034180
246.663400	0.033417
246.663500	0.037079
246.663600	0.035706
246.663700	0.042877
246.663800	0.050354
246.663900	0.052948
246.664000	0.057983
246.664100	0.055237
246.664200	0.052795
246.664300	0.051117
246.664400	0.047607
246.664500	0.041046
246.664600	0.039978
246.664700	0.041046
246.664800	0.037842
246.664900	0.034332
246.665000	0.034790
246.665100	0.034790
246.665200	0.022736
246.665300	0.016785
246.665400	0.015411
246.665500	0.005798
246.665600	0.008698
246.665700	0.010223
246.665800	0.010986
246.665900	0.011597
246.666000	0.009613
246.666100	0.013123
246.666200	0.013733
246.666300	0.022125
246.666400	0.017395
246.666500	0.023651
246.666600	0.026093
246.666700	0.028839
246.666800	0.033722
246.666900	0.032654
246.667000	0.031281
246.667100	0.026550
246.667200	0.029449
246.667300	0.029449
246.667400	0.029449
246.667500	0.027618
246.667600	0.034485
246.667700	0.028076
246.667800	0.027924
246.667900	0.025940
246.668000	0.030060
246.668100	0.027924
246.668200	0.023499
246.668300	0.019379
246.668400	0.021820
246.668500	0.019684
246.668600	0.020294
246.668700	0.018921
246.668800	0.023499
246.668900	0.025787
246.669000	0.023041
246.669100	0.028687
246.669200	0.030212
246.669300	0.027313
246.669400	0.024261
246.669500	0.021820
246.669600	0.017853
246.669700	0.021515
246.669800	0.022430
246.669900	0.015259
246.670000	0.014343
246.670100	0.012970
246.670200	0.013123
246.670300	0.023956
246.670400	0.026245
246.670500	0.025940
246.670600	0.026093
246.670700	0.017700
246.670800	0.018005
246.670900	0.015411
246.671000	0.017700
246.671100	0.013123
246.671200	0.015869
246.671300	0.021973
246.671400	0.030670
246.671500	0.027466
246.671600	0.031586
246.671700	0.034332
246.671800	0.031281
246.671900	0.029449
246.672000	0.030212
246.672100	0.025635
246.672200	0.019684
246.672300	0.020599
246.672400	0.018158
246.672500	0.010376
246.672600	0.017548
246.672700	0.019836
246.672800	0.023041
246.672900	0.028076
246.673000	0.025330
246.673100	0.025787
246.673200	0.022430
246.673300	0.029144
246.673400	0.019836
246.673500	0.017395
246.673600	0.019989
246.673700	0.016022
246.673800	0.017700
246.673900	0.014801
246.674000	0.009766
246.674100	0.014343
246.674200	0.021362
246.674300	0.017090
246.674400	0.019836
246.674500	0.019989
246.674600	0.023804
246.674700	0.025635
246.674800	0.019836
246.674900	0.017242
246.675000	0.018311
246.675100	0.017853
246.675200	0.020142
246.675300	0.020599
246.675400	0.021515
246.675500	0.021362
246.675600	0.017548
246.675700	0.025482
246.675800	0.027313
246.675900	0.030060
246.676000	0.031738
246.676100	0.032349
246.676200	0.026855
246.676300	0.024567
246.676400	0.022430
246.676500	0.041809
246.676600	0.087738
246.676700	0.205231
246.676800	0.421448
246.676900	0.697021
246.677000	0.924835
246.677100	1.032562
246.677200	0.985870
246.677300	0.732117
246.677400	0.300293
246.677500	-0.197144
246.677600	-0.662689
246.677700	-0.968018
246.677800	-1.094513
246.677900	-1.055908
246.678000	-0.888214
246.678100	-0.590363
246.678200	-0.316620
246.678300	-0.132294
246.678400	-0.037079
246.678500	0.007019
246.678600	0.034637
246.678700	0.041656
246.678800	0.040741
246.678900	0.048370
246.679000	0.040131
246.679100	0.044098
246.679200	0.044708
246.679300	0.043488
246.679400	0.038605
246.679500	0.038147
246.679600	0.048218
246.679700	0.064697
246.679800	0.096130
246.679900	0.143280
246.680000	0.163879
246.680100	0.167236
246.680200	0.148773
246.680300	0.108795
246.680400	0.059967
246.680500	-0.005798
246.680600	-0.061951
246.680700	-0.097351
246.680800	-0.099335
246.680900	-0.091400
246.681000	-0.051270
246.681100	-0.012054
246.681200	0.021820
246.681300	0.041504
246.681400	0.044708
246.681500	0.043182
246.681600	0.044098
