366.896900	0.030975
366.897000	0.032806
366.897100	0.034027
366.897200	0.026855
366.897300	0.023651
366.897400	0.026398
366.897500	0.023956
366.897600	0.017853
366.897700	0.021210
366.897800	0.016022
366.897900	0.011292
366.898000	0.010986
366.898100	0.006561
366.898200	0.007782
366.898300	-0.000305
366.898400	-0.002289
366.898500	-0.001221
366.898600	-0.004272
366.898700	-0.005188
366.898800	-0.009918
366.898900	-0.006104
366.899000	-0.011597
366.899100	-0.009918
366.899200	-0.017700
366.899300	-0.010376
366.899400	-0.012817
366.899500	-0.019531
366.899600	-0.007935
366.899700	-0.012360
366.899800	-0.004425
366.899900	-0.011749
366.900000	-0.009308
366.900100	-0.010223
366.900200	-0.012665
366.900300	-0.014343
366.900400	-0.012207
366.900500	-0.005646
366.900600	-0.013580
366.900700	-0.017700
366.900800	-0.010681
366.900900	-0.017700
366.901000	-0.013428
366.901100	-0.017548
366.901200	-0.012512
366.901300	-0.011292
366.901400	-0.010834
366.901500	-0.011444
366.901600	-0.012360
366.901700	-0.016479
366.901800	-0.016785
366.901900	-0.009766
366.902000	-0.011902
366.902100	-0.012360
366.902200	-0.011139
366.902300	-0.003357
366.902400	-0.003510
366.902500	-0.002289
366.902600	0.000000
366.902700	0.006104
366.902800	0.006714
366.902900	0.009918
366.903000	0.010376
366.903100	0.010071
366.903200	0.011444
366.903300	0.011597
366.903400	0.012970
366.903500	0.015869
366.903600	0.014038
366.903700	0.019836
366.903800	0.021667
366.903900	0.022125
366.904000	0.020752
366.904100	0.019836
366.904200	0.022888
366.904300	0.021362
366.904400	0.018005
366.904500	0.025330
366.904600	0.024567
366.904700	0.022125
366.904800	0.024567
366.904900	0.024414
366.905000	0.032349
366.905100	0.023499
366.905200	0.030060
366.905300	0.035858
366.905400	0.034637
366.905500	0.033722
366.905600	0.032654
366.905700	0.032196
366.905800	0.031738
366.905900	0.030365
366.906000	0.031128
366.906100	0.027924
366.906200	0.024414
366.906300	0.028687
366.906400	0.027618
366.906500	0.021820
366.906600	0.017090
366.906700	0.019073
366.906800	0.025024
366.906900	0.018768
366.907000	0.016022
366.907100	0.016937
366.907200	0.016174
366.907300	0.010834
366.907400	0.011139
366.907500	0.018616
366.907600	0.015259
366.907700	0.014038
366.907800	0.012970
366.907900	0.012207
366.908000	0.007935
366.908100	0.009613
366.908200	0.008087
366.908300	0.010834
366.908400	0.010376
366.908500	0.010223
366.908600	0.015411
366.908700	0.007324
366.908800	0.011749
366.908900	0.007782
366.909000	0.007019
366.909100	0.007629
366.909200	0.003967
366.909300	0.004272
366.909400	-0.000458
366.909500	0.001831
366.909600	0.006714
366.909700	0.005646
366.909800	0.006561
366.909900	0.002289
366.910000	-0.003357
366.910100	-0.002899
366.910200	0.000305
366.910300	0.001221
366.910400	-0.002289
366.910500	-0.001984
366.910600	-0.003662
366.910700	-0.001526
366.910800	-0.001068
366.910900	-0.001831
366.911000	-0.003662
366.911100	0.001221
366.911200	-0.000305
366.911300	-0.001526
366.911400	-0.004578
366.911500	-0.003052
366.911600	0.004883
366.911700	0.002136
366.911800	-0.003052
366.911900	0.003662
366.912000	-0.000458
366.912100	0.003967
366.912200	0.001221
366.912300	0.005188
366.912400	0.005188
366.912500	0.000305
366.912600	0.000000
366.912700	-0.001678
366.912800	-0.001984
366.912900	0.003662
366.913000	0.005188
366.913100	0.005951
366.913200	0.001526
366.913300	0.005188
366.913400	0.006714
366.913500	0.006409
366.913600	0.008545
366.913700	0.001831
366.913800	-0.001831
366.913900	-0.002441
366.914000	-0.002899
366.914100	-0.002136
366.914200	-0.001221
366.914300	0.002136
366.914400	0.004120
366.914500	0.006104
366.914600	0.000458
366.914700	0.005035
366.914800	0.005341
366.914900	0.001068
366.915000	-0.000305
366.915100	-0.003052
366.915200	0.001068
366.915300	-0.001831
366.915400	0.000916
366.915500	0.001831
366.915600	0.006866
366.915700	0.003510
366.915800	0.001984
366.915900	0.004883
366.916000	0.000153
366.916100	-0.004425
366.916200	-0.003510
366.916300	-0.000916
366.916400	0.004883
366.916500	0.004425
366.916600	-0.000305
366.916700	0.005493
366.916800	0.006714
366.916900	0.003052
366.917000	0.009766
366.917100	0.010681
366.917200	0.011292
366.917300	0.007935
366.917400	0.011292
366.917500	0.012512
366.917600	0.008850
366.917700	0.013885
366.917800	0.014038
366.917900	0.013275
366.918000	0.008087
366.918100	0.013428
366.918200	0.018616
366.918300	0.015717
366.918400	0.015717
366.918500	0.009308
366.918600	0.019073
366.918700	0.012665
366.918800	0.015869
366.918900	0.017242
366.919000	0.012817
366.919100	0.009766
366.919200	0.011139
366.919300	0.013428
366.919400	0.007324
366.919500	0.014343
366.919600	0.007172
366.919700	0.005646
366.919800	0.013580
366.919900	0.011902
366.920000	0.009613
366.920100	0.011292
366.920200	0.018311
366.920300	0.020752
366.920400	0.015717
366.920500	0.020447
366.920600	0.018158
366.920700	0.018463
366.920800	0.014954
366.920900	0.014496
366.921000	0.021667
366.921100	0.017700
366.921200	0.017700
366.921300	0.018005
366.921400	0.021820
366.921500	0.015869
366.921600	0.014496
366.921700	0.019836
366.921800	0.019684
366.921900	0.014343
366.922000	0.017090
366.922100	0.019989
366.922200	0.014648
366.922300	0.019531
366.922400	0.017090
366.922500	0.011139
366.922600	0.018463
366.922700	0.017548
366.922800	0.013275
366.922900	0.017090
366.923000	0.011597
366.923100	0.015717
366.923200	0.017090
366.923300	0.016174
366.923400	0.012512
366.923500	0.021362
366.923600	0.020752
366.923700	0.019989
366.923800	0.014801
366.923900	0.022125
366.924000	0.023499
366.924100	0.024872
366.924200	0.026703
366.924300	0.026398
366.924400	0.021515
366.924500	0.025024
366.924600	0.021667
366.924700	0.023193
366.924800	0.025635
366.924900	0.027313
366.925000	0.030060
366.925100	0.028687
366.925200	0.029297
366.925300	0.031128
366.925400	0.028076
366.925500	0.023804
366.925600	0.030670
366.925700	0.030212
366.925800	0.026550
366.925900	0.028839
366.926000	0.031891
366.926100	0.034180
366.926200	0.033569
366.926300	0.030823
366.926400	0.023346
366.926500	0.029144
366.926600	0.027008
366.926700	0.027161
366.926800	0.033417
366.926900	0.033417
366.927000	0.037537
366.927100	0.032959
366.927200	0.024261
366.927300	0.025635
366.927400	0.023499
366.927500	0.024567
366.927600	0.022736
366.927700	0.024109
366.927800	0.027618
366.927900	0.022888
366.928000	0.018921
366.928100	0.024719
366.928200	0.022888
366.928300	0.018616
366.928400	0.019684
366.928500	0.020447
366.928600	0.015717
366.928700	0.019226
366.928800	0.018921
366.928900	0.019531
366.929000	0.015411
366.929100	0.013123
366.929200	0.019379
366.929300	0.009918
366.929400	0.013428
366.929500	0.010529
366.929600	0.014038
366.929700	0.012817
366.929800	0.012817
366.929900	0.014343
366.930000	0.013428
366.930100	0.016174
366.930200	0.012817
366.930300	0.013428
366.930400	0.007782
366.930500	0.013123
366.930600	0.006561
366.930700	0.010071
366.930800	0.009766
366.930900	0.007172
366.931000	0.009155
366.931100	0.003662
366.931200	-0.002136
366.931300	0.002136
366.931400	0.003815
366.931500	0.000153
366.931600	-0.003357
366.931700	-0.003815
366.931800	0.000153
366.931900	0.003357
366.932000	-0.003662
366.932100	-0.004883
366.932200	-0.002899
366.932300	0.001373
366.932400	0.004883
366.932500	0.000610
366.932600	0.000763
366.932700	-0.000763
366.932800	-0.003510
366.932900	-0.001373
366.933000	0.000610
366.933100	0.000305
366.933200	-0.009308
366.933300	-0.005493
366.933400	-0.003967
366.933500	-0.003662
366.933600	-0.001526
366.933700	-0.006256
366.933800	-0.009308
366.933900	-0.007935
366.934000	-0.010223
366.934100	-0.013885
366.934200	-0.011292
366.934300	-0.004120
366.934400	-0.010071
366.934500	-0.014801
366.934600	-0.011597
366.934700	-0.012665
366.934800	-0.009003
366.934900	-0.010223
366.935000	-0.012360
366.935100	-0.005341
366.935200	-0.003815
366.935300	-0.006104
366.935400	-0.007629
366.935500	-0.010376
366.935600	-0.004425
366.935700	0.001831
366.935800	0.002289
366.935900	-0.001678
366.936000	-0.003204
366.936100	-0.001526
366.936200	-0.007629
366.936300	-0.004272
366.936400	-0.006866
366.936500	0.003357
366.936600	0.000305
366.936700	-0.003204
366.936800	-0.003815
366.936900	-0.002594
366.937000	-0.001068
366.937100	-0.003052
366.937200	0.004730
366.937300	0.001831
366.937400	0.005493
366.937500	0.007782
366.937600	0.004578
366.937700	0.009918
366.937800	0.007324
366.937900	0.003204
366.938000	0.005646
366.938100	0.011292
366.938200	0.005951
366.938300	0.005493
366.938400	0.003662
366.938500	0.007324
366.938600	0.008698
366.938700	0.002441
366.938800	0.004883
366.938900	0.006866
366.939000	0.003967
366.939100	0.001526
366.939200	0.003967
366.939300	0.006409
366.939400	0.010529
366.939500	0.009155
366.939600	0.009003
366.939700	0.013428
366.939800	0.013275
366.939900	0.008392
366.940000	0.010681
366.940100	0.011444
366.940200	0.011749
366.940300	0.012054
366.940400	0.011749
366.940500	0.008392
366.940600	0.010681
366.940700	0.011292
366.940800	0.008545
366.940900	0.007782
366.941000	0.007935
366.941100	0.010986
366.941200	0.008545
366.941300	0.012207
366.941400	0.018768
366.941500	0.021210
366.941600	0.017395
366.941700	0.014648
366.941800	0.014038
366.941900	0.014038
366.942000	0.018616
366.942100	0.014496
366.942200	0.012512
366.942300	0.016785
366.942400	0.022430
366.942500	0.019073
366.942600	0.019379
366.942700	0.021667
366.942800	0.017548
366.942900	0.017242
366.943000	0.015717
366.943100	0.014343
366.943200	0.013885
366.943300	0.016174
366.943400	0.010834
366.943500	0.013123
366.943600	0.014038
366.943700	0.019379
366.943800	0.014343
366.943900	0.016479
366.944000	0.017548
366.944100	0.010986
366.944200	0.014191
366.944300	0.020142
366.944400	0.026093
366.944500	0.022125
366.944600	0.023041
366.944700	0.025940
366.944800	0.017548
366.944900	0.026245
366.945000	0.016174
366.945100	0.019836
366.945200	0.020599
366.945300	0.020599
366.945400	0.019989
366.945500	0.020752
366.945600	0.016937
366.945700	0.018768
366.945800	0.019073
366.945900	0.017242
366.946000	0.010071
366.946100	0.012512
366.946200	0.017242
366.946300	0.021362
366.946400	0.016937
366.946500	0.013885
366.946600	0.014191
366.946700	0.011139
366.946800	0.011749
366.946900	0.012817
366.947000	0.022888
366.947100	0.017242
366.947200	0.021820
366.947300	0.021515
366.947400	0.031281
366.947500	0.029144
366.947600	0.027313
366.947700	0.024719
366.947800	0.022125
366.947900	0.016785
366.948000	0.018921
366.948100	0.026398
366.948200	0.026855
366.948300	0.028229
366.948400	0.032654
366.948500	0.037384
366.948600	0.029449
366.948700	0.035400
366.948800	0.040283
366.948900	0.043488
366.949000	0.051880
366.949100	0.053558
366.949200	0.060730
366.949300	0.066681
366.949400	0.075226
366.949500	0.092163
366.949600	0.095520
366.949700	0.103302
366.949800	0.111542
366.949900	0.126648
366.950000	0.140381
366.950100	0.155029
366.950200	0.161896
366.950300	0.176697
366.950400	0.193634
