240.176900	0.171814
240.177000	0.053253
240.177100	-0.065765
240.177200	-0.164795
240.177300	-0.246582
240.177400	-0.308075
240.177500	-0.359344
240.177600	-0.357666
240.177700	-0.274811
240.177800	-0.162811
240.177900	-0.065765
240.178000	-0.001984
240.178100	0.029907
240.178200	0.044403
240.178300	0.048523
240.178400	0.052948
240.178500	0.071564
240.178600	0.069427
240.178700	0.073395
240.178800	0.082855
240.178900	0.083466
240.179000	0.081177
240.179100	0.081177
240.179200	0.076599
240.179300	0.082397
240.179400	0.083618
240.179500	0.083466
240.179600	0.086517
240.179700	0.091248
240.179800	0.082703
240.179900	0.079498
240.180000	0.074768
240.180100	0.070190
240.180200	0.070496
240.180300	0.070648
240.180400	0.071869
240.180500	0.072479
240.180600	0.068207
240.180700	0.068054
240.180800	0.071106
240.180900	0.072021
240.181000	0.075531
240.181100	0.084229
240.181200	0.091553
240.181300	0.099945
240.181400	0.113678
240.181500	0.119019
240.181600	0.115662
240.181700	0.106812
240.181800	0.093384
240.181900	0.069580
240.182000	0.056305
240.182100	0.053253
240.182200	0.039978
240.182300	0.025482
240.182400	0.021362
240.182500	0.013733
240.182600	0.016022
240.182700	0.028229
240.182800	0.049744
240.182900	0.054626
240.183000	0.064240
240.183100	0.065765
240.183200	0.065460
240.183300	0.061646
240.183400	0.058289
240.183500	0.057373
240.183600	0.049438
240.183700	0.045471
240.183800	0.044250
240.183900	0.039825
240.184000	0.035553
240.184100	0.037842
240.184200	0.044708
240.184300	0.043335
240.184400	0.062103
240.184500	0.085144
240.184600	0.125580
240.184700	0.165863
240.184800	0.206909
240.184900	0.229340
240.185000	0.223846
240.185100	0.211029
240.185200	0.172882
240.185300	0.111237
240.185400	0.049591
240.185500	-0.008850
240.185600	-0.041199
240.185700	-0.055084
240.185800	-0.036774
240.185900	-0.001678
240.186000	0.027466
240.186100	0.067291
240.186200	0.098877
240.186300	0.103455
240.186400	0.105743
240.186500	0.115814
240.186600	0.104370
240.186700	0.075378
240.186800	0.033417
240.186900	0.001831
240.187000	-0.010223
240.187100	0.007629
240.187200	0.024109
240.187300	0.039520
240.187400	0.021057
240.187500	0.000458
240.187600	-0.023346
240.187700	-0.028076
240.187800	-0.031128
240.187900	-0.023499
240.188000	-0.018158
240.188100	0.009766
240.188200	0.053558
240.188300	0.107422
240.188400	0.131836
240.188500	0.144653
240.188600	0.143585
240.188700	0.133972
240.188800	0.102234
240.188900	0.067444
240.189000	0.038452
240.189100	0.007019
240.189200	-0.002594
240.189300	-0.009613
240.189400	-0.023193
240.189500	-0.037689
240.189600	-0.034027
240.189700	-0.019684
240.189800	0.003204
240.189900	0.017242
240.190000	0.036621
240.190100	0.040283
240.190200	0.048218
240.190300	0.057831
240.190400	0.067139
240.190500	0.059509
240.190600	0.063629
240.190700	0.071869
240.190800	0.061798
240.190900	0.066986
240.191000	0.065460
240.191100	0.061340
240.191200	0.062866
240.191300	0.068817
240.191400	0.065308
240.191500	0.066528
240.191600	0.066528
240.191700	0.063934
240.191800	0.062561
240.191900	0.061646
240.192000	0.060883
240.192100	0.060425
240.192200	0.060883
240.192300	0.072479
240.192400	0.062561
240.192500	0.066986
240.192600	0.067444
240.192700	0.065002
240.192800	0.063934
240.192900	0.061188
240.193000	0.064697
240.193100	0.064240
240.193200	0.062103
240.193300	0.068054
240.193400	0.076752
240.193500	0.086823
240.193600	0.112457
240.193700	0.209503
240.193800	0.410767
240.193900	0.727844
240.194000	1.073303
240.194100	1.253052
240.194200	1.272736
240.194300	1.218719
240.194400	1.000061
240.194500	0.572662
240.194600	0.125427
240.194700	-0.276184
240.194800	-0.544128
240.194900	-0.536499
240.195000	-0.277100
240.195100	0.095215
240.195200	0.522308
240.195300	1.063538
240.195400	1.320190
240.195500	1.175995
240.195600	0.902100
240.195700	0.597687
240.195800	0.078888
240.195900	-0.565186
240.196000	-1.050415
240.196100	-1.530151
240.196200	-1.795349
240.196300	-1.741486
240.196400	-1.582336
240.196500	-1.466522
240.196600	-1.247559
240.196700	-0.850372
240.196800	-0.443115
240.196900	-0.159607
240.197000	-0.007324
240.197100	0.059052
240.197200	0.081177
240.197300	0.082855
240.197400	0.094147
240.197500	0.100861
240.197600	0.101013
240.197700	0.101471
240.197800	0.103455
240.197900	0.099640
240.198000	0.095215
240.198100	0.099945
240.198200	0.085602
240.198300	0.076294
240.198400	0.068665
240.198500	0.066833
240.198600	0.067444
240.198700	0.059662
240.198800	0.064392
240.198900	0.066071
240.199000	0.067291
240.199100	0.061798
240.199200	0.061493
240.199300	0.059814
240.199400	0.058289
240.199500	0.064697
240.199600	0.065002
240.199700	0.070953
240.199800	0.066986
240.199900	0.063019
240.200000	0.063019
240.200100	0.067444
240.200200	0.065918
240.200300	0.068359
240.200400	0.069733
240.200500	0.080261
240.200600	0.084534
240.200700	0.092621
240.200800	0.100708
240.200900	0.107422
240.201000	0.106812
240.201100	0.092163
240.201200	0.076599
240.201300	0.064240
240.201400	0.049744
240.201500	0.029449
240.201600	0.019379
240.201700	0.021362
240.201800	0.035248
240.201900	0.072021
240.202000	0.184784
240.202100	0.411224
240.202200	0.791016
240.202300	1.177673
240.202400	1.331787
240.202500	1.380768
240.202600	1.350250
240.202700	0.972900
240.202800	0.327148
240.202900	-0.393066
240.203000	-0.968933
240.203100	-1.181183
240.203200	-1.294556
240.203300	-1.261902
240.203400	-1.194611
240.203500	-0.730896
240.203600	-0.363770
240.203700	-0.117035
240.203800	0.005035
240.203900	0.046997
240.204000	0.058136
240.204100	0.059814
240.204200	0.059662
240.204300	0.064087
240.204400	0.063019
240.204500	0.069275
240.204600	0.066986
240.204700	0.074005
240.204800	0.072174
240.204900	0.078125
240.205000	0.081940
240.205100	0.080719
240.205200	0.083618
240.205300	0.072632
240.205400	0.072632
240.205500	0.073395
240.205600	0.070801
240.205700	0.068817
240.205800	0.066986
240.205900	0.062714
240.206000	0.060730
240.206100	0.062714
240.206200	0.073242
240.206300	0.080719
240.206400	0.086212
240.206500	0.099335
240.206600	0.100708
240.206700	0.102539
240.206800	0.087891
240.206900	0.070496
240.207000	0.037537
240.207100	0.019073
240.207200	0.011597
240.207300	0.011597
240.207400	0.014496
240.207500	0.024109
240.207600	0.034332
240.207700	0.040283
240.207800	0.050354
240.207900	0.054169
240.208000	0.054626
240.208100	0.061951
240.208200	0.063019
240.208300	0.062256
240.208400	0.063019
240.208500	0.065918
240.208600	0.068665
240.208700	0.065002
240.208800	0.060577
240.208900	0.060883
240.209000	0.054474
240.209100	0.056152
240.209200	0.059052
240.209300	0.064392
240.209400	0.065765
240.209500	0.071411
240.209600	0.083008
240.209700	0.090942
240.209800	0.096436
240.209900	0.087433
240.210000	0.075836
240.210100	0.054474
240.210200	0.043945
240.210300	0.030518
240.210400	0.020599
240.210500	0.023193
240.210600	0.023804
240.210700	0.032959
240.210800	0.043945
240.210900	0.049896
240.211000	0.053406
240.211100	0.056763
240.211200	0.057831
240.211300	0.062561
240.211400	0.095215
240.211500	0.195923
240.211600	0.376587
240.211700	0.677795
240.211800	1.011658
240.211900	1.113434
240.212000	1.102448
240.212100	1.089020
240.212200	1.000519
240.212300	0.609131
240.212400	-0.050964
240.212500	-0.653992
240.212600	-0.946198
240.212700	-1.046143
240.212800	-1.077881
240.212900	-1.106567
240.213000	-1.023560
240.213100	-0.700684
240.213200	-0.362396
240.213300	-0.135345
240.213400	-0.000916
240.213500	0.058594
240.213600	0.070801
240.213700	0.074463
240.213800	0.069885
240.213900	0.070801
240.214000	0.072479
240.214100	0.069580
240.214200	0.063477
240.214300	0.100403
240.214400	0.209198
240.214500	0.440063
240.214600	0.847626
240.214700	1.298828
240.214800	1.504974
240.214900	1.588440
240.215000	1.594543
240.215100	1.207733
240.215200	0.435791
240.215300	-0.467224
240.215400	-1.152039
240.215500	-1.574554
240.215600	-1.584473
240.215700	-1.500397
240.215800	-1.242828
240.215900	-0.671387
240.216000	-0.128021
240.216100	0.210419
240.216200	0.354462
240.216300	0.280914
240.216400	0.072174
240.216500	-0.157471
240.216600	-0.281525
240.216700	-0.326385
240.216800	-0.333557
240.216900	-0.282898
240.217000	-0.169067
240.217100	-0.050812
240.217200	0.025635
240.217300	0.057068
240.217400	0.067444
240.217500	0.068970
240.217600	0.072327
240.217700	0.069885
240.217800	0.076141
240.217900	0.084839
240.218000	0.091400
240.218100	0.106659
240.218200	0.112457
240.218300	0.111389
240.218400	0.102234
240.218500	0.100403
240.218600	0.096283
240.218700	0.090332
240.218800	0.083466
240.218900	0.069427
240.219000	0.060577
240.219100	0.052032
240.219200	0.046082
240.219300	0.038757
240.219400	0.034180
240.219500	0.047302
240.219600	0.047607
240.219700	0.056763
240.219800	0.067291
240.219900	0.065308
240.220000	0.075989
240.220100	0.081177
240.220200	0.086823
240.220300	0.087280
240.220400	0.083923
240.220500	0.088959
240.220600	0.083466
240.220700	0.079498
240.220800	0.076447
240.220900	0.075378
240.221000	0.087280
240.221100	0.102081
240.221200	0.173645
240.221300	0.319366
240.221400	0.600281
240.221500	0.958252
240.221600	1.225891
240.221700	1.318054
240.221800	1.298676
240.221900	1.156921
240.222000	0.779724
240.222100	0.273285
240.222200	-0.267792
240.222300	-0.762787
240.222400	-1.136627
240.222500	-1.296844
240.222600	-1.260071
240.222700	-1.191406
240.222800	-0.918732
240.222900	-0.587311
240.223000	-0.289001
240.223100	-0.093536
240.223200	-0.002747
240.223300	0.035248
240.223400	0.043793
240.223500	0.057373
240.223600	0.064697
240.223700	0.072784
240.223800	0.072937
240.223900	0.072479
240.224000	0.079041
240.224100	0.076904
240.224200	0.075531
240.224300	0.070648
240.224400	0.071869
240.224500	0.082397
240.224600	0.083466
240.224700	0.084534
240.224800	0.081787
240.224900	0.084381
240.225000	0.086365
240.225100	0.088806
240.225200	0.084839
240.225300	0.095978
240.225400	0.102081
240.225500	0.107422
240.225600	0.109558
240.225700	0.114441
240.225800	0.112762
240.225900	0.099640
240.226000	0.079956
240.226100	0.069122
240.226200	0.046539
240.226300	0.032654
240.226400	0.016785
240.226500	0.020752
240.226600	0.026245
240.226700	0.062408
240.226800	0.113220
240.226900	0.158997
240.227000	0.175018
240.227100	0.185547
240.227200	0.153046
240.227300	0.078430
240.227400	-0.010223
240.227500	-0.080566
240.227600	-0.117798
240.227700	-0.115814
240.227800	-0.097504
240.227900	-0.051880
240.228000	-0.007172
240.228100	0.032043
240.228200	0.043335
240.228300	0.051880
240.228400	0.058594
240.228500	0.061188
240.228600	0.055542
240.228700	0.054932
240.228800	0.058289
240.228900	0.053558
240.229000	0.053864
240.229100	0.056915
240.229200	0.057068
240.229300	0.063934
240.229400	0.066681
240.229500	0.070801
240.229600	0.063019
240.229700	0.062103
240.229800	0.073242
240.229900	0.076447
240.230000	0.069885
240.230100	0.078735
240.230200	0.071411
240.230300	0.077209
240.230400	0.070801
